$SPEC_ID:
Cs137
$SPEC_REM:
DET# 2
DETDESC# DETECTOR 2
AP# Maestro Version 7.01
$DATE_MEA:
09/01/2017 15:57:11
$MEAS_TIM:
416881 416925
$DATA:
0 8191
       0
       0
       0
       0
       0
       0
       0
       0
       0
       0
       0
       0
       0
       0
       0
       0
       0
       0
       0
       0
       0
       0
      12
   12633
   98552
  115710
   35201
   25972
   21351
   17774
   15314
   14522
   14465
   15010
   13901
   11578
    8676
    7048
    6368
    6587
    8004
    9903
   10497
    9078
    6585
    5117
    4431
    4392
    4793
    5268
    5173
    4865
    4526
    4013
    3837
    3670
    3570
    3673
    3656
    3666
    3724
    3792
    3841
    3814
    3816
    3950
    3935
    3984
    3818
    3802
    3732
    3930
    3944
    3955
    4028
    4020
    4285
    4431
    4468
    4288
    4545
    4530
    4443
    4463
    4428
    4363
    4368
    4221
    4150
    4059
    3973
    3761
    3671
    3540
    3449
    3363
    3294
    3088
    3093
    2905
    2903
    2744
    2559
    2639
    2385
    2374
    2264
    2214
    2153
    2082
    1952
    1896
    1834
    1765
    1629
    1644
    1541
    1569
    1662
    2058
    2205
    2144
    1749
    1440
    1172
    1113
     994
     979
     962
     887
     862
     763
     791
     834
     882
     857
     990
    1211
    1427
    1445
    1200
    1019
     938
     872
     855
     878
     889
     836
     908
     992
     940
     932
     997
    1037
    1135
    1164
    1100
    1048
    1010
    1007
    1064
    1323
    2142
    3318
    3733
    2956
    1879
    1187
     982
     961
    1024
    1077
    1067
    1045
    1010
    1048
    1074
    1054
    1152
    1147
    1188
    1083
    1157
    1183
    1227
    1319
    1618
    2266
    2757
    2628
    1975
    1831
    2558
    3714
    4176
    3389
    2082
    1362
    1265
    1258
    1171
    1128
     990
     957
     987
     996
    1040
    1039
    1067
    1030
    1014
    1032
    1009
    1052
    1023
    1133
    1416
    1702
    2154
    2514
    2200
    1504
    1135
     986
    1070
    1207
    1322
    1101
     915
     823
     762
     749
     790
     887
     824
     813
     964
    1758
    2974
    4010
    3875
    2912
    1741
    1095
     812
     786
     717
     694
     664
     686
     638
     691
     684
     733
     803
     726
     731
     688
     648
     645
     647
     661
     674
     599
     690
     668
     678
     664
     669
     634
     694
     702
     735
     726
     743
     674
     715
     632
     682
     670
     678
     724
     750
     756
     774
     695
     700
     703
     714
     693
     728
     772
     802
     699
     700
     615
     603
     630
     627
     630
     629
     597
     609
     566
     622
     611
     594
     579
     652
     558
     610
     633
     616
     627
     605
     651
     584
     586
     602
     606
     607
     638
     606
     577
     594
     604
     579
     563
     579
     611
     553
     581
     622
     599
     542
     582
     587
     614
     602
     556
     624
     600
     595
     579
     592
     574
     629
     560
     582
     577
     574
     656
     619
     569
     596
     566
     599
     609
     581
     658
     734
     789
     774
     705
     581
     592
     601
     572
     603
     666
     780
     866
     856
     764
     638
     574
     580
     586
     573
     619
     568
     549
     567
     581
     532
     568
     551
     597
     560
     573
     517
     616
     541
     531
     542
     607
     530
     560
     547
     536
     564
     569
     527
     557
     510
     552
     535
     533
     552
     580
     532
     580
     576
     568
     557
     577
     546
     524
     567
     607
     671
     694
     701
     615
     592
     541
     522
     537
     556
     521
     518
     547
     509
     579
     510
     556
     532
     514
     514
     551
     555
     527
     537
     515
     482
     542
     580
     533
     559
     542
     545
     554
     566
     547
     494
     575
     551
     535
     545
     541
     527
     535
     562
     539
     525
     546
     542
     530
     511
     538
     524
     552
     482
     535
     535
     594
     697
     976
    1376
    1861
    1694
    1307
     912
     687
     575
     504
     530
     482
     503
     545
     529
     537
     516
     534
     501
     506
     509
     468
     529
     524
     539
     505
     525
     503
     533
     506
     515
     551
     509
     625
     657
     683
     712
     642
     631
     534
     550
     469
     505
     515
     533
     527
     513
     483
     500
     497
     505
     521
     559
     590
     587
     575
     552
     508
     478
     457
     455
     492
     491
     496
     518
     492
     496
     501
     500
     491
     446
     466
     465
     477
     495
     472
     488
     432
     479
     458
     447
     479
     450
     455
     459
     463
     509
     441
     477
     469
     440
     458
     469
     457
     487
     472
     430
     448
     484
     460
     460
     447
     475
     446
     463
     480
     474
     447
     448
     426
     477
     448
     480
     436
     488
     457
     444
     427
     464
     429
     423
     468
     452
     461
     432
     408
     447
     393
     452
     465
     443
     421
     440
     485
     447
     463
     484
     533
     663
     798
     819
     739
     565
     479
     456
     445
     474
     504
     512
     456
     435
     485
     431
     420
     401
     418
     426
     447
     475
     420
     428
     420
     432
     405
     413
     385
     477
     438
     421
     407
     405
     389
     433
     390
     389
     406
     391
     435
     429
     416
     414
     398
     416
     421
     385
     405
     423
     415
     425
     434
     437
     418
     419
     408
     392
     392
     372
     391
     384
     407
     372
     378
     414
     421
     398
     397
     399
     384
     401
     354
     434
     409
     396
     374
     353
     391
     366
     401
     422
     392
     425
     431
     409
     383
     404
     378
     388
     399
     397
     406
     368
     397
     402
     376
     416
     343
     370
     415
     431
     363
     380
     382
     413
     373
     374
     395
     387
     388
     394
     376
     383
     373
     363
     351
     375
     371
     372
     389
     394
     408
     367
     376
     362
     380
     392
     381
     379
     386
     387
     337
     380
     353
     347
     326
     352
     362
     375
     361
     391
     389
     366
     362
     344
     422
     441
     473
     446
     438
     355
     428
     384
     367
     386
     376
     381
     368
     378
     363
     398
     405
     387
     354
     356
     353
     334
     375
     347
     363
     372
     342
     372
     374
     353
     360
     330
     373
     337
     355
     379
     317
     379
     348
     331
     339
     336
     323
     364
     379
     345
     347
     333
     358
     339
     332
     338
     331
     348
     369
     383
     357
     357
     333
     359
     332
     340
     344
     351
     370
     371
     343
     301
     375
     370
     353
     366
     325
     313
     351
     345
     327
     384
     336
     350
     356
     345
     380
     335
     342
     349
     356
     334
     363
     353
     327
     376
     334
     351
     389
     347
     306
     325
     334
     350
     339
     320
     334
     298
     317
     313
     341
     301
     330
     347
     372
     346
     369
     392
     359
     385
     340
     337
     336
     308
     327
     340
     338
     343
     326
     340
     307
     313
     306
     265
     336
     284
     337
     295
     326
     345
     308
     317
     315
     360
     301
     288
     302
     328
     349
     404
     404
     472
     480
     515
     469
     369
     315
     311
     277
     288
     329
     284
     279
     308
     268
     291
     304
     295
     290
     306
     298
     322
     293
     289
     307
     286
     271
     278
     276
     290
     319
     268
     323
     305
     291
     317
     313
     301
     290
     269
     265
     300
     306
     310
     311
     308
     275
     297
     288
     274
     282
     279
     285
     295
     314
     289
     252
     268
     293
     291
     276
     277
     298
     280
     283
     271
     260
     289
     265
     293
     263
     293
     275
     257
     290
     272
     279
     270
     263
     308
     284
     269
     251
     305
     267
     317
     305
     299
     276
     276
     271
     304
     253
     302
     277
     276
     292
     270
     258
     267
     269
     276
     274
     267
     253
     288
     291
     264
     243
     258
     243
     263
     288
     264
     253
     242
     271
     242
     247
     268
     248
     267
     282
     246
     269
     299
     256
     276
     276
     263
     253
     248
     234
     284
     261
     267
     254
     266
     279
     258
     255
     270
     246
     258
     290
     260
     301
     264
     240
     277
     257
     247
     262
     262
     261
     242
     267
     280
     243
     275
     241
     266
     281
     245
     258
     261
     243
     281
     273
     270
     233
     240
     261
     256
     242
     262
     277
     234
     241
     241
     226
     256
     256
     217
     243
     252
     217
     232
     259
     245
     262
     241
     243
     222
     242
     247
     235
     233
     228
     239
     207
     239
     253
     242
     251
     230
     242
     224
     230
     247
     226
     243
     259
     245
     219
     251
     246
     238
     238
     259
     228
     239
     227
     228
     216
     271
     248
     224
     206
     212
     245
     232
     259
     242
     217
     242
     222
     210
     247
     257
     242
     228
     250
     235
     243
     243
     233
     241
     224
     240
     228
     225
     227
     252
     223
     239
     229
     243
     241
     238
     231
     256
     245
     248
     257
     206
     245
     202
     215
     246
     232
     208
     230
     238
     245
     208
     226
     217
     243
     240
     212
     212
     204
     225
     239
     245
     225
     252
     258
     246
     245
     230
     239
     209
     257
     227
     203
     235
     236
     215
     202
     211
     237
     225
     251
     217
     214
     227
     211
     216
     242
     245
     239
     218
     226
     225
     208
     225
     253
     209
     255
     248
     193
     211
     232
     214
     225
     235
     220
     189
     209
     218
     237
     227
     213
     214
     228
     215
     205
     240
     243
     236
     206
     196
     218
     207
     228
     201
     221
     211
     179
     223
     214
     214
     201
     222
     228
     204
     218
     211
     230
     192
     224
     209
     221
     213
     231
     215
     178
     230
     208
     214
     219
     207
     233
     210
     202
     210
     197
     234
     211
     229
     249
     209
     227
     227
     211
     203
     217
     187
     191
     213
     229
     190
     220
     189
     192
     207
     209
     227
     249
     248
     287
     326
     401
     390
     515
     644
     860
    1020
    1122
    1248
    1209
    1152
     998
     806
     647
     462
     395
     304
     262
     225
     241
     217
     238
     238
     183
     221
     188
     210
     203
     193
     191
     188
     184
     182
     200
     188
     196
     194
     164
     191
     226
     181
     204
     170
     187
     167
     209
     207
     190
     201
     171
     173
     181
     195
     184
     205
     174
     189
     204
     181
     169
     184
     165
     199
     187
     161
     160
     183
     176
     184
     196
     172
     183
     209
     160
     184
     177
     196
     189
     207
     196
     182
     156
     196
     199
     168
     186
     164
     201
     164
     199
     182
     180
     200
     175
     176
     195
     207
     161
     210
     175
     191
     183
     182
     187
     168
     170
     155
     178
     178
     198
     195
     169
     194
     191
     208
     176
     167
     212
     184
     163
     209
     196
     170
     192
     166
     187
     171
     188
     183
     196
     189
     177
     164
     181
     181
     201
     159
     167
     166
     190
     186
     206
     170
     169
     196
     202
     182
     181
     182
     200
     199
     163
     177
     166
     194
     189
     199
     236
     223
     219
     230
     215
     207
     198
     188
     191
     207
     188
     198
     200
     181
     181
     209
     205
     175
     189
     196
     200
     180
     191
     182
     183
     176
     188
     207
     194
     197
     189
     172
     193
     179
     235
     258
     284
     265
     264
     248
     231
     220
     203
     183
     187
     168
     201
     158
     203
     173
     166
     200
     177
     181
     134
     165
     157
     167
     173
     159
     191
     157
     155
     155
     155
     176
     205
     190
     210
     227
     255
     224
     277
     224
     253
     220
     199
     221
     189
     216
     212
     214
     238
     225
     203
     197
     188
     212
     214
     221
     234
     230
     221
     213
     214
     214
     210
     211
     229
     238
     256
     293
     311
     333
     357
     302
     315
     267
     244
     220
     231
     201
     206
     197
     187
     197
     181
     219
     186
     190
     170
     208
     182
     192
     176
     172
     176
     189
     184
     176
     186
     158
     153
     170
     188
     138
     167
     173
     168
     166
     181
     162
     197
     179
     184
     181
     187
     174
     168
     164
     179
     180
     166
     167
     170
     161
     168
     170
     174
     164
     166
     142
     175
     184
     151
     158
     144
     143
     191
     169
     169
     160
     171
     174
     177
     178
     168
     162
     150
     180
     154
     174
     149
     167
     164
     165
     151
     168
     175
     194
     159
     140
     176
     163
     153
     163
     154
     170
     154
     164
     138
     128
     149
     144
     182
     145
     158
     166
     167
     173
     142
     139
     154
     158
     148
     150
     171
     158
     169
     143
     163
     146
     158
     157
     114
     143
     141
     162
     134
     164
     155
     159
     155
     172
     148
     199
     174
     176
     157
     187
     181
     173
     158
     162
     146
     145
     141
     167
     153
     143
     158
     160
     165
     140
     148
     151
     164
     134
     150
     149
     147
     158
     118
     130
     148
     162
     152
     159
     167
     155
     144
     156
     137
     128
     163
     144
     159
     140
     155
     140
     158
     159
     170
     131
     148
     142
     165
     135
     158
     166
     153
     134
     141
     152
     148
     160
     128
     151
     152
     150
     135
     130
     142
     152
     143
     150
     139
     143
     138
     168
     170
     161
     137
     145
     174
     162
     160
     188
     200
     190
     190
     201
     201
     194
     183
     179
     189
     191
     204
     190
     195
     179
     192
     181
     183
     193
     170
     177
     179
     161
     136
     162
     165
     178
     171
     165
     174
     175
     176
     157
     145
     169
     151
     182
     149
     161
     179
     146
     155
     164
     161
     165
     157
     149
     153
     171
     151
     163
     144
     149
     156
     156
     148
     160
     156
     135
     147
     146
     151
     128
     139
     134
     172
     152
     164
     134
     135
     152
     145
     172
     150
     142
     167
     125
     144
     136
     145
     151
     134
     147
     145
     143
     137
     168
     124
     133
     138
     165
     144
     144
     152
     149
     166
     168
     132
     135
     157
     120
     117
     152
     134
     115
     122
     141
     123
     137
     127
     110
     131
     126
     132
     128
     142
     123
     129
     150
     118
     122
     135
     151
     139
     130
     127
     144
     155
     135
     148
     145
     148
     154
     132
     140
     135
     150
     143
     139
     128
     124
     146
     140
     153
     138
     126
     149
     127
     136
     112
     139
     139
     146
     136
     139
     136
     143
     112
     137
     132
     130
     121
     136
     137
     135
     135
     143
     140
     137
     124
     135
     127
     127
     121
     125
     128
     114
     116
     131
     125
     127
     132
     151
     122
     129
     129
     162
     126
     144
     136
     135
     148
     171
     136
     156
     140
     153
     143
     143
     152
     126
     148
     128
     133
     121
     148
     130
      96
     119
     146
     132
     111
     139
     112
     102
     120
     132
     124
     153
     139
     126
     128
     123
     119
     136
     112
     104
     106
     134
     126
     122
     114
     126
     139
     114
     116
     113
     144
     121
     146
     129
     139
     143
     132
     119
     134
     120
     144
     135
      92
     128
     142
     118
     132
     105
     123
     131
     127
     124
     138
     144
     137
     128
     144
     135
     142
     116
     122
     118
     144
     121
     125
     100
     110
     119
     109
     108
     114
     117
     145
     137
     142
     140
     145
     175
     173
     167
     167
     155
     141
     137
     109
     150
     136
     111
     114
     119
     118
     122
     129
     156
     122
     129
     121
     128
     121
     113
     116
     118
     124
      97
     111
     123
     111
     119
      92
     108
     112
     119
     137
     127
     107
     135
     133
     110
     141
     141
     130
     105
     130
     115
     109
     119
     129
     100
     116
     107
     112
     117
     105
     102
     127
     127
     114
     112
     109
     117
     123
     104
     133
     138
     117
     125
     128
     123
     126
     118
     110
     138
     137
     123
     130
     127
     119
      92
     114
     130
     138
     117
     136
     138
     118
     144
     132
     124
     111
     131
     134
     129
     151
     128
     127
     136
     140
     118
     148
     121
     126
     135
     156
     131
     137
     141
     126
     136
     141
     145
     127
     158
     173
     153
     141
     153
     126
     150
     125
     129
     121
     136
     114
     122
     108
     110
     120
     129
     127
     106
     112
     122
     125
     114
     125
     102
     127
     128
     125
     114
     122
     130
     113
     117
     116
     121
     132
     116
     114
     115
     102
     117
     112
     116
     124
     113
     112
     109
     117
     109
     109
      91
     116
     129
     115
     140
     139
     119
     110
      96
     115
     116
     134
     100
     131
     103
     101
     120
     108
     110
     111
     108
     107
     102
     100
     112
      93
     111
     104
      98
     106
     115
     114
     105
     121
     109
     111
     115
     117
     114
      95
     124
     136
     129
     108
     110
     111
     115
     121
     112
      99
     118
     113
     115
     107
     116
     118
     100
      92
     108
     118
     111
      89
     112
      99
      93
     103
      91
      99
     106
     111
      98
     110
     103
      88
     111
     107
     115
     121
      96
     112
     130
     112
     131
     144
     105
     125
     117
     127
     120
     115
      99
     115
     107
     106
      85
     104
     112
      85
     111
      88
     125
     100
      93
     108
     104
     103
     105
     107
      99
     122
      99
     124
     146
     125
     114
     142
     141
     159
     127
     139
     124
     108
     102
      92
     107
     113
      97
     111
      99
      93
      85
      95
      91
     106
     115
     106
      94
      81
      99
     102
     108
      95
     101
      97
      97
     103
     107
     102
      97
     103
     107
      93
      94
     133
      94
      95
      97
     102
     107
      91
     108
      92
     106
      98
      96
     113
      85
     100
      83
     101
     100
     101
     109
      97
      99
     106
     113
     114
      96
      88
     109
      98
      83
     105
      95
      99
     106
     100
     111
      82
     100
     103
     109
     102
      96
      99
      97
     103
      90
      94
      99
     111
      93
      75
     100
     106
      95
      95
     113
     101
      79
     101
     102
     108
      98
     107
     101
     101
      92
      87
     109
      81
     110
      87
     100
     101
     113
      96
      85
     102
     100
     101
      98
      90
      91
      96
      73
      91
      96
      93
     100
      89
     100
      98
      86
     100
     112
      96
     102
      96
      96
      96
     105
      96
     108
     126
     104
      96
     112
     100
     110
     118
     101
     125
     113
     115
      99
     108
      99
     116
      90
     107
     100
      82
      89
      91
      95
      86
      89
      86
      92
      92
      93
      96
      75
      81
      88
      81
     114
      91
      94
      85
     105
      94
      79
     100
     116
     105
      88
      82
      84
      89
     106
      82
      70
      82
     102
      81
      90
      78
      86
      81
     100
      87
      89
      88
      96
      92
      87
      86
      87
      96
      79
      86
     107
      79
      80
     105
      99
      76
      90
      86
     107
      97
      79
      88
      80
      99
      93
      99
     103
      93
     111
      97
     127
     125
     136
     122
     131
     130
     114
     109
     103
     101
      91
     112
      90
      89
     100
      91
      80
     110
      88
      89
      85
     101
      92
      87
      77
     101
      81
      95
      86
      74
      83
      73
      96
      90
      71
      84
      92
     100
      87
      95
      91
     101
      95
      90
      90
      83
      93
      86
      86
     106
      83
      88
      95
      83
      79
      97
      93
      67
      88
      85
      89
      83
      91
      85
      80
      92
      87
      95
      90
      78
      78
      93
      71
      85
      91
      88
      75
      96
      91
      92
      85
      82
      90
      86
     113
      95
      92
      79
      87
      64
      81
      98
      77
      86
      83
      88
      99
      83
      87
      69
      74
      82
      94
      96
      80
      70
      93
      97
      73
      87
      86
      97
     107
      78
      82
      68
      70
      89
      97
      76
      69
      87
      99
      91
      82
      87
      91
      86
     103
      98
      78
      88
      86
      92
      77
      96
      91
      64
      93
     102
      79
      93
      77
     105
      92
      90
      93
      87
      85
      73
      86
      90
      94
      98
      92
     100
      74
      99
      84
      88
     104
      82
      97
      96
      85
      78
      88
      99
      90
      83
      85
      69
      78
      89
      65
      71
      85
      73
      81
      77
      81
      77
      86
      73
      74
      79
      82
      81
      97
      66
      85
      72
      89
      74
      80
      93
      78
      78
      80
      83
      89
      80
      97
      81
      78
      73
      85
      71
      83
      82
      70
      77
      98
      98
      83
      80
      79
      69
      83
      79
      65
      85
      90
      79
      68
      92
      64
      78
      80
      59
     104
      71
      81
      68
      71
      73
      75
      78
      70
      68
      83
      81
      69
      91
      91
      77
      91
      85
      92
      83
      85
      65
      71
      77
      89
      88
      68
      91
      82
      78
      75
      62
      80
      85
      80
      74
      74
      70
      71
      63
      68
      79
      72
      71
      75
      79
      77
      86
      75
      79
      83
      76
      87
      77
      83
      68
      88
      66
      70
      73
      64
      72
      73
      81
      69
      69
      69
      64
      67
      83
      74
      91
      75
      96
      84
     100
      82
     106
     115
     100
      94
      99
      96
      91
      92
      88
     104
      80
      92
      88
      77
      87
      63
      62
      60
      71
      89
      73
      90
      56
      63
      73
      81
      76
      68
      66
      76
      77
      71
      71
      53
      77
      73
      69
      83
      75
      79
      75
      68
      77
      65
      89
      70
      80
      84
      71
      64
      76
      91
      61
      61
      69
      85
      67
      77
      65
      96
      77
      80
      82
      59
      63
      72
      57
      79
      74
      74
      64
      62
      53
      87
      71
      80
      81
      74
      56
      77
      73
      70
      74
      82
      72
      65
      63
     101
      68
      67
      82
      92
      64
      58
      72
      89
      84
      78
      81
      68
      73
      54
      70
      78
      68
      72
      66
      72
      55
      79
      61
      67
      56
      69
      70
      82
      63
      72
      72
      91
      80
      80
      88
      70
      59
      63
      56
      79
      73
      53
      64
      82
      55
      61
      65
      59
      72
      61
      70
      71
      69
      69
      66
      63
      54
      70
      70
      82
      66
      54
      68
      70
      58
      63
      69
      52
      55
      61
      64
      65
      68
      61
      61
      70
      68
      65
      65
      74
      72
      71
      69
      62
      79
      84
      75
      72
      66
      72
      77
      68
      81
      75
      71
      73
      85
      74
      71
      71
      75
      69
      68
      65
     100
      74
      71
      56
      62
      75
      67
      54
      60
      65
      61
      56
      75
      69
      68
      75
      60
      58
      78
      63
      59
      73
      83
      81
      75
      69
      66
      95
      83
      67
      85
      77
      79
      69
      72
      59
      66
      59
      72
      66
      68
      74
      73
      54
      81
      75
      67
      65
      72
      71
      61
      78
      70
      68
      66
      79
      72
      81
      77
      71
      72
      69
      81
      70
      50
      77
      94
      60
      63
      62
      60
      78
      91
      60
      65
      80
      62
      56
      65
      55
      68
      67
      77
      60
      61
      84
      65
      60
      85
      78
      74
      81
      76
      69
      79
      66
      62
      55
      69
      52
      68
      62
      72
      64
      59
      70
      66
      67
      88
      83
      60
      75
      84
      86
      72
      62
      80
      61
      61
      93
      69
      83
      75
      53
      73
      67
      74
      61
      79
      63
      74
      53
      52
      71
      66
      67
      69
      62
      69
      66
      68
      64
      74
      59
      58
      63
      64
      72
      55
      61
      58
      65
      65
      57
      59
      62
      73
      58
      51
      77
      64
      59
      63
      64
      70
      62
      70
      58
      64
      59
      59
      73
      57
      45
      62
      65
      64
      60
      67
      62
      58
      62
      56
      65
      60
      59
      86
      58
      44
      62
      61
      66
      67
      58
      75
      70
      57
      75
      58
      64
      59
      63
      62
      51
      76
      69
      53
      79
      51
      77
      78
      62
      58
      60
      67
      56
      68
      56
      72
      51
      53
      57
      72
      55
      49
      72
      60
      61
      66
      74
      61
      50
      66
      66
      47
      66
      48
      57
      59
      62
      53
      50
      51
      57
      78
      56
      60
      59
      60
      52
      63
      49
      64
      58
      64
      65
      47
      64
      63
      74
      75
      56
      62
      59
      58
      64
      52
      61
      70
      65
      65
      63
      64
      64
      74
      57
      46
      55
      51
      43
      58
      48
      62
      60
      48
      55
      43
      48
      49
      56
      55
      49
      44
      47
      65
      49
      58
      52
      53
      59
      56
      53
      55
      61
      58
      61
      55
      54
      49
      64
      40
      58
      64
      66
      57
      39
      55
      61
      56
      71
      58
      60
      43
      62
      59
      49
      53
      59
      59
      56
      57
      57
      56
      50
      57
      52
      56
      54
      51
      49
      39
      52
      42
      49
      57
      65
      57
      57
      53
      72
      43
      50
      51
      46
      52
      45
      62
      46
      32
      62
      40
      41
      54
      50
      51
      64
      45
      54
      67
      49
      65
      58
      54
      58
      53
      50
      45
      50
      43
      48
      45
      55
      68
      47
      64
      49
      52
      62
      58
      47
      61
      55
      40
      43
      43
      62
      51
      58
      52
      55
      58
      51
      50
      44
      59
      48
      56
      50
      54
      53
      41
      60
      49
      59
      41
      66
      65
      37
      57
      44
      51
      57
      49
      48
      56
      41
      50
      64
      50
      61
      50
      47
      44
      56
      39
      58
      54
      44
      56
      50
      39
      49
      40
      42
      50
      70
      47
      47
      44
      44
      44
      44
      62
      44
      43
      42
      43
      44
      48
      47
      50
      58
      49
      57
      43
      42
      65
      51
      55
      50
      52
      39
      69
      50
      53
      56
      42
      40
      64
      50
      49
      45
      44
      43
      52
      48
      52
      54
      51
      46
      46
      44
      49
      47
      42
      58
      41
      47
      58
      44
      55
      50
      60
      40
      51
      48
      45
      49
      49
      33
      46
      53
      58
      46
      52
      43
      43
      41
      52
      37
      58
      47
      44
      37
      39
      42
      50
      47
      50
      43
      50
      37
      48
      48
      45
      46
      52
      39
      41
      49
      51
      42
      45
      43
      48
      51
      58
      49
      40
      48
      62
      55
      61
      35
      47
      54
      42
      40
      49
      47
      45
      50
      53
      34
      48
      44
      50
      29
      50
      48
      46
      52
      56
      52
      36
      39
      36
      39
      42
      44
      36
      58
      43
      43
      50
      44
      48
      42
      42
      36
      44
      48
      40
      39
      44
      46
      47
      47
      29
      48
      46
      36
      52
      52
      46
      48
      42
      47
      52
      49
      47
      57
      44
      37
      51
      52
      35
      51
      53
      37
      43
      51
      40
      41
      40
      42
      42
      39
      55
      51
      46
      50
      38
      45
      49
      55
      34
      37
      45
      46
      45
      40
      50
      43
      42
      43
      37
      45
      52
      49
      42
      47
      47
      52
      40
      34
      54
      50
      39
      40
      34
      38
      50
      63
      43
      52
      43
      49
      45
      52
      40
      36
      52
      47
      46
      41
      55
      69
      66
      68
      86
      83
     100
     103
     109
     121
     123
     148
     142
     122
     125
      98
     120
      92
      94
      83
      56
      53
      66
      48
      42
      41
      43
      52
      44
      51
      44
      48
      41
      45
      44
      38
      45
      45
      47
      41
      43
      37
      48
      47
      38
      31
      35
      42
      41
      31
      39
      52
      41
      50
      53
      34
      38
      32
      47
      43
      39
      23
      38
      42
      50
      43
      29
      48
      36
      28
      42
      46
      41
      46
      38
      40
      39
      52
      36
      35
      28
      34
      45
      46
      50
      56
      55
      44
      45
      46
      50
      41
      32
      39
      55
      42
      43
      42
      42
      42
      42
      49
      47
      30
      50
      43
      46
      50
      32
      39
      33
      37
      31
      39
      31
      32
      42
      28
      48
      42
      32
      44
      29
      38
      40
      43
      52
      34
      37
      36
      47
      37
      41
      45
      41
      42
      43
      44
      39
      27
      37
      35
      34
      41
      42
      49
      32
      33
      39
      43
      32
      38
      45
      42
      43
      43
      34
      30
      32
      38
      38
      29
      45
      44
      36
      52
      35
      35
      36
      36
      46
      54
      41
      30
      26
      36
      33
      43
      39
      37
      42
      28
      39
      41
      33
      32
      40
      42
      39
      49
      38
      37
      58
      36
      47
      38
      37
      38
      44
      35
      44
      42
      53
      45
      33
      35
      38
      33
      35
      39
      46
      36
      28
      41
      31
      43
      35
      36
      41
      47
      46
      32
      37
      38
      29
      42
      38
      34
      46
      33
      48
      37
      35
      42
      35
      40
      46
      25
      34
      39
      32
      37
      34
      32
      38
      41
      36
      49
      30
      41
      35
      31
      40
      41
      43
      28
      36
      24
      37
      31
      29
      32
      42
      41
      28
      41
      36
      27
      38
      34
      37
      45
      32
      35
      32
      33
      42
      43
      30
      36
      33
      37
      36
      29
      38
      32
      39
      41
      29
      28
      39
      29
      32
      40
      45
      41
      31
      43
      36
      41
      41
      38
      40
      33
      48
      45
      36
      22
      32
      26
      22
      40
      40
      31
      46
      31
      36
      32
      32
      41
      38
      29
      37
      34
      33
      40
      36
      35
      33
      37
      38
      44
      32
      41
      45
      28
      30
      40
      36
      37
      34
      41
      36
      48
      32
      38
      47
      31
      40
      41
      42
      40
      46
      39
      36
      40
      40
      36
      35
      37
      30
      35
      33
      39
      37
      37
      30
      35
      31
      35
      42
      30
      40
      39
      38
      34
      26
      39
      36
      33
      34
      32
      34
      31
      37
      33
      33
      36
      33
      41
      32
      34
      36
      24
      27
      28
      34
      36
      39
      30
      43
      23
      32
      35
      24
      33
      40
      35
      38
      31
      32
      46
      32
      37
      38
      25
      37
      40
      42
      33
      37
      46
      33
      29
      31
      32
      28
      30
      39
      23
      29
      26
      35
      23
      24
      23
      18
      33
      28
      32
      32
      31
      33
      29
      38
      23
      38
      53
      28
      25
      36
      39
      31
      31
      29
      32
      34
      35
      34
      31
      31
      32
      36
      30
      21
      35
      29
      30
      30
      35
      41
      24
      30
      37
      40
      26
      28
      30
      37
      31
      30
      29
      34
      41
      24
      35
      29
      38
      27
      32
      18
      30
      29
      28
      34
      38
      34
      26
      32
      36
      31
      33
      32
      42
      24
      36
      25
      29
      21
      37
      26
      33
      36
      26
      28
      22
      35
      32
      38
      25
      35
      38
      34
      36
      22
      41
      39
      34
      26
      28
      25
      28
      26
      26
      30
      27
      23
      36
      28
      40
      19
      37
      30
      31
      39
      31
      32
      39
      32
      40
      27
      26
      28
      34
      39
      31
      25
      25
      28
      40
      22
      25
      34
      27
      40
      30
      32
      32
      33
      42
      26
      26
      28
      36
      31
      19
      26
      22
      31
      26
      25
      27
      26
      28
      27
      23
      25
      30
      33
      29
      27
      41
      38
      34
      32
      23
      34
      31
      29
      37
      27
      30
      34
      30
      38
      32
      31
      37
      35
      26
      22
      30
      26
      33
      26
      27
      35
      27
      27
      32
      31
      26
      35
      32
      34
      22
      25
      35
      27
      33
      28
      32
      37
      30
      34
      29
      31
      22
      20
      36
      33
      29
      28
      27
      28
      27
      28
      39
      30
      21
      15
      32
      30
      30
      32
      28
      32
      27
      21
      27
      20
      31
      24
      27
      21
      34
      32
      34
      24
      23
      25
      22
      31
      21
      31
      26
      38
      18
      24
      29
      25
      28
      30
      35
      24
      21
      25
      34
      33
      29
      19
      18
      37
      29
      27
      31
      27
      36
      23
      35
      29
      32
      31
      37
      36
      33
      30
      32
      30
      30
      28
      33
      24
      31
      25
      28
      24
      19
      27
      35
      31
      35
      21
      31
      31
      44
      28
      20
      35
      32
      37
      22
      27
      27
      27
      27
      23
      20
      41
      23
      22
      32
      31
      25
      25
      24
      30
      29
      25
      25
      32
      27
      33
      28
      24
      28
      17
      17
      20
      30
      26
      27
      29
      35
      23
      27
      29
      29
      37
      30
      34
      24
      28
      15
      21
      24
      27
      24
      24
      23
      24
      33
      33
      33
      31
      41
      41
      46
      37
      50
      45
      34
      48
      39
      52
      54
      50
      39
      49
      52
      48
      31
      29
      25
      30
      24
      21
      30
      29
      19
      33
      27
      31
      30
      25
      29
      37
      26
      24
      27
      27
      16
      20
      26
      26
      23
      18
      19
      36
      27
      32
      23
      22
      24
      29
      30
      29
      25
      28
      23
      29
      29
      23
      22
      21
      22
      29
      27
      22
      29
      21
      29
      30
      19
      12
      23
      20
      25
      22
      18
      27
      28
      27
      30
      21
      19
      26
      25
      21
      27
      20
      15
      27
      23
      22
      22
      28
      23
      24
      21
      23
      30
      29
      20
      23
      37
      17
      20
      20
      26
      27
      20
      24
      20
      18
      20
      22
      26
      26
      25
      30
      20
      26
      32
      22
      28
      25
      28
      20
      28
      22
      16
      16
      26
      18
      22
      21
      23
      24
      25
      20
      23
      22
      23
      26
      20
      33
      23
      21
      20
      31
      16
      18
      22
      24
      21
      25
      16
      20
      26
      19
      31
      29
      21
      31
      19
      26
      24
      18
      18
      23
      16
      23
      32
      25
      23
      22
      24
      21
      21
      24
      15
      34
      20
      31
      23
      28
      18
      15
      24
      29
      17
      24
      13
      20
      29
      27
      23
      23
      22
      19
      24
      23
      25
      25
      22
      24
      15
      23
      24
      22
      33
      13
      22
      23
      27
      28
      22
      26
      24
      19
      21
      32
      22
      22
      28
      24
      28
      25
      24
      20
      24
      24
      16
      27
      26
      37
      25
      20
      27
      23
      27
      19
      28
      16
      19
      28
      15
      26
      25
      22
      17
      25
      18
      22
      22
      26
      22
      24
      22
      27
      20
      25
      22
      21
      18
      26
      13
      22
      18
      20
      28
      27
      25
      25
      20
      23
      13
      27
      20
      28
      23
      19
      18
      31
      27
      21
      26
      21
      26
      25
      27
      22
      24
      24
      17
      14
      18
      19
      21
      27
      24
      27
      28
      14
      27
      22
      17
      25
      21
      19
      21
      14
      13
      26
      25
      15
      21
      21
      21
      23
      26
      15
      22
      23
      21
      18
      25
      12
      27
      31
      13
      25
      16
      22
      20
      19
      16
      21
      26
      16
      24
      16
      16
      19
      18
      16
      21
      25
      25
      14
      21
      20
      19
      18
      24
      15
      22
      25
      24
      15
      16
      18
      21
      25
      13
      17
      22
      20
      26
      21
      15
      18
      15
      20
      27
      25
      13
      18
      17
      17
      11
      20
      19
      24
      24
      26
      21
      22
      23
      17
      23
      14
      14
      24
      24
      17
      24
      16
      18
      16
      26
      27
      14
      17
      19
      23
      18
      18
      17
      15
      16
      16
      22
      15
      20
      19
      17
      17
      23
      21
      14
      18
      29
      23
      22
      13
      14
      18
      18
      23
      28
      18
      21
      24
      13
      23
      24
      16
      18
      19
      18
      28
      15
      11
      13
      24
      15
      16
      20
      21
      24
      23
      18
      13
      15
      19
      19
      22
      16
      24
      16
      27
      15
      19
      16
      17
      22
      22
      21
      17
      16
      13
      21
      17
      14
      17
      18
      23
      21
      18
      24
      20
      20
      17
      21
      15
      17
      19
      28
      17
      22
      16
      19
      13
      15
      17
      16
      16
      16
      22
      27
      24
      14
      20
      20
      21
      20
      18
      19
      22
      13
      16
      15
      18
      17
      20
      20
      19
      29
      23
      19
      24
      22
      14
      21
      20
      28
      21
      11
      21
      26
      17
      19
      16
      17
      21
      20
      20
      14
      18
      14
      15
      20
      21
      17
      19
      23
      17
      18
      26
      16
      13
      23
      31
      18
      19
      19
      20
      26
      30
      14
      18
      24
      13
      21
      15
      16
      14
      22
      20
      22
      21
      18
      16
      25
      16
      23
      14
      17
      18
      24
      16
      12
      23
      14
      27
      21
      29
      20
      21
      16
      16
      23
       9
      19
      16
      16
      19
      14
      18
      17
      15
      17
      17
      19
      19
      16
      11
      18
      26
      20
      19
      13
      10
      13
      12
      12
      20
      14
      13
      17
      20
      15
      20
      26
      18
      22
      15
      19
      16
      19
      17
      17
      18
      11
      20
      18
      13
      20
      19
      19
      21
      22
      15
      16
      24
      15
      16
      25
      27
      19
      12
      16
      13
      13
      18
      19
      21
      20
      18
      23
      18
      18
      15
      14
      18
      22
      21
      16
      13
      17
      20
      18
      14
      14
      10
      15
       9
      16
      24
      25
      13
      19
      15
      24
      10
      12
      13
      17
      16
      18
      11
      15
      15
      17
      25
      19
      17
      12
      13
      12
      24
      21
      19
      23
      18
      12
      18
      18
      22
      17
      30
      22
      16
      15
      17
      16
      17
      16
      21
      12
      13
      21
      24
      17
      12
      17
      20
      12
      15
      17
      29
      26
       9
      21
      16
      16
      11
      18
      25
      16
      16
      14
      14
      18
      25
      17
       5
      16
      17
      18
      14
      13
      19
      18
       8
      12
      17
      19
      17
      17
      15
      18
      15
      21
      14
      15
      18
      13
      17
      23
      19
      14
      17
      17
      19
      13
      15
      22
      19
      14
      14
      11
      13
      15
      16
      16
      20
      18
      14
      21
      19
      24
       8
      16
      20
      15
      16
      13
      18
      22
      12
      22
      20
      14
      13
      12
      12
      15
      12
      21
      20
      18
      20
      15
      24
      20
      13
      19
      14
      15
      14
      14
      18
      12
      10
      16
      16
      11
      20
      14
      21
      15
      11
      21
      19
      18
      11
      13
      13
      16
      19
      16
      11
      16
      22
       9
      15
      16
      26
      21
      12
      13
      20
      25
      18
      16
      15
      16
      16
      15
      16
       9
      15
      18
      21
      15
      14
      11
      19
      17
      16
      11
      11
      17
      23
      19
      14
      14
      16
      21
      24
      19
      21
      15
      28
      19
      17
      22
      18
      17
      22
      21
      30
      26
      20
      21
      16
      18
      14
      18
      16
      22
      24
      20
      21
      13
      17
      20
      13
      16
      19
      12
      21
      18
      16
      10
      11
      16
      12
      16
       9
      11
      17
       9
      15
      16
      22
      24
      18
      13
      12
      20
      16
      12
      13
      12
      12
      12
      17
      13
      17
      11
      11
      13
      19
      24
      19
      10
      11
      16
      14
      23
      13
      19
      19
      17
      18
      16
       8
      19
      13
      12
      20
      15
      14
      11
      13
      21
      14
      14
      14
      10
      16
      22
      11
      28
      18
      11
      16
      19
      11
      16
      12
      21
      25
      17
      14
      13
      14
      12
      11
      17
      18
      12
      11
      18
      17
      17
      10
      19
      15
      19
      17
      13
      11
       8
      18
      13
      21
      13
      17
      26
       9
      12
       8
      15
      15
      15
      22
      18
      14
      15
      14
       9
      13
      20
      15
      18
      18
      13
      16
      13
      12
      16
      19
      21
      14
       9
      15
      15
      20
      16
      17
      17
      17
      10
      19
      17
      13
      14
      13
      19
      21
      21
      13
       8
      12
      18
      13
      14
      19
      12
      17
      14
      10
      11
      12
      17
      12
      15
      16
      14
       5
      12
      16
      19
      15
       7
      13
      16
      19
      16
      10
      20
      17
      13
      17
      15
       8
      12
      11
      14
      16
      15
      13
      18
      16
      16
      14
      16
      18
      16
      14
      22
      21
      18
      22
      18
      19
      16
      19
      16
      21
      18
      18
      12
      19
      18
      24
      10
      24
      18
      14
      17
      13
      13
      26
      18
      16
      15
      17
      20
      23
      16
      18
      16
      20
      21
      16
      19
      16
      24
      23
      23
      14
      16
      22
      20
      27
      14
      20
      15
      21
      14
      20
      14
      11
      17
       9
      16
      13
      19
      17
       9
      18
      13
      24
      15
      13
      16
      27
      19
      18
      15
      13
      20
      17
      18
      22
      28
      21
      17
      21
      23
      18
      15
      16
      19
      21
      20
      15
      19
      15
      13
      21
      24
      27
      18
      10
      11
      33
      16
      16
      16
      14
      19
      14
       9
      14
      12
      13
      18
      21
      19
       9
      11
      10
      12
      12
      15
       6
      12
      18
      16
      18
      13
      21
       9
      20
      16
      14
      13
      17
      14
      14
      16
      13
      15
       9
      16
      17
      21
      15
       9
      19
      12
      17
      17
      12
      18
      20
      10
      11
      16
      10
      14
      16
      17
      15
      23
      14
      18
      16
      10
      12
      14
      15
      13
      18
      20
      17
       9
      18
       9
      15
      11
      17
      14
      20
      10
      14
      10
      12
      13
      13
      12
      15
      12
      16
      15
      17
      15
      14
      16
      22
      19
      11
      17
      17
      18
       8
      16
      18
      16
      17
      11
      24
      17
      12
      14
      14
      11
      10
      13
      17
      16
      16
      10
      11
      13
      17
      11
      18
      14
      12
      12
      14
      16
      16
      12
      15
      13
      10
      13
      14
      16
       5
      18
      14
      12
      15
       8
       9
      22
      11
      12
      21
      14
      19
      14
      12
       8
      11
      15
      17
      12
      14
      11
      14
      16
      14
      16
      16
      16
      22
      12
      12
       9
      12
      12
      16
      13
       9
      12
      12
      15
      16
      11
      11
      12
      15
      14
      11
      13
      18
      17
      12
      18
      16
      11
      12
      15
      13
      16
      11
      11
      12
       9
      16
      12
      10
      12
      13
      14
      20
      10
      16
      18
      22
      13
      16
       6
      16
      20
      13
      26
      16
      10
      14
      15
      14
      12
      12
      10
      12
      14
      26
      11
      14
      14
      10
      12
      23
      12
      15
      13
      12
      11
      15
       9
      11
      12
      16
      12
      10
       9
      15
      17
      12
      13
      14
      14
      15
      17
      16
      10
      25
      11
      14
      17
      16
      10
      15
      16
      16
      16
      12
      14
      15
      14
      16
      12
      13
      13
      20
      24
       7
       8
      11
      13
      15
      16
      15
      17
      15
      15
      10
      14
      12
      12
      18
      11
      11
      15
      14
      16
      16
      15
      22
      18
      17
      18
      15
      15
      12
      16
      17
      19
      15
      13
      15
      11
      11
      14
      17
      18
      18
      18
       9
      12
      14
      10
      16
       9
      15
      11
      16
      25
      15
      19
      20
      10
      17
      22
      12
      14
      12
      10
      12
      16
       4
      18
      15
      14
      14
      16
       9
      14
      12
      13
      16
      16
       8
      11
      15
      21
      14
       9
       8
      16
       6
      14
      16
      15
      13
      12
      16
       9
      11
      17
       8
       7
      12
      21
      11
      16
      11
      10
      21
      14
      23
      15
      16
      19
      14
      14
      12
      15
      16
      11
      16
      19
      11
      10
      24
       9
      21
       8
      16
      18
      11
       9
      17
       7
      17
      18
      16
      11
      19
      10
      15
      17
      12
      10
      17
      11
      12
      21
       6
      15
      10
      13
      12
      16
       9
      10
      10
      16
      11
      11
      10
      16
      10
       7
      11
      15
      18
      14
      12
      10
      10
      11
       9
      20
      13
      17
      20
       7
       9
      15
      11
      11
      20
      10
      18
       6
      15
      21
      17
       9
      14
      11
      16
      13
      19
      10
      15
      15
      14
      21
      14
       9
      14
      16
      11
      13
       7
       6
      11
      17
      18
      14
       6
      12
      17
      14
      11
      13
      18
       8
      16
      15
      12
      10
      11
       8
       9
       7
      16
      12
      14
      12
      11
      13
      13
       6
       8
       8
      16
      11
      12
      14
      15
      11
       9
      13
      11
      11
      10
       9
      10
      10
       9
      15
      15
      15
      17
      12
       6
      10
      10
       6
      14
      12
      15
      17
      11
      12
      14
       7
       9
      14
      10
      12
      16
       9
      10
      13
       9
       5
      13
      16
       9
      19
       7
      13
      11
      10
      16
      15
      16
      11
      12
      13
      17
       6
      16
      10
      18
      18
      13
      19
      12
      12
      18
       9
      15
      21
      18
      16
       7
      15
      19
      18
      12
       7
      11
      11
      12
      17
      10
      14
      13
      23
      21
      15
      12
      12
       9
      11
      11
      11
      13
      16
       8
      13
      15
      10
      13
       7
      17
      11
       9
      15
      10
      11
      10
      22
      15
      21
       5
      12
      12
      12
       8
      17
      13
      10
       9
      12
      11
      10
      14
      11
      16
      16
       8
      11
       9
       8
      12
      11
      12
      18
      12
      15
       6
      13
      10
      10
       8
      12
       9
      12
      13
       9
      14
       4
       9
      13
      14
      10
      11
       7
      18
       8
      13
      16
       3
      13
      12
       9
      10
      11
      10
      10
      10
      11
       8
       9
      12
       9
       5
      15
       9
      13
      16
      18
      14
      13
       6
       8
       9
       8
      19
      11
       7
      14
      12
      16
       4
      17
       9
      18
      12
      10
      13
      16
      11
      14
      14
      10
       7
       9
      14
       8
      13
      12
      11
       8
      17
       8
      16
      12
      12
      10
      14
      16
       6
      17
      11
      12
       9
      11
      14
      11
       7
      12
      11
      14
      15
      15
      12
       9
      12
      11
      15
      11
      12
      17
      11
      11
       6
      11
      10
      12
      13
      11
      14
      14
       5
      10
       9
      10
      14
      14
      11
      17
      15
      15
       7
      11
      14
      16
      10
      19
      13
       9
       4
       7
       7
      12
      18
       7
      14
       9
      13
       4
      12
      11
       6
       8
      13
       6
      11
      14
      12
       9
      14
       8
      12
       8
       9
       9
      13
      13
      12
      10
      12
      15
      10
      11
      11
       7
      11
      18
      12
      14
      10
      13
      13
      13
      10
       9
       7
      10
      12
       9
      18
       7
      12
      13
       9
      12
      18
       7
      14
      12
      13
       9
      16
      12
      12
      15
       9
      18
       7
       8
      10
      10
       8
      11
      13
      11
       9
      14
      15
      12
      16
      17
       9
      10
      11
       9
      11
      12
      14
      10
      11
       9
       5
      10
      10
      17
      10
       7
      10
       3
       6
       5
      10
      11
      11
       8
      14
      12
       9
       8
      14
       7
      11
      12
      11
      10
       6
       7
       7
       7
      11
       7
      10
      10
       9
      16
       7
       8
      12
      15
      12
      12
      12
      11
      16
       6
      10
       9
      11
      13
      11
       9
      10
      13
      13
       9
      13
      11
      12
      13
      12
       4
      10
      10
      16
      11
      16
      12
      10
      14
       8
      12
       8
       7
      12
      11
      12
       8
      11
      13
      11
      13
      13
       7
      13
       8
      14
       9
      11
      11
      14
      13
      15
      14
      15
      13
       9
      11
       7
      11
       3
       9
       8
      15
      12
      14
      18
      14
      11
      16
      10
      12
      15
      17
      17
      21
      22
      23
      23
      32
      30
      24
      30
      41
      43
      35
      31
      31
      41
      32
      36
      34
      28
      41
      38
      38
      33
      37
      41
      28
      24
      19
      24
      14
      13
      16
      14
      15
       9
      12
      11
      15
      17
       8
       7
      17
       8
      17
      13
      18
      13
       3
       6
      17
      14
      16
       8
       7
       9
      15
      15
       9
       6
       7
      10
      11
      14
      12
      16
      11
      15
      11
       8
      19
       7
      10
       5
      12
      13
       4
      11
       8
       8
      15
      11
      10
      10
      15
      12
      10
       7
      10
      12
      15
      21
      17
      10
      14
      12
      10
      11
      14
      18
       8
       6
       6
      11
       9
      10
       9
      10
       7
      10
       5
      13
      12
       8
      11
      12
       6
      19
       7
      12
      11
       6
       6
      13
      12
       7
       8
       7
      15
      11
       8
       9
       8
      13
       8
       8
      14
      14
      13
      10
       7
      13
       6
      15
       6
       8
       8
      10
       7
      12
      11
       5
       8
       8
      10
      11
      13
      13
       7
      13
       8
      12
      11
       8
      11
       8
      14
      10
       6
      10
       7
       5
       5
      12
      10
       7
      11
      15
       7
      11
       8
      12
      10
       6
       8
      14
      16
       9
       6
       5
      13
      11
       7
       6
      17
      11
      11
      12
      11
      12
      12
       9
      13
       5
      10
      11
      13
       9
       4
      13
      12
       7
       6
       8
      13
       8
       7
       9
       8
      12
       9
      12
      16
       8
      12
       6
       9
      10
      10
       9
      10
      18
       9
       7
      14
       9
       7
       8
      13
       5
       8
       9
      13
      10
      12
      12
       8
      12
       8
      12
       8
       7
      18
      16
      13
      15
      11
      11
      15
      14
       9
       8
       6
       8
      10
      16
       4
       7
      15
      13
      11
      13
       7
       7
       8
       9
      10
      12
       8
      12
       6
      12
       7
      10
       7
      16
      10
       8
      10
      10
       6
      12
       8
      12
      14
      11
      10
       8
      12
      11
      13
       8
      13
      17
       7
       8
      12
       8
       6
      13
       4
       6
      13
       8
      11
       7
       5
       8
       8
       9
       7
       2
      16
      12
       9
       8
      13
      16
      16
      10
      10
       8
      16
      12
       7
      11
      14
      14
      17
      13
      14
       6
       8
       8
       8
      12
       7
       8
       8
      13
       8
       8
       5
       7
      11
       7
       6
      12
       9
      12
       5
       9
      14
      10
       6
       8
      11
      10
       4
      10
      10
       8
       7
      12
       7
      14
       7
      10
      14
      10
       6
      11
      12
       7
       5
      12
       5
       6
      12
       5
      12
       8
      14
      11
      10
       9
       7
       7
       5
      10
      11
       9
      11
       8
      10
      17
      17
      10
       7
       9
      10
      10
       7
      12
       2
       9
      12
       9
      13
       8
       3
      12
       5
       8
      17
       9
       7
       9
      10
      12
       8
       9
      10
      16
       9
       8
       6
      10
       6
       6
      13
       9
      10
      10
       5
      11
      11
      13
       9
       9
       6
       6
       9
       8
      14
       2
      10
       6
      11
      13
      11
       9
       8
       9
       3
      16
       5
      12
       7
      11
      12
       3
      10
       9
       3
       8
      12
       8
      13
       5
      10
      13
       9
      12
      12
       5
       7
      12
      14
      10
       5
      10
      10
       6
       8
      10
       8
       8
       8
       7
       8
       8
       6
       7
       7
      15
       8
      12
       9
       8
       7
      10
       6
       6
      14
       5
      13
       5
      15
      10
       7
      11
       9
       5
       8
      13
      14
       9
      10
      12
       9
      10
       8
       8
       8
      10
       7
      11
       7
      11
       9
       8
       4
      18
       5
       9
       5
       7
       8
      12
       7
       7
       8
      13
      14
      10
       5
      10
       9
      12
      10
       9
       4
       5
      13
       4
       5
      12
       8
       7
      11
       4
      11
      14
      16
       5
       6
       4
       5
       7
       6
      10
      11
      10
       7
      14
       6
      14
       7
       5
       5
      12
      13
      18
      10
       9
      10
       9
       4
      13
       6
      10
       6
      14
      10
       7
       9
      12
       5
      10
      12
      11
       6
       9
       5
      10
       4
       9
      13
       9
      12
       9
      14
       9
      14
       8
       5
       6
      16
       8
       4
       8
      10
       5
       7
       7
       7
       9
       5
       9
       8
       5
       5
      11
      10
       7
      12
      10
       8
       8
       7
       9
      10
      14
       7
      10
       9
       9
      11
      13
       4
       5
       7
      11
       3
      12
      13
      13
       7
       8
      12
       7
       6
       7
       7
       9
      11
       8
       5
      10
      10
      12
       8
       9
       3
      12
       9
       6
       9
       9
       8
       7
       9
       3
      11
      11
       8
      12
      13
       6
       9
       8
      11
       3
      10
      10
      10
      12
       8
       8
      11
       6
      12
      10
      10
      15
       7
       7
      14
      10
      12
       7
       6
       9
      11
       4
      14
       5
      10
      12
      10
       5
       7
      11
       7
      15
       4
       5
      12
       6
       8
       9
      12
      23
       8
       8
       7
       4
       5
       7
      13
       8
       7
       5
       8
       9
       6
       7
       7
       3
      11
       9
      12
      10
       8
      14
       5
       7
       5
       9
       6
       9
      10
       7
       9
       7
       8
      12
      11
      11
      15
      12
       8
       9
      10
       9
       8
       7
      11
       5
       6
      18
       7
       9
      10
      11
       5
       6
       8
       5
       9
       6
       9
      12
       8
      10
      12
       9
       7
      11
       5
       8
      14
       7
       9
      10
       9
      11
       6
       9
       6
       8
      11
       6
       6
      13
      14
      16
       4
      15
       8
       4
       8
       8
       9
      13
      16
      15
       6
       9
       7
       6
      10
       9
       9
      10
      12
       7
       9
      12
       5
       7
      13
       7
       8
       7
       8
       8
       7
      10
       8
      10
      10
       6
      12
      12
      13
       8
       9
       5
       3
       7
       7
       4
      10
       9
       7
      15
      13
       6
      13
       6
      10
       7
       9
      10
      10
       9
      10
       6
      10
       8
       6
      12
       5
       9
       6
      10
      10
      12
      15
      11
       8
       8
      10
       7
      10
       5
      10
       5
      11
      12
       6
       6
       9
       6
       7
       4
      10
       9
       8
       6
      12
      11
      10
      11
      13
       8
      11
       5
       5
       8
      13
       6
       8
       7
       8
       6
       9
      10
      17
      11
       7
       8
      14
       9
       6
       8
      10
      13
       6
       5
      12
       9
       4
       5
       6
       9
       7
      13
       8
       8
       9
       9
       7
       6
       4
       7
       8
       5
       9
       9
       9
      10
       9
       5
       6
       3
      12
      23
       7
       8
       9
      11
      10
       6
       3
      13
      12
      12
       7
      16
      11
       9
      11
       4
       6
      10
       3
       7
       1
       7
      11
       6
      12
       5
       9
       7
      10
      13
       4
       9
       4
      10
       9
      11
      12
       8
       5
      10
      10
       8
       7
       7
       9
       9
      13
       6
       8
       6
       8
       7
       5
       7
       9
       5
      12
       5
       7
      13
      12
      11
       8
      16
       9
      15
       9
      12
      10
      12
       8
       9
       9
       9
       9
      11
       7
      10
      10
       7
       9
      12
       5
       5
       7
       5
       6
       9
       7
       6
      11
      10
       7
       8
       5
      10
       8
       6
      10
      10
       8
       3
       4
      10
       9
       7
      11
       7
       8
      12
      10
      17
       8
       8
       8
      10
      10
      10
       5
      13
      13
       5
      17
       9
      11
       6
       7
       6
       7
      10
       7
       6
       9
       4
       8
       8
       4
       9
       8
       9
      11
      12
       9
       8
       4
       9
      10
      10
       6
       9
      12
      11
       6
      14
       5
       6
      12
      10
      10
       8
       7
      11
      10
       7
       7
       6
       4
       6
       6
      10
      11
       8
       8
       7
       5
       5
      12
      10
      12
       6
       6
      12
       9
      11
       8
       7
      11
       9
       9
       6
      12
       2
       5
      14
      10
       8
       6
      10
      11
      13
       8
       4
       6
       8
       9
       7
       5
      15
      10
      12
       5
       6
      11
       5
      11
      13
       8
      10
       7
       9
       9
       5
      11
      12
      13
       7
       6
      10
       4
       6
       7
       8
       6
       4
       5
       5
       5
      12
       7
      10
       8
      16
      16
       6
       4
      16
       7
       6
      10
      13
       6
      11
       4
       6
       5
       5
       9
       5
       9
      16
      12
       6
       7
      10
       7
       6
      10
       8
       5
       7
       9
       5
      11
       5
       2
       5
       7
      10
       3
       9
      11
       6
       4
       2
       8
      10
       6
       6
       6
       6
      11
       8
       8
       9
       8
       8
       9
       8
       6
       5
       8
       9
       8
       8
       5
      14
       9
      12
       6
      12
       6
       7
      14
       8
       9
       4
       2
       1
       0
       0
       0
       0
       0
       0
       0
       0
       0
       0
       0
       0
       0
       0
       0
       0
       0
       0
       0
       0
       0
       0
       0
       0
       0
       0
       0
       0
       0
       0
       0
       0
       0
       0
       0
       0
       0
       0
       0
       0
       0
       0
       0
       0
       0
       0
       0
       0
       0
       0
       0
       0
       0
       0
       0
       0
       0
       0
       0
       0
       0
       0
       0
       0
       0
       0
       0
       0
       0
       0
       0
       0
       0
       0
       0
       0
       0
       0
       0
       0
       0
       0
       0
       0
       0
       0
       0
       0
       0
       0
       0
       0
       0
       0
       0
       0
       0
       0
       0
       0
       0
       0
       0
       0
       0
       0
       0
       0
       0
       0
       0
       0
       0
       0
       0
       0
       0
       0
       0
       0
       0
       0
       0
       0
       0
       0
       0
       0
       0
       0
       0
       0
       0
       0
       0
       0
       0
       0
       0
       0
       0
       0
       0
       0
       0
       0
       0
       0
       0
       0
       0
       0
       0
       0
       0
       0
       0
       0
       0
       0
       0
       0
       0
       0
       0
       0
       0
       0
       0
       0
       0
       0
       0
       0
       0
       0
       0
       0
       0
       0
       0
       0
$ROI:
0
$PRESETS:
None
0
0
$ENER_FIT:
-0.547189 0.388971
$MCA_CAL:
3
-5.471888E-001 3.889708E-001 0.000000E+000 keV
$SHAPE_CAL:
3
0.000000E+000 0.000000E+000 0.000000E+000
