ASCII channel-by-channel listing for 289_088.18
1139 - 57 - 371 started 2018-10-16 21:55:00.0 on counter 76
Generated Oct 17 2018 16.30.51, CRNG database/web system
Channel Data
0 150
1 180
2 0
3 0
4 0
5 0
6 0
7 0
8 0
9 0
10 0
11 0
12 0
13 0
14 0
15 0
16 0
17 0
18 0
19 0
20 0
21 0
22 0
23 0
24 0
25 0
26 0
27 0
28 0
29 0
30 0
31 0
32 0
33 0
34 0
35 0
36 0
37 0
38 0
39 0
40 0
41 0
42 0
43 0
44 0
45 0
46 0
47 0
48 0
49 0
50 0
51 0
52 0
53 0
54 0
55 0
56 0
57 0
58 0
59 0
60 0
61 0
62 0
63 0
64 0
65 0
66 0
67 0
68 0
69 0
70 0
71 0
72 0
73 0
74 0
75 0
76 0
77 0
78 0
79 0
80 28
81 263
82 952
83 2698
84 10920
85 15972
86 15588
87 15797
88 15817
89 15603
90 15848
91 15304
92 15030
93 15240
94 15190
95 15180
96 15366
97 15103
98 15019
99 14912
100 15075
101 14839
102 14921
103 14646
104 14674
105 14700
106 14903
107 14732
108 14657
109 14448
110 14615
111 14487
112 14422
113 14350
114 14653
115 14995
116 18684
117 21206
118 16542
119 14539
120 14260
121 14382
122 14064
123 13960
124 14076
125 14241
126 14101
127 14068
128 14148
129 14031
130 13904
131 14344
132 14202
133 14111
134 14060
135 14120
136 14148
137 14095
138 14183
139 14073
140 14109
141 14217
142 14009
143 14212
144 14570
145 14963
146 15125
147 14616
148 14330
149 15045
150 15829
151 14732
152 14467
153 14589
154 14963
155 14517
156 14423
157 14351
158 14279
159 14315
160 14389
161 14292
162 14564
163 14720
164 14616
165 14686
166 14820
167 15063
168 15281
169 15687
170 15852
171 15381
172 15582
173 16184
174 17832
175 20573
176 23378
177 20300
178 17730
179 16092
180 15976
181 15915
182 16002
183 16000
184 16179
185 16358
186 16235
187 16302
188 16445
189 16331
190 16347
191 16339
192 16750
193 17629
194 21780
195 22024
196 18002
197 17358
198 16904
199 17118
200 17402
201 17564
202 17582
203 17610
204 17607
205 17838
206 17868
207 17955
208 18096
209 18205
210 18305
211 18460
212 18365
213 18536
214 18537
215 18890
216 18952
217 18968
218 19146
219 19211
220 19189
221 19313
222 19132
223 19573
224 19623
225 19400
226 19728
227 19995
228 19934
229 19691
230 20164
231 20132
232 20227
233 20598
234 20726
235 21500
236 22393
237 22292
238 23864
239 27859
240 24633
241 21328
242 20969
243 21017
244 21188
245 20992
246 21164
247 22168
248 22383
249 21711
250 21580
251 21263
252 21056
253 21198
254 21549
255 21935
256 21556
257 21357
258 21829
259 22450
260 27363
261 44817
262 49197
263 29935
264 23494
265 23292
266 23336
267 22890
268 22504
269 22377
270 22327
271 22397
272 22428
273 22169
274 22066
275 22109
276 22008
277 21906
278 21993
279 22107
280 22062
281 22007
282 22162
283 22184
284 22242
285 22044
286 21887
287 21648
288 21319
289 21663
290 21539
291 21392
292 21542
293 21598
294 21391
295 21217
296 21363
297 21103
298 21279
299 21125
300 20967
301 20924
302 20592
303 20868
304 20643
305 20819
306 20662
307 20758
308 20475
309 20325
310 20354
311 20203
312 20328
313 19976
314 20258
315 19917
316 19940
317 19963
318 20135
319 20005
320 19759
321 19658
322 19465
323 19614
324 19680
325 20223
326 19839
327 19255
328 19325
329 19174
330 19096
331 19533
332 19638
333 19140
334 19350
335 19395
336 19204
337 19454
338 19718
339 19809
340 19777
341 19737
342 19856
343 20154
344 20102
345 20276
346 20324
347 20407
348 20595
349 20619
350 20396
351 20353
352 20294
353 20231
354 20514
355 20701
356 21352
357 21954
358 21863
359 20714
360 20356
361 20266
362 20378
363 20161
364 20268
365 20033
366 19957
367 19873
368 19872
369 19626
370 19805
371 19620
372 19366
373 19396
374 19372
375 19327
376 18912
377 19017
378 19075
379 18884
380 18642
381 18649
382 18473
383 18486
384 18329
385 18402
386 18057
387 18118
388 17780
389 17457
390 17862
391 17609
392 17894
393 17481
394 17375
395 17258
396 17314
397 17371
398 16940
399 17035
400 16728
401 16826
402 16681
403 16489
404 16808
405 16336
406 16215
407 16270
408 16070
409 16090
410 16451
411 18722
412 32848
413 49877
414 35582
415 19316
416 16271
417 15689
418 15275
419 15266
420 15307
421 14972
422 15061
423 14920
424 15011
425 14810
426 14299
427 14388
428 14664
429 14137
430 14369
431 14370
432 14741
433 14376
434 14040
435 13618
436 13721
437 13744
438 13906
439 13625
440 13564
441 13491
442 13688
443 13609
444 13323
445 13269
446 13205
447 13447
448 13151
449 13137
450 12806
451 12926
452 12773
453 13019
454 12849
455 12856
456 12998
457 12942
458 12972
459 12680
460 12436
461 12581
462 12371
463 12319
464 12412
465 12324
466 12363
467 12215
468 12385
469 12322
470 12150
471 12267
472 12095
473 12128
474 11960
475 12166
476 12030
477 11911
478 12061
479 12126
480 11956
481 11837
482 11799
483 12124
484 11816
485 11578
486 11814
487 11441
488 11876
489 11693
490 11554
491 11719
492 11767
493 11589
494 11524
495 11747
496 11775
497 12420
498 12964
499 12260
500 11734
501 11515
502 11536
503 11458
504 11534
505 11615
506 11710
507 12745
508 16603
509 17770
510 13964
511 11670
512 11441
513 11374
514 11339
515 11205
516 11363
517 11141
518 11229
519 11199
520 11351
521 11531
522 12322
523 13110
524 12161
525 11489
526 11646
527 11790
528 13661
529 24069
530 75694
531 144041
532 103878
533 34404
534 16025
535 15383
536 15483
537 13784
538 12074
539 11587
540 11252
541 11256
542 10965
543 10995
544 10873
545 10838
546 10827
547 10663
548 10777
549 10719
550 10809
551 11098
552 11326
553 10997
554 10555
555 10617
556 11878
557 14908
558 16039
559 12690
560 10642
561 10261
562 10297
563 10243
564 10210
565 10393
566 10149
567 10051
568 9997
569 10031
570 10095
571 10163
572 10016
573 10222
574 9992
575 10118
576 10008
577 9955
578 10266
579 11432
580 13184
581 12035
582 11312
583 10866
584 10102
585 9632
586 9740
587 9884
588 10196
589 10158
590 9987
591 9837
592 9724
593 9723
594 9856
595 9762
596 10258
597 11482
598 17689
599 42750
600 74538
601 56076
602 22653
603 12849
604 13226
605 13207
606 11604
607 10385
608 9948
609 10002
610 9763
611 9636
612 9410
613 9572
614 9875
615 10122
616 9718
617 9301
618 9305
619 9213
620 9127
621 9195
622 9158
623 8979
624 9175
625 9117
626 8927
627 9046
628 9015
629 8999
630 9246
631 9091
632 9001
633 8835
634 8782
635 8684
636 8700
637 9104
638 8829
639 8983
640 8951
641 8645
642 8710
643 8689
644 8621
645 8434
646 8586
647 8565
648 8588
649 8654
650 8501
651 8768
652 8696
653 8780
654 8425
655 8558
656 8956
657 8852
658 8960
659 8865
660 8465
661 8406
662 8457
663 8357
664 8441
665 8392
666 8366
667 8428
668 8169
669 8284
670 8248
671 8134
672 8130
673 8174
674 7903
675 8026
676 8012
677 8259
678 8456
679 8235
680 7547
681 7512
682 7394
683 7337
684 7160
685 7163
686 7317
687 7008
688 6802
689 6691
690 6838
691 7309
692 8445
693 9437
694 8056
695 6739
696 6431
697 6305
698 6298
699 6126
700 6078
701 6161
702 6177
703 6016
704 6006
705 5904
706 5919
707 5886
708 5964
709 5803
710 5740
711 5723
712 5686
713 5601
714 5716
715 5661
716 5539
717 5541
718 5569
719 5470
720 5444
721 5469
722 5639
723 5531
724 5304
725 5336
726 5299
727 5533
728 6182
729 6020
730 5613
731 5302
732 5253
733 5213
734 5175
735 5164
736 5166
737 5083
738 5050
739 5090
740 5138
741 5094
742 5060
743 4938
744 5000
745 4979
746 5291
747 5308
748 5001
749 4991
750 5006
751 4900
752 4948
753 4899
754 5066
755 4896
756 4891
757 4743
758 5494
759 7084
760 7509
761 6014
762 4942
763 4744
764 4601
765 4625
766 4676
767 4656
768 4578
769 4558
770 4602
771 4658
772 4584
773 4497
774 4822
775 5230
776 5453
777 4942
778 4665
779 4460
780 4433
781 4307
782 4268
783 4398
784 4229
785 4357
786 4268
787 4260
788 4082
789 4086
790 4122
791 4143
792 4222
793 4019
794 4312
795 4858
796 5301
797 4908
798 4325
799 4353
800 4300
801 4161
802 4097
803 3795
804 3806
805 3819
806 3907
807 3956
808 4065
809 4679
810 4712
811 4317
812 3885
813 3812
814 3862
815 3832
816 3692
817 3714
818 3698
819 3671
820 3799
821 4064
822 3896
823 3597
824 3479
825 3620
826 3548
827 3557
828 3593
829 3448
830 3481
831 3605
832 3481
833 3435
834 3571
835 3394
836 3453
837 3539
838 3638
839 3694
840 3540
841 3291
842 3332
843 3340
844 3427
845 3557
846 3659
847 3605
848 3315
849 3361
850 3238
851 3171
852 3256
853 3237
854 3245
855 3218
856 3243
857 3249
858 3212
859 3118
860 3159
861 3102
862 3213
863 3413
864 4081
865 4943
866 4658
867 3618
868 3152
869 3130
870 3163
871 3040
872 3052
873 3028
874 3111
875 3027
876 3030
877 3053
878 2975
879 2967
880 3066
881 2959
882 2853
883 2877
884 2995
885 2927
886 3069
887 3413
888 3825
889 3763
890 3379
891 3062
892 2916
893 3211
894 3488
895 3554
896 3206
897 2738
898 2871
899 2797
900 2731
901 2732
902 2820
903 2842
904 2797
905 2975
906 3123
907 3177
908 3053
909 2725
910 2731
911 2721
912 2744
913 2679
914 2737
915 2594
916 2713
917 2698
918 2826
919 2871
920 2929
921 2810
922 2778
923 2662
924 2584
925 2620
926 2631
927 2678
928 2921
929 3271
930 3105
931 2866
932 2698
933 2609
934 2604
935 2612
936 2564
937 2559
938 2606
939 2600
940 2598
941 2600
942 2564
943 2577
944 2545
945 2607
946 2617
947 2666
948 2726
949 2927
950 3743
951 4543
952 5695
953 10574
954 19123
955 19487
956 10471
957 4592
958 3228
959 3473
960 4163
961 5134
962 4629
963 3352
964 2977
965 3104
966 4288
967 5222
968 4739
969 3565
970 2935
971 2791
972 2838
973 3051
974 3273
975 3041
976 2706
977 2529
978 2501
979 2483
980 2396
981 2488
982 2448
983 2453
984 2428
985 2465
986 2507
987 2443
988 2462
989 2669
990 2839
991 2961
992 3129
993 3075
994 2889
995 2677
996 2639
997 2702
998 2658
999 2487
1000 2540
1001 2551
1002 2618
1003 2608
1004 2626
1005 2703
1006 2590
1007 2736
1008 2890
1009 3014
1010 3121
1011 3335
1012 3676
1013 4044
1014 5085
1015 6921
1016 10435
1017 17779
1018 31395
1019 54281
1020 83138
1021 107019
1022 112896
1023 101006
1024 77889
1025 51732
1026 30952
1027 17942
1028 11227
1029 7770
1030 5954
1031 5040
1032 4444
1033 4794
1034 7371
1035 14751
1036 21359
1037 17054
1038 8125
1039 3857
1040 3127
1041 2947
1042 2678
1043 2672
1044 2636
1045 2601
1046 3098
1047 3537
1048 3538
1049 3019
1050 2477
1051 2356
1052 2214
1053 2218
1054 2176
1055 2246
1056 2290
1057 2258
1058 2247
1059 2096
1060 2039
1061 2091
1062 2091
1063 1966
1064 2037
1065 1945
1066 2007
1067 2008
1068 2012
1069 1905
1070 1983
1071 1917
1072 1966
1073 1955
1074 1767
1075 1876
1076 1884
1077 1916
1078 1813
1079 1916
1080 2090
1081 2454
1082 2908
1083 2942
1084 2392
1085 1843
1086 1710
1087 1835
1088 1761
1089 1764
1090 1917
1091 2151
1092 2604
1093 2371
1094 2007
1095 1860
1096 1766
1097 1701
1098 1726
1099 1692
1100 1682
1101 1698
1102 1710
1103 1599
1104 1685
1105 1729
1106 1689
1107 1660
1108 1643
1109 1650
1110 1694
1111 1664
1112 1764
1113 1876
1114 1800
1115 1777
1116 1739
1117 1627
1118 1629
1119 1753
1120 1843
1121 1777
1122 1701
1123 1702
1124 1642
1125 1790
1126 1943
1127 1845
1128 1803
1129 1928
1130 2101
1131 2147
1132 2214
1133 2385
1134 2601
1135 2230
1136 1818
1137 1701
1138 1666
1139 1749
1140 1735
1141 2084
1142 3109
1143 6604
1144 12146
1145 12794
1146 7697
1147 3427
1148 2170
1149 1752
1150 1866
1151 1908
1152 2785
1153 4997
1154 7240
1155 6328
1156 3663
1157 2065
1158 1706
1159 1587
1160 1654
1161 1647
1162 1711
1163 1677
1164 1650
1165 1524
1166 1525
1167 1490
1168 1605
1169 1620
1170 1649
1171 1541
1172 1485
1173 1509
1174 1541
1175 1556
1176 1569
1177 1497
1178 1481
1179 1426
1180 1405
1181 1457
1182 1410
1183 1457
1184 1429
1185 1491
1186 1403
1187 1448
1188 1401
1189 1411
1190 1434
1191 1646
1192 1714
1193 1640
1194 1554
1195 1469
1196 1475
1197 1333
1198 1358
1199 1395
1200 1344
1201 1310
1202 1442
1203 1365
1204 1482
1205 1519
1206 1756
1207 2512
1208 4562
1209 6866
1210 7161
1211 6603
1212 10939
1213 18841
1214 20603
1215 12392
1216 4907
1217 2304
1218 1839
1219 1582
1220 1538
1221 1578
1222 1820
1223 2151
1224 2237
1225 1941
1226 1574
1227 1381
1228 1333
1229 1304
1230 1418
1231 1372
1232 1408
1233 1453
1234 1845
1235 2295
1236 2639
1237 2320
1238 1764
1239 1406
1240 1338
1241 1478
1242 1764
1243 2067
1244 2124
1245 1820
1246 1351
1247 1218
1248 1277
1249 1148
1250 1222
1251 1187
1252 1168
1253 1230
1254 1158
1255 1180
1256 1089
1257 1157
1258 1221
1259 1201
1260 1194
1261 1175
1262 1301
1263 1307
1264 1593
1265 1874
1266 1976
1267 1562
1268 1297
1269 1182
1270 1110
1271 1135
1272 1133
1273 986
1274 1082
1275 1018
1276 1093
1277 1052
1278 1168
1279 1113
1280 1056
1281 1048
1282 1010
1283 1068
1284 1031
1285 1096
1286 1086
1287 1175
1288 1375
1289 1529
1290 1565
1291 1270
1292 1096
1293 1036
1294 986
1295 993
1296 952
1297 981
1298 978
1299 995
1300 1041
1301 1000
1302 990
1303 978
1304 1011
1305 1025
1306 1058
1307 1045
1308 1027
1309 1018
1310 932
1311 947
1312 962
1313 1024
1314 952
1315 928
1316 919
1317 961
1318 969
1319 916
1320 942
1321 956
1322 1005
1323 882
1324 952
1325 968
1326 934
1327 1039
1328 1124
1329 1460
1330 2223
1331 3319
1332 3744
1333 2801
1334 1638
1335 1221
1336 1144
1337 1048
1338 1017
1339 952
1340 947
1341 925
1342 948
1343 904
1344 956
1345 908
1346 906
1347 852
1348 846
1349 855
1350 879
1351 865
1352 888
1353 890
1354 959
1355 1033
1356 1030
1357 990
1358 1011
1359 913
1360 876
1361 857
1362 807
1363 864
1364 926
1365 869
1366 940
1367 1062
1368 1255
1369 1219
1370 1108
1371 959
1372 813
1373 875
1374 828
1375 902
1376 1030
1377 1205
1378 1700
1379 1917
1380 1657
1381 1159
1382 915
1383 815
1384 758
1385 793
1386 833
1387 728
1388 751
1389 773
1390 793
1391 736
1392 808
1393 775
1394 869
1395 814
1396 791
1397 770
1398 770
1399 771
1400 828
1401 757
1402 770
1403 737
1404 768
1405 710
1406 744
1407 766
1408 735
1409 711
1410 699
1411 752
1412 666
1413 804
1414 789
1415 793
1416 746
1417 728
1418 705
1419 734
1420 763
1421 708
1422 812
1423 812
1424 765
1425 764
1426 639
1427 676
1428 712
1429 640
1430 688
1431 645
1432 695
1433 691
1434 673
1435 734
1436 833
1437 914
1438 1008
1439 829
1440 736
1441 651
1442 651
1443 674
1444 613
1445 606
1446 632
1447 596
1448 632
1449 670
1450 655
1451 684
1452 645
1453 637
1454 698
1455 659
1456 697
1457 659
1458 656
1459 592
1460 630
1461 590
1462 653
1463 600
1464 605
1465 640
1466 636
1467 628
1468 617
1469 585
1470 592
1471 603
1472 601
1473 588
1474 651
1475 582
1476 575
1477 640
1478 657
1479 655
1480 593
1481 636
1482 659
1483 633
1484 562
1485 576
1486 603
1487 622
1488 608
1489 581
1490 567
1491 563
1492 565
1493 580
1494 587
1495 582
1496 615
1497 583
1498 545
1499 590
1500 578
1501 641
1502 668
1503 639
1504 641
1505 572
1506 577
1507 585
1508 647
1509 696
1510 631
1511 593
1512 557
1513 556
1514 514
1515 530
1516 558
1517 519
1518 561
1519 562
1520 555
1521 561
1522 497
1523 593
1524 564
1525 526
1526 548
1527 542
1528 529
1529 593
1530 599
1531 534
1532 577
1533 556
1534 520
1535 497
1536 500
1537 511
1538 523
1539 539
1540 584
1541 573
1542 595
1543 577
1544 591
1545 599
1546 644
1547 763
1548 807
1549 723
1550 644
1551 562
1552 578
1553 566
1554 641
1555 758
1556 776
1557 778
1558 634
1559 570
1560 604
1561 601
1562 672
1563 811
1564 1299
1565 2734
1566 5606
1567 8600
1568 8674
1569 6381
1570 3763
1571 1840
1572 1000
1573 701
1574 688
1575 606
1576 621
1577 572
1578 502
1579 522
1580 541
1581 544
1582 525
1583 510
1584 509
1585 561
1586 522
1587 476
1588 457
1589 516
1590 453
1591 463
1592 459
1593 503
1594 474
1595 432
1596 474
1597 492
1598 476
1599 470
1600 463
1601 461
1602 486
1603 522
1604 492
1605 475
1606 474
1607 507
1608 500
1609 472
1610 399
1611 492
1612 509
1613 481
1614 442
1615 482
1616 400
1617 440
1618 460
1619 456
1620 520
1621 555
1622 510
1623 480
1624 466
1625 434
1626 468
1627 381
1628 436
1629 477
1630 528
1631 604
1632 622
1633 582
1634 474
1635 439
1636 463
1637 488
1638 532
1639 628
1640 547
1641 485
1642 446
1643 466
1644 404
1645 368
1646 429
1647 473
1648 427
1649 462
1650 472
1651 489
1652 527
1653 600
1654 1029
1655 1912
1656 3127
1657 3978
1658 3128
1659 1797
1660 823
1661 648
1662 496
1663 468
1664 472
1665 404
1666 406
1667 452
1668 467
1669 598
1670 597
1671 507
1672 472
1673 435
1674 420
1675 415
1676 463
1677 427
1678 410
1679 427
1680 383
1681 416
1682 498
1683 465
1684 460
1685 391
1686 417
1687 417
1688 508
1689 528
1690 544
1691 654
1692 688
1693 572
1694 520
1695 452
1696 352
1697 370
1698 382
1699 392
1700 371
1701 400
1702 365
1703 357
1704 352
1705 383
1706 374
1707 341
1708 372
1709 375
1710 350
1711 369
1712 362
1713 375
1714 385
1715 457
1716 532
1717 566
1718 526
1719 432
1720 387
1721 426
1722 426
1723 467
1724 503
1725 505
1726 468
1727 411
1728 376
1729 380
1730 351
1731 368
1732 427
1733 422
1734 445
1735 513
1736 463
1737 460
1738 438
1739 475
1740 734
1741 1279
1742 2000
1743 2256
1744 1811
1745 1048
1746 642
1747 453
1748 502
1749 492
1750 533
1751 460
1752 426
1753 397
1754 400
1755 400
1756 412
1757 394
1758 338
1759 395
1760 343
1761 348
1762 339
1763 365
1764 354
1765 339
1766 289
1767 364
1768 329
1769 324
1770 310
1771 329
1772 328
1773 352
1774 348
1775 384
1776 375
1777 351
1778 317
1779 310
1780 312
1781 326
1782 332
1783 322
1784 295
1785 287
1786 342
1787 321
1788 329
1789 372
1790 324
1791 337
1792 304
1793 291
1794 308
1795 311
1796 291
1797 312
1798 344
1799 328
1800 315
1801 332
1802 309
1803 305
1804 365
1805 356
1806 346
1807 348
1808 387
1809 497
1810 788
1811 1124
1812 1293
1813 1073
1814 688
1815 438
1816 366
1817 297
1818 328
1819 293
1820 329
1821 338
1822 353
1823 378
1824 327
1825 341
1826 350
1827 324
1828 294
1829 278
1830 327
1831 328
1832 320
1833 306
1834 295
1835 302
1836 296
1837 268
1838 317
1839 337
1840 322
1841 318
1842 310
1843 301
1844 347
1845 311
1846 305
1847 331
1848 306
1849 341
1850 366
1851 346
1852 335
1853 312
1854 286
1855 271
1856 291
1857 260
1858 281
1859 282
1860 325
1861 292
1862 309
1863 320
1864 318
1865 319
1866 308
1867 304
1868 300
1869 306
1870 274
1871 299
1872 310
1873 267
1874 291
1875 260
1876 255
1877 286
1878 261
1879 280
1880 288
1881 248
1882 255
1883 258
1884 307
1885 290
1886 335
1887 415
1888 355
1889 335
1890 316
1891 293
1892 277
1893 304
1894 282
1895 276
1896 265
1897 279
1898 269
1899 315
1900 386
1901 474
1902 515
1903 428
1904 347
1905 299
1906 268
1907 246
1908 268
1909 259
1910 305
1911 301
1912 247
1913 276
1914 262
1915 248
1916 285
1917 253
1918 280
1919 267
1920 252
1921 297
1922 336
1923 277
1924 314
1925 286
1926 299
1927 342
1928 377
1929 367
1930 442
1931 394
1932 379
1933 278
1934 286
1935 318
1936 265
1937 307
1938 274
1939 272
1940 305
1941 310
1942 322
1943 334
1944 402
1945 428
1946 412
1947 294
1948 285
1949 290
1950 262
1951 292
1952 281
1953 260
1954 245
1955 270
1956 279
1957 270
1958 236
1959 278
1960 277
1961 266
1962 259
1963 285
1964 270
1965 296
1966 370
1967 439
1968 423
1969 400
1970 334
1971 293
1972 270
1973 265
1974 289
1975 253
1976 295
1977 404
1978 446
1979 581
1980 681
1981 670
1982 459
1983 380
1984 284
1985 267
1986 273
1987 256
1988 236
1989 245
1990 255
1991 242
1992 259
1993 242
1994 279
1995 300
1996 280
1997 252
1998 250
1999 238
2000 253
2001 232
2002 215
2003 203
2004 260
2005 222
2006 241
2007 255
2008 291
2009 280
2010 297
2011 243
2012 233
2013 222
2014 199
2015 241
2016 246
2017 255
2018 247
2019 254
2020 228
2021 231
2022 225
2023 233
2024 216
2025 223
2026 249
2027 219
2028 242
2029 246
2030 239
2031 268
2032 295
2033 326
2034 302
2035 249
2036 258
2037 246
2038 261
2039 240
2040 257
2041 247
2042 259
2043 299
2044 302
2045 288
2046 288
2047 237
2048 206
2049 208
2050 215
2051 248
2052 196
2053 193
2054 203
2055 229
2056 209
2057 222
2058 228
2059 197
2060 203
2061 199
2062 219
2063 186
2064 235
2065 180
2066 191
2067 186
2068 206
2069 188
2070 233
2071 240
2072 242
2073 204
2074 222
2075 189
2076 239
2077 217
2078 191
2079 225
2080 184
2081 205
2082 199
2083 195
2084 196
2085 197
2086 222
2087 229
2088 230
2089 265
2090 223
2091 226
2092 242
2093 228
2094 208
2095 219
2096 209
2097 185
2098 196
2099 190
2100 163
2101 210
2102 207
2103 257
2104 198
2105 201
2106 182
2107 194
2108 194
2109 167
2110 189
2111 167
2112 186
2113 180
2114 200
2115 198
2116 211
2117 165
2118 193
2119 191
2120 210
2121 217
2122 247
2123 245
2124 247
2125 203
2126 203
2127 212
2128 168
2129 168
2130 180
2131 185
2132 183
2133 207
2134 200
2135 208
2136 192
2137 163
2138 185
2139 179
2140 203
2141 186
2142 170
2143 181
2144 203
2145 248
2146 220
2147 203
2148 197
2149 195
2150 195
2151 206
2152 190
2153 209
2154 204
2155 195
2156 200
2157 184
2158 180
2159 168
2160 182
2161 212
2162 207
2163 195
2164 196
2165 199
2166 207
2167 203
2168 205
2169 223
2170 225
2171 254
2172 206
2173 242
2174 205
2175 187
2176 172
2177 165
2178 177
2179 187
2180 208
2181 243
2182 301
2183 302
2184 308
2185 287
2186 211
2187 207
2188 173
2189 156
2190 182
2191 176
2192 176
2193 183
2194 166
2195 175
2196 167
2197 172
2198 198
2199 220
2200 241
2201 236
2202 232
2203 207
2204 167
2205 184
2206 142
2207 168
2208 149
2209 159
2210 172
2211 177
2212 145
2213 184
2214 191
2215 170
2216 168
2217 164
2218 177
2219 173
2220 170
2221 181
2222 141
2223 155
2224 159
2225 139
2226 166
2227 163
2228 178
2229 166
2230 137
2231 166
2232 175
2233 169
2234 180
2235 169
2236 157
2237 149
2238 177
2239 167
2240 154
2241 175
2242 181
2243 162
2244 157
2245 173
2246 155
2247 164
2248 145
2249 158
2250 147
2251 155
2252 166
2253 170
2254 167
2255 188
2256 211
2257 212
2258 222
2259 221
2260 224
2261 210
2262 169
2263 156
2264 174
2265 166
2266 140
2267 164
2268 172
2269 143
2270 162
2271 151
2272 154
2273 168
2274 168
2275 152
2276 155
2277 165
2278 181
2279 200
2280 189
2281 166
2282 142
2283 145
2284 164
2285 141
2286 172
2287 154
2288 169
2289 156
2290 149
2291 181
2292 129
2293 166
2294 170
2295 148
2296 203
2297 277
2298 345
2299 398
2300 399
2301 348
2302 246
2303 238
2304 219
2305 220
2306 216
2307 214
2308 214
2309 214
2310 225
2311 218
2312 196
2313 168
2314 155
2315 159
2316 151
2317 162
2318 151
2319 146
2320 144
2321 171
2322 139
2323 126
2324 156
2325 155
2326 146
2327 135
2328 165
2329 140
2330 149
2331 157
2332 150
2333 136
2334 169
2335 171
2336 176
2337 186
2338 180
2339 163
2340 194
2341 199
2342 217
2343 313
2344 283
2345 292
2346 240
2347 247
2348 206
2349 236
2350 201
2351 169
2352 147
2353 145
2354 157
2355 140
2356 123
2357 142
2358 151
2359 164
2360 175
2361 172
2362 167
2363 195
2364 240
2365 282
2366 468
2367 570
2368 658
2369 536
2370 397
2371 266
2372 211
2373 202
2374 159
2375 168
2376 170
2377 146
2378 152
2379 188
2380 184
2381 203
2382 189
2383 158
2384 159
2385 148
2386 156
2387 148
2388 137
2389 143
2390 157
2391 172
2392 212
2393 228
2394 205
2395 199
2396 210
2397 207
2398 272
2399 333
2400 356
2401 302
2402 240
2403 206
2404 151
2405 135
2406 145
2407 156
2408 131
2409 145
2410 153
2411 135
2412 173
2413 191
2414 207
2415 188
2416 195
2417 157
2418 150
2419 143
2420 154
2421 191
2422 211
2423 223
2424 216
2425 282
2426 267
2427 305
2428 252
2429 211
2430 191
2431 149
2432 149
2433 142
2434 134
2435 161
2436 140
2437 137
2438 162
2439 151
2440 169
2441 169
2442 163
2443 176
2444 166
2445 147
2446 151
2447 148
2448 144
2449 141
2450 147
2451 168
2452 138
2453 134
2454 135
2455 152
2456 142
2457 132
2458 146
2459 135
2460 166
2461 157
2462 143
2463 162
2464 162
2465 193
2466 207
2467 227
2468 216
2469 173
2470 152
2471 133
2472 171
2473 139
2474 155
2475 165
2476 179
2477 158
2478 143
2479 138
2480 163
2481 145
2482 140
2483 134
2484 173
2485 146
2486 178
2487 167
2488 150
2489 165
2490 176
2491 169
2492 145
2493 145
2494 154
2495 122
2496 154
2497 170
2498 150
2499 158
2500 148
2501 161
2502 178
2503 170
2504 176
2505 192
2506 164
2507 120
2508 137
2509 126
2510 146
2511 151
2512 130
2513 158
2514 173
2515 214
2516 201
2517 231
2518 212
2519 165
2520 155
2521 150
2522 152
2523 158
2524 149
2525 159
2526 153
2527 145
2528 157
2529 166
2530 142
2531 194
2532 167
2533 131
2534 138
2535 134
2536 153
2537 135
2538 151
2539 141
2540 163
2541 173
2542 164
2543 137
2544 155
2545 138
2546 135
2547 128
2548 114
2549 120
2550 137
2551 131
2552 145
2553 170
2554 187
2555 214
2556 190
2557 159
2558 149
2559 120
2560 144
2561 129
2562 121
2563 122
2564 138
2565 139
2566 149
2567 141
2568 172
2569 171
2570 142
2571 138
2572 146
2573 196
2574 202
2575 222
2576 202
2577 190
2578 151
2579 128
2580 132
2581 139
2582 138
2583 128
2584 118
2585 138
2586 153
2587 160
2588 143
2589 147
2590 142
2591 124
2592 110
2593 128
2594 129
2595 108
2596 141
2597 115
2598 135
2599 135
2600 144
2601 138
2602 130
2603 107
2604 121
2605 121
2606 126
2607 126
2608 127
2609 145
2610 142
2611 137
2612 142
2613 121
2614 113
2615 112
2616 153
2617 124
2618 112
2619 133
2620 148
2621 132
2622 116
2623 106
2624 103
2625 125
2626 108
2627 123
2628 124
2629 135
2630 138
2631 145
2632 150
2633 157
2634 121
2635 115
2636 116
2637 112
2638 118
2639 120
2640 115
2641 139
2642 128
2643 136
2644 129
2645 109
2646 114
2647 108
2648 116
2649 111
2650 109
2651 109
2652 117
2653 108
2654 110
2655 99
2656 104
2657 98
2658 114
2659 111
2660 100
2661 109
2662 100
2663 112
2664 139
2665 128
2666 124
2667 114
2668 133
2669 118
2670 125
2671 101
2672 104
2673 104
2674 92
2675 95
2676 99
2677 100
2678 97
2679 106
2680 105
2681 102
2682 101
2683 103
2684 103
2685 115
2686 93
2687 101
2688 113
2689 106
2690 118
2691 101
2692 131
2693 111
2694 110
2695 125
2696 110
2697 136
2698 107
2699 98
2700 95
2701 111
2702 105
2703 112
2704 99
2705 106
2706 91
2707 105
2708 109
2709 94
2710 125
2711 104
2712 101
2713 93
2714 100
2715 103
2716 100
2717 97
2718 108
2719 114
2720 101
2721 107
2722 112
2723 130
2724 148
2725 159
2726 147
2727 141
2728 147
2729 95
2730 93
2731 98
2732 127
2733 110
2734 100
2735 82
2736 95
2737 95
2738 96
2739 88
2740 118
2741 87
2742 102
2743 108
2744 86
2745 101
2746 94
2747 105
2748 113
2749 100
2750 98
2751 137
2752 154
2753 214
2754 259
2755 243
2756 189
2757 135
2758 122
2759 113
2760 95
2761 128
2762 105
2763 92
2764 98
2765 83
2766 100
2767 83
2768 73
2769 74
2770 86
2771 109
2772 89
2773 75
2774 101
2775 88
2776 93
2777 97
2778 93
2779 99
2780 101
2781 70
2782 96
2783 94
2784 79
2785 93
2786 78
2787 87
2788 99
2789 92
2790 86
2791 112
2792 111
2793 70
2794 79
2795 80
2796 95
2797 96
2798 88
2799 86
2800 101
2801 92
2802 82
2803 102
2804 89
2805 93
2806 100
2807 86
2808 92
2809 112
2810 91
2811 88
2812 108
2813 99
2814 100
2815 80
2816 95
2817 77
2818 92
2819 77
2820 80
2821 69
2822 72
2823 79
2824 90
2825 91
2826 75
2827 84
2828 83
2829 88
2830 85
2831 69
2832 94
2833 76
2834 77
2835 80
2836 79
2837 73
2838 92
2839 71
2840 91
2841 88
2842 92
2843 69
2844 95
2845 87
2846 89
2847 103
2848 101
2849 98
2850 128
2851 106
2852 81
2853 96
2854 90
2855 79
2856 86
2857 69
2858 75
2859 94
2860 96
2861 98
2862 112
2863 169
2864 184
2865 181
2866 153
2867 150
2868 91
2869 97
2870 92
2871 72
2872 86
2873 86
2874 69
2875 63
2876 69
2877 78
2878 94
2879 95
2880 74
2881 71
2882 73
2883 71
2884 65
2885 67
2886 62
2887 73
2888 68
2889 63
2890 77
2891 70
2892 87
2893 62
2894 74
2895 74
2896 70
2897 78
2898 70
2899 68
2900 78
2901 72
2902 75
2903 60
2904 70
2905 73
2906 68
2907 65
2908 64
2909 54
2910 106
2911 69
2912 92
2913 81
2914 79
2915 71
2916 69
2917 59
2918 59
2919 77
2920 84
2921 78
2922 67
2923 72
2924 73
2925 76
2926 76
2927 80
2928 101
2929 125
2930 144
2931 161
2932 151
2933 159
2934 139
2935 134
2936 110
2937 103
2938 70
2939 72
2940 87
2941 72
2942 86
2943 69
2944 96
2945 83
2946 77
2947 65
2948 81
2949 63
2950 63
2951 61
2952 79
2953 55
2954 76
2955 59
2956 60
2957 69
2958 73
2959 55
2960 63
2961 63
2962 77
2963 65
2964 72
2965 88
2966 84
2967 102
2968 69
2969 92
2970 81
2971 68
2972 78
2973 62
2974 62
2975 57
2976 70
2977 73
2978 67
2979 80
2980 84
2981 74
2982 85
2983 82
2984 86
2985 118
2986 124
2987 173
2988 258
2989 349
2990 335
2991 331
2992 236
2993 188
2994 97
2995 121
2996 141
2997 191
2998 232
2999 331
3000 472
3001 507
3002 477
3003 371
3004 223
3005 145
3006 83
3007 75
3008 80
3009 80
3010 78
3011 73
3012 78
3013 86
3014 84
3015 60
3016 60
3017 57
3018 75
3019 68
3020 70
3021 56
3022 72
3023 63
3024 73
3025 69
3026 63
3027 62
3028 55
3029 59
3030 63
3031 61
3032 66
3033 69
3034 61
3035 59
3036 59
3037 70
3038 74
3039 76
3040 103
3041 115
3042 129
3043 102
3044 97
3045 84
3046 77
3047 84
3048 84
3049 104
3050 141
3051 199
3052 245
3053 267
3054 276
3055 197
3056 137
3057 95
3058 74
3059 72
3060 68
3061 83
3062 54
3063 67
3064 72
3065 53
3066 58
3067 59
3068 63
3069 67
3070 51
3071 73
3072 66
3073 63
3074 42
3075 50
3076 58
3077 60
3078 48
3079 49
3080 54
3081 62
3082 49
3083 61
3084 67
3085 57
3086 65
3087 59
3088 47
3089 61
3090 83
3091 79
3092 60
3093 64
3094 50
3095 58
3096 71
3097 51
3098 66
3099 53
3100 56
3101 56
3102 71
3103 56
3104 54
3105 63
3106 66
3107 72
3108 84
3109 91
3110 112
3111 106
3112 88
3113 83
3114 80
3115 90
3116 99
3117 69
3118 76
3119 66
3120 69
3121 81
3122 91
3123 70
3124 55
3125 58
3126 51
3127 57
3128 52
3129 60
3130 54
3131 54
3132 51
3133 50
3134 42
3135 49
3136 44
3137 55
3138 47
3139 38
3140 46
3141 52
3142 52
3143 46
3144 56
3145 72
3146 59
3147 77
3148 91
3149 53
3150 76
3151 49
3152 50
3153 41
3154 59
3155 37
3156 51
3157 63
3158 52
3159 51
3160 54
3161 49
3162 63
3163 63
3164 74
3165 63
3166 123
3167 138
3168 192
3169 218
3170 224
3171 195
3172 157
3173 85
3174 76
3175 61
3176 54
3177 49
3178 46
3179 57
3180 63
3181 65
3182 61
3183 50
3184 69
3185 68
3186 69
3187 77
3188 108
3189 138
3190 217
3191 272
3192 365
3193 362
3194 310
3195 193
3196 126
3197 71
3198 58
3199 67
3200 45
3201 53
3202 48
3203 50
3204 50
3205 45
3206 56
3207 48
3208 52
3209 50
3210 53
3211 45
3212 48
3213 53
3214 45
3215 55
3216 53
3217 79
3218 64
3219 43
3220 70
3221 51
3222 59
3223 54
3224 53
3225 56
3226 45
3227 38
3228 40
3229 47
3230 42
3231 44
3232 53
3233 41
3234 39
3235 52
3236 47
3237 50
3238 41
3239 59
3240 54
3241 62
3242 56
3243 62
3244 57
3245 47
3246 44
3247 49
3248 53
3249 53
3250 50
3251 41
3252 41
3253 47
3254 46
3255 46
3256 44
3257 45
3258 35
3259 40
3260 33
3261 42
3262 52
3263 34
3264 54
3265 38
3266 51
3267 30
3268 38
3269 40
3270 55
3271 53
3272 73
3273 71
3274 73
3275 73
3276 54
3277 53
3278 42
3279 63
3280 51
3281 61
3282 55
3283 44
3284 48
3285 52
3286 54
3287 38
3288 54
3289 46
3290 47
3291 44
3292 42
3293 59
3294 44
3295 51
3296 49
3297 46
3298 35
3299 45
3300 35
3301 42
3302 42
3303 46
3304 44
3305 58
3306 66
3307 62
3308 67
3309 68
3310 61
3311 52
3312 32
3313 39
3314 43
3315 49
3316 54
3317 45
3318 61
3319 53
3320 44
3321 39
3322 29
3323 40
3324 41
3325 45
3326 67
3327 50
3328 76
3329 89
3330 84
3331 64
3332 75
3333 40
3334 35
3335 31
3336 37
3337 34
3338 41
3339 23
3340 42
3341 36
3342 33
3343 35
3344 36
3345 36
3346 32
3347 30
3348 35
3349 34
3350 29
3351 34
3352 40
3353 43
3354 45
3355 43
3356 62
3357 64
3358 65
3359 51
3360 45
3361 35
3362 46
3363 41
3364 38
3365 40
3366 38
3367 58
3368 41
3369 41
3370 53
3371 39
3372 32
3373 35
3374 48
3375 38
3376 35
3377 33
3378 35
3379 39
3380 43
3381 29
3382 35
3383 39
3384 37
3385 25
3386 31
3387 34
3388 29
3389 29
3390 33
3391 35
3392 43
3393 52
3394 57
3395 51
3396 49
3397 56
3398 40
3399 30
3400 34
3401 36
3402 31
3403 26
3404 44
3405 24
3406 36
3407 37
3408 52
3409 40
3410 34
3411 43
3412 45
3413 41
3414 35
3415 47
3416 38
3417 35
3418 35
3419 30
3420 30
3421 38
3422 25
3423 34
3424 49
3425 41
3426 46
3427 42
3428 35
3429 43
3430 40
3431 27
3432 32
3433 39
3434 46
3435 40
3436 45
3437 59
3438 81
3439 124
3440 115
3441 144
3442 100
3443 107
3444 55
3445 47
3446 41
3447 38
3448 46
3449 44
3450 43
3451 39
3452 42
3453 41
3454 46
3455 51
3456 37
3457 32
3458 33
3459 28
3460 39
3461 41
3462 45
3463 53
3464 60
3465 60
3466 53
3467 47
3468 36
3469 34
3470 34
3471 37
3472 29
3473 28
3474 39
3475 34
3476 27
3477 24
3478 32
3479 26
3480 30
3481 32
3482 26
3483 38
3484 21
3485 21
3486 29
3487 25
3488 30
3489 28
3490 30
3491 29
3492 20
3493 30
3494 30
3495 30
3496 24
3497 22
3498 31
3499 30
3500 35
3501 30
3502 30
3503 34
3504 25
3505 30
3506 26
3507 34
3508 24
3509 24
3510 21
3511 38
3512 34
3513 31
3514 23
3515 33
3516 26
3517 27
3518 17
3519 35
3520 36
3521 26
3522 28
3523 24
3524 26
3525 26
3526 31
3527 38
3528 46
3529 31
3530 43
3531 31
3532 41
3533 59
3534 75
3535 86
3536 75
3537 85
3538 103
3539 114
3540 100
3541 86
3542 64
3543 43
3544 48
3545 29
3546 28
3547 28
3548 45
3549 43
3550 29
3551 40
3552 32
3553 33
3554 27
3555 28
3556 30
3557 29
3558 20
3559 30
3560 47
3561 51
3562 51
3563 70
3564 62
3565 79
3566 56
3567 47
3568 33
3569 30
3570 35
3571 26
3572 29
3573 34
3574 36
3575 30
3576 27
3577 33
3578 18
3579 17
3580 26
3581 37
3582 24
3583 18
3584 23
3585 28
3586 22
3587 20
3588 32
3589 22
3590 27
3591 30
3592 22
3593 19
3594 30
3595 26
3596 17
3597 32
3598 27
3599 27
3600 24
3601 22
3602 31
3603 20
3604 21
3605 29
3606 29
3607 30
3608 27
3609 20
3610 30
3611 18
3612 31
3613 23
3614 20
3615 14
3616 21
3617 26
3618 24
3619 25
3620 27
3621 12
3622 27
3623 25
3624 24
3625 25
3626 35
3627 33
3628 19
3629 32
3630 18
3631 18
3632 20
3633 19
3634 22
3635 21
3636 29
3637 27
3638 18
3639 24
3640 26
3641 25
3642 19
3643 21
3644 24
3645 25
3646 19
3647 23
3648 32
3649 32
3650 25
3651 31
3652 28
3653 15
3654 25
3655 30
3656 27
3657 20
3658 25
3659 16
3660 20
3661 32
3662 30
3663 33
3664 26
3665 29
3666 25
3667 18
3668 21
3669 28
3670 22
3671 17
3672 29
3673 19
3674 34
3675 32
3676 28
3677 14
3678 19
3679 18
3680 30
3681 24
3682 22
3683 24
3684 28
3685 18
3686 23
3687 19
3688 22
3689 13
3690 19
3691 18
3692 14
3693 21
3694 21
3695 25
3696 19
3697 24
3698 27
3699 25
3700 26
3701 23
3702 39
3703 46
3704 61
3705 55
3706 56
3707 41
3708 42
3709 21
3710 20
3711 20
3712 14
3713 18
3714 32
3715 21
3716 21
3717 29
3718 25
3719 13
3720 15
3721 20
3722 12
3723 21
3724 10
3725 19
3726 22
3727 18
3728 26
3729 27
3730 24
3731 34
3732 24
3733 27
3734 18
3735 25
3736 18
3737 21
3738 26
3739 18
3740 23
3741 16
3742 21
3743 20
3744 24
3745 24
3746 18
3747 21
3748 26
3749 24
3750 18
3751 16
3752 23
3753 24
3754 27
3755 28
3756 26
3757 16
3758 15
3759 23
3760 22
3761 16
3762 18
3763 9
3764 19
3765 16
3766 14
3767 25
3768 17
3769 27
3770 38
3771 34
3772 38
3773 59
3774 82
3775 72
3776 80
3777 60
3778 49
3779 35
3780 27
3781 24
3782 13
3783 22
3784 16
3785 13
3786 22
3787 17
3788 15
3789 10
3790 15
3791 14
3792 16
3793 12
3794 24
3795 24
3796 25
3797 23
3798 38
3799 25
3800 23
3801 22
3802 24
3803 21
3804 18
3805 23
3806 16
3807 16
3808 13
3809 22
3810 21
3811 26
3812 17
3813 16
3814 18
3815 17
3816 20
3817 21
3818 19
3819 19
3820 19
3821 16
3822 12
3823 17
3824 11
3825 8
3826 11
3827 11
3828 7
3829 17
3830 15
3831 11
3832 9
3833 12
3834 13
3835 13
3836 14
3837 16
3838 8
3839 20
3840 24
3841 15
3842 8
3843 12
3844 22
3845 10
3846 9
3847 15
3848 16
3849 9
3850 13
3851 21
3852 15
3853 16
3854 16
3855 10
3856 18
3857 9
3858 19
3859 17
3860 15
3861 30
3862 33
3863 20
3864 37
3865 30
3866 18
3867 15
3868 20
3869 9
3870 16
3871 13
3872 10
3873 12
3874 14
3875 14
3876 14
3877 16
3878 4
3879 11
3880 15
3881 23
3882 22
3883 37
3884 30
3885 31
3886 19
3887 22
3888 21
3889 10
3890 15
3891 12
3892 13
3893 13
3894 13
3895 6
3896 15
3897 14
3898 10
3899 16
3900 12
3901 17
3902 13
3903 14
3904 10
3905 16
3906 17
3907 15
3908 11
3909 10
3910 12
3911 9
3912 5
3913 14
3914 10
3915 14
3916 19
3917 21
3918 28
3919 19
3920 22
3921 31
3922 30
3923 18
3924 18
3925 22
3926 21
3927 24
3928 21
3929 16
3930 16
3931 17
3932 8
3933 9
3934 11
3935 10
3936 10
3937 8
3938 13
3939 12
3940 8
3941 16
3942 6
3943 11
3944 8
3945 15
3946 13
3947 10
3948 10
3949 12
3950 13
3951 10
3952 11
3953 9
3954 11
3955 7
3956 9
3957 7
3958 4
3959 5
3960 10
3961 7
3962 13
3963 5
3964 5
3965 7
3966 5
3967 10
3968 5
3969 5
3970 6
3971 8
3972 9
3973 15
3974 7
3975 8
3976 8
3977 8
3978 7
3979 7
3980 4
3981 15
3982 10
3983 8
3984 7
3985 9
3986 10
3987 12
3988 15
3989 18
3990 21
3991 14
3992 17
3993 14
3994 16
3995 17
3996 11
3997 15
3998 12
3999 13
4000 9
4001 12
4002 12
4003 13
4004 11
4005 11
4006 17
4007 15
4008 9
4009 11
4010 14
4011 10
4012 4
4013 8
4014 9
4015 10
4016 8
4017 4
4018 8
4019 10
4020 7
4021 11
4022 12
4023 11
4024 15
4025 8
4026 7
4027 11
4028 11
4029 16
4030 17
4031 18
4032 25
4033 40
4034 68
4035 71
4036 75
4037 100
4038 65
4039 67
4040 54
4041 25
4042 13
4043 14
4044 8
4045 9
4046 12
4047 9
4048 9
4049 9
4050 9
4051 10
4052 11
4053 7
4054 13
4055 18
4056 10
4057 10
4058 14
4059 15
4060 13
4061 16
4062 11
4063 14
4064 7
4065 9
4066 15
4067 16
4068 12
4069 11
4070 9
4071 7
4072 6
4073 11
4074 8
4075 8
4076 14
4077 6
4078 10
4079 6
4080 10
4081 12
4082 12
4083 13
4084 12
4085 25
4086 35
4087 38
4088 48
4089 43
4090 22
4091 34
4092 27
4093 10
4094 11
4095 7
End
