ASCII channel-by-channel listing for 290_004.18
1139 - 57 - 278 started 2018-10-17 00:42:20.0 on counter 76
Generated Oct 17 2018 16.49.32, CRNG database/web system
Channel Data
0 150
1 167
2 0
3 0
4 0
5 0
6 0
7 0
8 0
9 0
10 0
11 0
12 0
13 0
14 0
15 0
16 0
17 0
18 0
19 0
20 0
21 0
22 0
23 0
24 0
25 0
26 0
27 0
28 0
29 0
30 0
31 0
32 0
33 0
34 0
35 0
36 0
37 0
38 0
39 0
40 0
41 0
42 0
43 0
44 0
45 0
46 0
47 0
48 0
49 0
50 0
51 0
52 0
53 0
54 0
55 0
56 0
57 0
58 0
59 0
60 0
61 0
62 0
63 0
64 0
65 0
66 0
67 0
68 0
69 0
70 0
71 0
72 0
73 0
74 0
75 0
76 0
77 0
78 0
79 0
80 10
81 91
82 329
83 951
84 5585
85 9210
86 9342
87 9092
88 9339
89 9032
90 8903
91 9014
92 8906
93 9062
94 9007
95 8933
96 8980
97 8764
98 9005
99 8684
100 8770
101 8719
102 8634
103 8534
104 8434
105 8501
106 8576
107 8628
108 8548
109 8345
110 8411
111 8382
112 8578
113 8428
114 8739
115 9028
116 12796
117 16635
118 10561
119 8527
120 8253
121 8189
122 8105
123 8184
124 8132
125 8130
126 8236
127 8171
128 8062
129 8243
130 8274
131 8188
132 8264
133 8289
134 8475
135 8301
136 8382
137 8319
138 8280
139 8224
140 8329
141 8358
142 8387
143 8460
144 8541
145 8902
146 9086
147 8569
148 8684
149 8617
150 9715
151 8799
152 8263
153 8532
154 8673
155 8547
156 8449
157 8358
158 8434
159 8394
160 8413
161 8447
162 8660
163 8511
164 8730
165 8712
166 8755
167 8871
168 9038
169 9267
170 9460
171 9163
172 8967
173 9363
174 10290
175 13794
176 17727
177 12765
178 10145
179 9560
180 9293
181 9253
182 9393
183 9449
184 9390
185 9604
186 9437
187 9476
188 9595
189 9633
190 9734
191 9945
192 9954
193 10465
194 13556
195 13555
196 10587
197 9936
198 10064
199 10015
200 10101
201 10025
202 10416
203 10214
204 10209
205 10216
206 10317
207 10433
208 10575
209 10636
210 10793
211 10776
212 10803
213 10806
214 11010
215 11101
216 11194
217 11296
218 11335
219 11304
220 11344
221 11505
222 11543
223 11512
224 11497
225 11579
226 11725
227 11683
228 11670
229 11763
230 11946
231 11921
232 11963
233 12110
234 12073
235 12457
236 12721
237 12519
238 13064
239 14394
240 13433
241 12171
242 11920
243 11996
244 12177
245 12149
246 12183
247 12776
248 13016
249 12520
250 12018
251 12114
252 12241
253 12234
254 12406
255 12255
256 12465
257 12351
258 12582
259 12988
260 17071
261 37153
262 44139
263 19936
264 13116
265 12824
266 12880
267 12665
268 12627
269 12365
270 12268
271 12312
272 12495
273 12250
274 12372
275 12500
276 12366
277 12235
278 12410
279 12282
280 12338
281 12223
282 12512
283 12383
284 12373
285 12302
286 12245
287 12217
288 12272
289 12208
290 12068
291 12124
292 12081
293 11931
294 12038
295 11866
296 12066
297 11852
298 11930
299 11833
300 11732
301 11768
302 11665
303 11746
304 11770
305 11693
306 11744
307 11649
308 11710
309 11714
310 11837
311 12285
312 11862
313 11580
314 11394
315 11483
316 11567
317 11381
318 11377
319 11425
320 11409
321 11421
322 11166
323 11410
324 11276
325 11443
326 11142
327 11144
328 11171
329 11165
330 11089
331 11434
332 11220
333 11012
334 11221
335 11063
336 11118
337 11138
338 11356
339 11138
340 11183
341 11360
342 11179
343 11504
344 11344
345 11311
346 11510
347 11343
348 11749
349 11587
350 11258
351 11183
352 11414
353 11452
354 11333
355 11413
356 12047
357 13059
358 12615
359 11351
360 11073
361 11167
362 11161
363 11853
364 14385
365 14045
366 11547
367 10695
368 10688
369 10829
370 10663
371 10891
372 10823
373 10617
374 10786
375 10721
376 10413
377 10427
378 10432
379 10452
380 10456
381 10329
382 10229
383 10189
384 10292
385 10163
386 10182
387 10064
388 9907
389 10037
390 9923
391 10039
392 9969
393 9901
394 9712
395 9811
396 9633
397 9679
398 9637
399 9677
400 9612
401 9437
402 9662
403 9423
404 9588
405 9574
406 9492
407 9434
408 9558
409 9344
410 9488
411 10246
412 14620
413 20715
414 15849
415 10082
416 9375
417 9130
418 9075
419 8933
420 8934
421 8921
422 9133
423 9184
424 9034
425 8828
426 8825
427 8655
428 8707
429 8475
430 8680
431 8699
432 8868
433 8854
434 8613
435 8589
436 8304
437 8307
438 8227
439 8253
440 8212
441 8024
442 8198
443 8106
444 8270
445 8073
446 8078
447 7934
448 8171
449 8083
450 7885
451 7710
452 7857
453 7697
454 7628
455 7501
456 7883
457 8033
458 7855
459 7411
460 7560
461 7631
462 7558
463 7510
464 7359
465 7364
466 7358
467 7286
468 7351
469 7306
470 7173
471 7280
472 7231
473 7351
474 7335
475 7112
476 7100
477 6946
478 7085
479 6913
480 7095
481 7060
482 6741
483 6874
484 6830
485 6956
486 6858
487 6740
488 6812
489 6870
490 6856
491 6764
492 6682
493 6616
494 6684
495 6724
496 6916
497 7662
498 8378
499 7494
500 6896
501 6638
502 6675
503 6642
504 6717
505 6413
506 6661
507 7069
508 8854
509 9069
510 7604
511 6509
512 6382
513 6481
514 6387
515 6284
516 6222
517 6257
518 6186
519 6268
520 6288
521 6618
522 7618
523 8293
524 7281
525 6624
526 6233
527 6494
528 7031
529 9975
530 26516
531 50654
532 36654
533 12580
534 7212
535 7196
536 7612
537 7160
538 6374
539 6280
540 6037
541 6085
542 6074
543 6031
544 6211
545 6037
546 5872
547 6044
548 5877
549 5833
550 6167
551 6103
552 6481
553 6163
554 5927
555 6180
556 7715
557 11437
558 12977
559 8738
560 6209
561 5889
562 5908
563 5769
564 5869
565 6047
566 5874
567 5687
568 5592
569 5774
570 5665
571 5776
572 5891
573 5925
574 5779
575 5820
576 5817
577 5782
578 5952
579 7612
580 9632
581 8593
582 7403
583 6781
584 5912
585 5717
586 5814
587 5880
588 6261
589 6020
590 5827
591 5701
592 5629
593 5575
594 5558
595 5701
596 5762
597 6123
598 8008
599 16214
600 27627
601 21239
602 9321
603 6913
604 8764
605 9819
606 7515
607 5849
608 5661
609 5637
610 5463
611 5864
612 5633
613 5621
614 6094
615 6363
616 5827
617 5469
618 5422
619 5418
620 5517
621 5440
622 5383
623 5268
624 5291
625 5231
626 5297
627 5200
628 5249
629 5248
630 5366
631 5355
632 5242
633 5195
634 5131
635 5215
636 5311
637 5346
638 5505
639 5253
640 5273
641 5126
642 5281
643 5159
644 5083
645 5167
646 4991
647 5173
648 5224
649 5116
650 5125
651 5180
652 5029
653 5163
654 5016
655 4876
656 5104
657 5356
658 5125
659 5274
660 4942
661 5000
662 4980
663 4963
664 4956
665 4886
666 4888
667 4792
668 5027
669 4893
670 4777
671 4719
672 4761
673 4832
674 4788
675 4806
676 4955
677 5232
678 5315
679 5112
680 4747
681 4349
682 4451
683 4410
684 4245
685 4296
686 4282
687 4233
688 4172
689 4141
690 4231
691 4604
692 6420
693 7245
694 5821
695 4229
696 3856
697 3857
698 3823
699 3826
700 3904
701 3859
702 3665
703 3525
704 3628
705 3567
706 3586
707 3550
708 3496
709 3480
710 3423
711 3587
712 3380
713 3440
714 3566
715 3401
716 3371
717 3304
718 3239
719 3397
720 3298
721 3311
722 3332
723 3290
724 3264
725 3255
726 3259
727 3502
728 4027
729 4212
730 3607
731 3177
732 3054
733 3115
734 3121
735 3112
736 3017
737 3175
738 3050
739 3200
740 3116
741 3125
742 3026
743 3002
744 3039
745 2999
746 3180
747 3155
748 3076
749 3008
750 2897
751 2822
752 2981
753 2989
754 3028
755 2832
756 2814
757 2824
758 2968
759 3655
760 3796
761 3093
762 2827
763 2687
764 2783
765 2688
766 2662
767 2788
768 2713
769 2637
770 2814
771 2796
772 2584
773 2630
774 2747
775 2880
776 2871
777 2712
778 2705
779 2567
780 2694
781 2529
782 2577
783 2550
784 2665
785 2640
786 2595
787 2390
788 2443
789 2369
790 2413
791 2326
792 2298
793 2308
794 2484
795 2766
796 3074
797 2708
798 2506
799 2312
800 2399
801 2305
802 2324
803 2275
804 2243
805 2263
806 2289
807 2317
808 2495
809 3094
810 3215
811 2659
812 2260
813 2250
814 2291
815 2236
816 2189
817 2142
818 2157
819 2194
820 2341
821 2405
822 2335
823 2174
824 2159
825 1980
826 1948
827 2015
828 2028
829 1969
830 2007
831 2045
832 2013
833 2022
834 2029
835 1998
836 1996
837 2081
838 2224
839 2191
840 2040
841 1952
842 1903
843 2006
844 2045
845 2112
846 2356
847 2229
848 1954
849 1914
850 1933
851 1895
852 1893
853 1938
854 1909
855 1806
856 1909
857 1886
858 1880
859 1834
860 1861
861 1915
862 1882
863 2148
864 2927
865 3996
866 3493
867 2312
868 1885
869 1709
870 1730
871 1800
872 1843
873 1848
874 1854
875 1866
876 1845
877 1778
878 1740
879 1720
880 1714
881 1695
882 1666
883 1705
884 1700
885 1717
886 1924
887 2274
888 2772
889 2742
890 2305
891 1825
892 1750
893 1856
894 1988
895 1896
896 1771
897 1624
898 1590
899 1603
900 1660
901 1683
902 1646
903 1586
904 1686
905 1767
906 2129
907 2173
908 1791
909 1652
910 1604
911 1557
912 1589
913 1571
914 1591
915 1567
916 1584
917 1564
918 1610
919 1596
920 1641
921 1601
922 1664
923 1612
924 1535
925 1667
926 1603
927 2083
928 3436
929 4861
930 4104
931 2503
932 1711
933 1572
934 1592
935 1556
936 1510
937 1489
938 1542
939 1578
940 1557
941 1547
942 1497
943 1512
944 1532
945 1482
946 1593
947 1571
948 1686
949 2071
950 3029
951 3766
952 4852
953 10593
954 20901
955 21529
956 10248
957 3255
958 1938
959 1955
960 2315
961 2736
962 2406
963 1800
964 1582
965 1704
966 2014
967 2390
968 2166
969 1705
970 1707
971 1575
972 1553
973 1707
974 1781
975 1648
976 1515
977 1461
978 1371
979 1325
980 1384
981 1413
982 1429
983 1306
984 1358
985 1403
986 1435
987 1390
988 1397
989 1566
990 1793
991 1798
992 1872
993 1770
994 1639
995 1475
996 1392
997 1481
998 1555
999 1485
1000 1388
1001 1432
1002 1518
1003 1512
1004 1526
1005 1516
1006 1543
1007 1559
1008 1677
1009 1761
1010 1878
1011 1961
1012 2004
1013 2167
1014 2717
1015 3812
1016 5605
1017 9200
1018 16670
1019 29698
1020 47476
1021 60034
1022 60526
1023 52188
1024 39072
1025 25007
1026 14854
1027 8122
1028 4982
1029 3359
1030 2447
1031 2183
1032 2108
1033 2069
1034 2767
1035 5114
1036 7339
1037 5807
1038 2824
1039 1458
1040 1315
1041 1277
1042 1182
1043 1175
1044 1174
1045 1258
1046 1670
1047 2481
1048 2454
1049 1709
1050 1209
1051 1056
1052 1035
1053 1062
1054 1126
1055 1131
1056 1122
1057 1088
1058 1056
1059 1007
1060 993
1061 995
1062 954
1063 980
1064 925
1065 973
1066 959
1067 975
1068 959
1069 961
1070 1014
1071 1026
1072 951
1073 951
1074 931
1075 908
1076 934
1077 854
1078 869
1079 1050
1080 1326
1081 1830
1082 2350
1083 2259
1084 1529
1085 981
1086 873
1087 855
1088 838
1089 901
1090 937
1091 1094
1092 1161
1093 1157
1094 1046
1095 985
1096 832
1097 827
1098 802
1099 807
1100 845
1101 828
1102 895
1103 859
1104 852
1105 911
1106 840
1107 875
1108 827
1109 878
1110 860
1111 930
1112 978
1113 931
1114 1014
1115 932
1116 868
1117 816
1118 847
1119 1030
1120 1070
1121 1064
1122 865
1123 808
1124 885
1125 914
1126 981
1127 908
1128 920
1129 1118
1130 1446
1131 1487
1132 1329
1133 1453
1134 1867
1135 1760
1136 1224
1137 968
1138 790
1139 880
1140 912
1141 1002
1142 1355
1143 2454
1144 4253
1145 4441
1146 2635
1147 1277
1148 879
1149 801
1150 848
1151 909
1152 1166
1153 1896
1154 2550
1155 2227
1156 1371
1157 917
1158 792
1159 790
1160 844
1161 914
1162 1042
1163 975
1164 782
1165 820
1166 781
1167 752
1168 861
1169 1004
1170 881
1171 839
1172 741
1173 754
1174 770
1175 799
1176 755
1177 714
1178 721
1179 686
1180 693
1181 776
1182 826
1183 791
1184 798
1185 724
1186 718
1187 732
1188 722
1189 762
1190 843
1191 1062
1192 1175
1193 1066
1194 944
1195 851
1196 744
1197 779
1198 663
1199 650
1200 668
1201 687
1202 727
1203 693
1204 736
1205 773
1206 874
1207 1083
1208 1685
1209 2520
1210 2559
1211 2294
1212 3773
1213 6498
1214 7039
1215 4207
1216 1710
1217 864
1218 703
1219 710
1220 716
1221 771
1222 1066
1223 1468
1224 1635
1225 1261
1226 797
1227 692
1228 670
1229 705
1230 742
1231 763
1232 700
1233 801
1234 1224
1235 1930
1236 2376
1237 1928
1238 1205
1239 769
1240 684
1241 780
1242 1157
1243 1414
1244 1337
1245 975
1246 707
1247 657
1248 586
1249 607
1250 609
1251 577
1252 586
1253 541
1254 567
1255 575
1256 576
1257 628
1258 606
1259 644
1260 684
1261 716
1262 672
1263 772
1264 1114
1265 1623
1266 1603
1267 1075
1268 739
1269 617
1270 560
1271 561
1272 547
1273 523
1274 556
1275 547
1276 608
1277 627
1278 601
1279 625
1280 556
1281 507
1282 566
1283 515
1284 569
1285 563
1286 534
1287 618
1288 885
1289 1168
1290 1137
1291 856
1292 610
1293 525
1294 505
1295 463
1296 494
1297 492
1298 452
1299 489
1300 499
1301 515
1302 506
1303 534
1304 533
1305 539
1306 540
1307 641
1308 632
1309 594
1310 494
1311 495
1312 566
1313 536
1314 515
1315 478
1316 507
1317 488
1318 465
1319 511
1320 469
1321 484
1322 503
1323 572
1324 558
1325 658
1326 748
1327 755
1328 713
1329 738
1330 949
1331 1271
1332 1418
1333 1033
1334 697
1335 593
1336 562
1337 551
1338 552
1339 517
1340 498
1341 558
1342 500
1343 523
1344 505
1345 471
1346 461
1347 425
1348 452
1349 468
1350 462
1351 457
1352 484
1353 542
1354 567
1355 641
1356 614
1357 625
1358 611
1359 502
1360 477
1361 469
1362 463
1363 470
1364 442
1365 506
1366 475
1367 556
1368 645
1369 659
1370 620
1371 531
1372 449
1373 456
1374 440
1375 482
1376 522
1377 845
1378 1516
1379 1768
1380 1410
1381 801
1382 508
1383 475
1384 445
1385 457
1386 442
1387 428
1388 439
1389 410
1390 403
1391 445
1392 445
1393 501
1394 481
1395 479
1396 475
1397 391
1398 450
1399 478
1400 456
1401 447
1402 403
1403 406
1404 417
1405 440
1406 411
1407 376
1408 349
1409 390
1410 380
1411 383
1412 390
1413 417
1414 476
1415 489
1416 464
1417 406
1418 388
1419 420
1420 398
1421 436
1422 476
1423 517
1424 468
1425 413
1426 414
1427 454
1428 345
1429 403
1430 363
1431 345
1432 336
1433 363
1434 401
1435 460
1436 475
1437 417
1438 474
1439 442
1440 400
1441 370
1442 386
1443 360
1444 374
1445 344
1446 344
1447 336
1448 324
1449 354
1450 391
1451 352
1452 340
1453 355
1454 333
1455 365
1456 357
1457 389
1458 364
1459 344
1460 337
1461 359
1462 374
1463 324
1464 366
1465 356
1466 339
1467 323
1468 348
1469 322
1470 380
1471 361
1472 387
1473 376
1474 361
1475 335
1476 364
1477 348
1478 363
1479 358
1480 391
1481 397
1482 406
1483 385
1484 374
1485 376
1486 358
1487 334
1488 318
1489 359
1490 335
1491 326
1492 294
1493 306
1494 346
1495 358
1496 339
1497 344
1498 322
1499 371
1500 396
1501 405
1502 356
1503 402
1504 373
1505 353
1506 351
1507 426
1508 397
1509 440
1510 362
1511 364
1512 362
1513 326
1514 344
1515 339
1516 297
1517 343
1518 373
1519 333
1520 325
1521 320
1522 288
1523 305
1524 312
1525 334
1526 287
1527 336
1528 333
1529 359
1530 374
1531 396
1532 319
1533 341
1534 335
1535 306
1536 297
1537 312
1538 298
1539 345
1540 313
1541 314
1542 309
1543 304
1544 314
1545 345
1546 340
1547 382
1548 388
1549 355
1550 334
1551 309
1552 333
1553 327
1554 371
1555 399
1556 409
1557 393
1558 366
1559 355
1560 342
1561 373
1562 374
1563 421
1564 592
1565 1170
1566 2204
1567 3570
1568 4324
1569 3985
1570 2757
1571 1435
1572 590
1573 390
1574 314
1575 312
1576 302
1577 317
1578 288
1579 282
1580 300
1581 301
1582 316
1583 286
1584 294
1585 301
1586 272
1587 248
1588 260
1589 274
1590 276
1591 272
1592 273
1593 231
1594 263
1595 283
1596 334
1597 285
1598 264
1599 324
1600 274
1601 283
1602 293
1603 303
1604 317
1605 287
1606 295
1607 291
1608 275
1609 294
1610 307
1611 306
1612 284
1613 307
1614 276
1615 255
1616 257
1617 273
1618 277
1619 328
1620 366
1621 328
1622 369
1623 341
1624 326
1625 270
1626 268
1627 270
1628 247
1629 269
1630 338
1631 380
1632 353
1633 291
1634 266
1635 270
1636 295
1637 318
1638 433
1639 485
1640 432
1641 352
1642 291
1643 260
1644 294
1645 254
1646 276
1647 230
1648 254
1649 273
1650 268
1651 254
1652 304
1653 314
1654 441
1655 741
1656 1227
1657 1555
1658 1320
1659 874
1660 488
1661 347
1662 325
1663 250
1664 252
1665 249
1666 266
1667 247
1668 306
1669 353
1670 354
1671 323
1672 254
1673 294
1674 254
1675 268
1676 258
1677 278
1678 272
1679 274
1680 260
1681 285
1682 348
1683 326
1684 303
1685 303
1686 259
1687 282
1688 301
1689 344
1690 399
1691 508
1692 580
1693 576
1694 375
1695 303
1696 205
1697 254
1698 256
1699 256
1700 244
1701 208
1702 269
1703 242
1704 248
1705 249
1706 256
1707 263
1708 215
1709 249
1710 248
1711 260
1712 250
1713 257
1714 291
1715 311
1716 458
1717 482
1718 439
1719 320
1720 294
1721 293
1722 293
1723 349
1724 367
1725 393
1726 346
1727 277
1728 244
1729 212
1730 216
1731 233
1732 257
1733 313
1734 324
1735 320
1736 299
1737 281
1738 265
1739 272
1740 388
1741 549
1742 829
1743 881
1744 704
1745 436
1746 278
1747 283
1748 305
1749 310
1750 295
1751 290
1752 270
1753 259
1754 299
1755 262
1756 274
1757 228
1758 254
1759 297
1760 275
1761 278
1762 256
1763 247
1764 222
1765 237
1766 220
1767 191
1768 211
1769 212
1770 217
1771 194
1772 201
1773 224
1774 270
1775 234
1776 261
1777 253
1778 224
1779 210
1780 206
1781 213
1782 233
1783 193
1784 229
1785 217
1786 242
1787 223
1788 232
1789 207
1790 206
1791 175
1792 179
1793 196
1794 201
1795 184
1796 200
1797 226
1798 284
1799 284
1800 268
1801 263
1802 248
1803 223
1804 243
1805 215
1806 214
1807 195
1808 213
1809 256
1810 380
1811 536
1812 598
1813 490
1814 287
1815 248
1816 210
1817 208
1818 225
1819 208
1820 228
1821 236
1822 253
1823 269
1824 273
1825 232
1826 215
1827 219
1828 204
1829 222
1830 247
1831 230
1832 219
1833 219
1834 185
1835 171
1836 165
1837 201
1838 195
1839 205
1840 210
1841 213
1842 233
1843 224
1844 208
1845 209
1846 209
1847 207
1848 196
1849 204
1850 250
1851 203
1852 222
1853 210
1854 171
1855 197
1856 177
1857 195
1858 199
1859 181
1860 197
1861 221
1862 243
1863 248
1864 216
1865 208
1866 216
1867 220
1868 212
1869 188
1870 229
1871 198
1872 208
1873 188
1874 199
1875 190
1876 213
1877 196
1878 180
1879 192
1880 185
1881 186
1882 201
1883 210
1884 190
1885 237
1886 291
1887 306
1888 294
1889 242
1890 237
1891 182
1892 204
1893 191
1894 188
1895 179
1896 184
1897 172
1898 179
1899 229
1900 352
1901 399
1902 437
1903 365
1904 269
1905 214
1906 193
1907 181
1908 211
1909 168
1910 205
1911 179
1912 174
1913 180
1914 184
1915 184
1916 182
1917 195
1918 187
1919 189
1920 175
1921 175
1922 213
1923 234
1924 213
1925 218
1926 233
1927 206
1928 208
1929 260
1930 215
1931 210
1932 222
1933 194
1934 207
1935 191
1936 207
1937 200
1938 193
1939 214
1940 210
1941 209
1942 235
1943 282
1944 363
1945 398
1946 308
1947 231
1948 201
1949 193
1950 182
1951 195
1952 164
1953 191
1954 182
1955 225
1956 179
1957 202
1958 190
1959 175
1960 173
1961 194
1962 186
1963 180
1964 200
1965 224
1966 290
1967 333
1968 370
1969 307
1970 227
1971 214
1972 173
1973 181
1974 196
1975 236
1976 232
1977 307
1978 414
1979 572
1980 686
1981 629
1982 438
1983 296
1984 184
1985 191
1986 190
1987 192
1988 167
1989 179
1990 178
1991 155
1992 182
1993 196
1994 201
1995 205
1996 206
1997 171
1998 154
1999 161
2000 175
2001 183
2002 145
2003 155
2004 164
2005 145
2006 196
2007 184
2008 212
2009 227
2010 198
2011 178
2012 174
2013 155
2014 150
2015 163
2016 166
2017 200
2018 179
2019 190
2020 189
2021 177
2022 166
2023 159
2024 154
2025 179
2026 172
2027 193
2028 158
2029 191
2030 190
2031 224
2032 254
2033 261
2034 219
2035 185
2036 188
2037 192
2038 190
2039 171
2040 175
2041 193
2042 200
2043 232
2044 228
2045 234
2046 213
2047 153
2048 166
2049 134
2050 170
2051 134
2052 173
2053 163
2054 162
2055 151
2056 165
2057 185
2058 183
2059 166
2060 168
2061 211
2062 210
2063 264
2064 275
2065 233
2066 183
2067 156
2068 142
2069 151
2070 130
2071 153
2072 167
2073 165
2074 170
2075 167
2076 171
2077 171
2078 169
2079 170
2080 152
2081 153
2082 150
2083 159
2084 142
2085 154
2086 178
2087 198
2088 207
2089 211
2090 236
2091 207
2092 235
2093 224
2094 190
2095 182
2096 155
2097 179
2098 154
2099 154
2100 131
2101 123
2102 142
2103 142
2104 165
2105 150
2106 144
2107 118
2108 125
2109 121
2110 165
2111 162
2112 137
2113 138
2114 129
2115 159
2116 132
2117 122
2118 145
2119 164
2120 156
2121 174
2122 184
2123 201
2124 183
2125 179
2126 172
2127 164
2128 154
2129 149
2130 148
2131 131
2132 158
2133 139
2134 144
2135 149
2136 136
2137 148
2138 133
2139 133
2140 138
2141 140
2142 157
2143 134
2144 148
2145 165
2146 178
2147 187
2148 148
2149 134
2150 156
2151 155
2152 155
2153 142
2154 172
2155 148
2156 173
2157 147
2158 149
2159 158
2160 163
2161 168
2162 173
2163 165
2164 164
2165 144
2166 144
2167 172
2168 149
2169 174
2170 187
2171 191
2172 159
2173 157
2174 149
2175 159
2176 131
2177 149
2178 130
2179 162
2180 187
2181 186
2182 268
2183 311
2184 290
2185 224
2186 208
2187 172
2188 152
2189 146
2190 122
2191 117
2192 146
2193 145
2194 151
2195 165
2196 135
2197 156
2198 188
2199 189
2200 232
2201 170
2202 167
2203 142
2204 132
2205 136
2206 121
2207 124
2208 132
2209 132
2210 158
2211 112
2212 151
2213 126
2214 133
2215 129
2216 141
2217 118
2218 146
2219 163
2220 148
2221 108
2222 147
2223 139
2224 125
2225 113
2226 140
2227 143
2228 121
2229 124
2230 107
2231 156
2232 114
2233 132
2234 132
2235 123
2236 145
2237 132
2238 132
2239 113
2240 139
2241 141
2242 148
2243 121
2244 125
2245 155
2246 108
2247 117
2248 108
2249 127
2250 116
2251 123
2252 109
2253 139
2254 127
2255 167
2256 173
2257 204
2258 203
2259 206
2260 217
2261 172
2262 130
2263 137
2264 125
2265 122
2266 137
2267 114
2268 141
2269 149
2270 128
2271 119
2272 149
2273 128
2274 127
2275 128
2276 113
2277 125
2278 124
2279 141
2280 128
2281 127
2282 112
2283 127
2284 128
2285 144
2286 139
2287 122
2288 122
2289 112
2290 148
2291 111
2292 129
2293 117
2294 123
2295 118
2296 144
2297 158
2298 221
2299 226
2300 214
2301 179
2302 197
2303 160
2304 174
2305 187
2306 194
2307 202
2308 201
2309 180
2310 165
2311 199
2312 160
2313 149
2314 123
2315 127
2316 122
2317 131
2318 110
2319 117
2320 113
2321 99
2322 110
2323 102
2324 116
2325 121
2326 119
2327 119
2328 109
2329 91
2330 120
2331 113
2332 94
2333 138
2334 125
2335 134
2336 121
2337 154
2338 136
2339 138
2340 146
2341 151
2342 190
2343 216
2344 229
2345 224
2346 172
2347 188
2348 157
2349 166
2350 141
2351 132
2352 139
2353 103
2354 113
2355 110
2356 110
2357 114
2358 135
2359 134
2360 151
2361 130
2362 137
2363 158
2364 198
2365 250
2366 330
2367 334
2368 357
2369 306
2370 236
2371 157
2372 150
2373 137
2374 116
2375 148
2376 143
2377 140
2378 154
2379 184
2380 197
2381 163
2382 149
2383 160
2384 116
2385 132
2386 122
2387 137
2388 151
2389 129
2390 144
2391 172
2392 182
2393 201
2394 172
2395 167
2396 170
2397 225
2398 273
2399 329
2400 355
2401 332
2402 229
2403 125
2404 123
2405 132
2406 107
2407 103
2408 106
2409 124
2410 130
2411 165
2412 158
2413 179
2414 197
2415 204
2416 162
2417 147
2418 142
2419 121
2420 138
2421 131
2422 147
2423 198
2424 198
2425 269
2426 260
2427 250
2428 232
2429 170
2430 139
2431 116
2432 129
2433 124
2434 135
2435 135
2436 116
2437 137
2438 134
2439 111
2440 126
2441 143
2442 180
2443 145
2444 132
2445 131
2446 100
2447 99
2448 129
2449 121
2450 111
2451 135
2452 137
2453 126
2454 112
2455 124
2456 99
2457 99
2458 125
2459 121
2460 128
2461 127
2462 120
2463 117
2464 128
2465 166
2466 198
2467 214
2468 208
2469 171
2470 149
2471 130
2472 101
2473 98
2474 124
2475 117
2476 136
2477 141
2478 127
2479 120
2480 126
2481 141
2482 141
2483 126
2484 146
2485 118
2486 138
2487 133
2488 133
2489 147
2490 150
2491 154
2492 138
2493 121
2494 108
2495 120
2496 152
2497 147
2498 149
2499 163
2500 127
2501 146
2502 133
2503 160
2504 149
2505 130
2506 135
2507 125
2508 97
2509 126
2510 104
2511 124
2512 121
2513 161
2514 163
2515 243
2516 176
2517 203
2518 182
2519 162
2520 130
2521 116
2522 126
2523 130
2524 128
2525 122
2526 147
2527 135
2528 134
2529 140
2530 126
2531 156
2532 139
2533 132
2534 117
2535 115
2536 120
2537 140
2538 115
2539 139
2540 134
2541 133
2542 140
2543 147
2544 143
2545 127
2546 121
2547 122
2548 105
2549 116
2550 122
2551 106
2552 150
2553 133
2554 146
2555 170
2556 154
2557 155
2558 116
2559 127
2560 95
2561 101
2562 109
2563 106
2564 119
2565 116
2566 116
2567 137
2568 142
2569 117
2570 143
2571 113
2572 128
2573 145
2574 220
2575 224
2576 191
2577 177
2578 138
2579 107
2580 87
2581 119
2582 96
2583 82
2584 87
2585 99
2586 117
2587 136
2588 148
2589 126
2590 134
2591 102
2592 109
2593 97
2594 105
2595 110
2596 106
2597 109
2598 104
2599 107
2600 108
2601 120
2602 99
2603 109
2604 104
2605 98
2606 85
2607 110
2608 93
2609 110
2610 126
2611 98
2612 100
2613 113
2614 97
2615 86
2616 104
2617 115
2618 116
2619 132
2620 117
2621 118
2622 96
2623 108
2624 102
2625 75
2626 97
2627 108
2628 108
2629 132
2630 129
2631 113
2632 115
2633 123
2634 101
2635 120
2636 93
2637 111
2638 100
2639 105
2640 78
2641 112
2642 115
2643 93
2644 100
2645 104
2646 91
2647 97
2648 93
2649 86
2650 98
2651 89
2652 86
2653 96
2654 84
2655 104
2656 75
2657 80
2658 82
2659 92
2660 106
2661 86
2662 85
2663 100
2664 78
2665 131
2666 119
2667 96
2668 108
2669 102
2670 89
2671 91
2672 91
2673 80
2674 87
2675 91
2676 78
2677 100
2678 98
2679 86
2680 77
2681 95
2682 110
2683 101
2684 80
2685 96
2686 93
2687 93
2688 86
2689 82
2690 99
2691 91
2692 88
2693 117
2694 105
2695 134
2696 120
2697 120
2698 119
2699 76
2700 101
2701 94
2702 98
2703 98
2704 85
2705 111
2706 90
2707 83
2708 85
2709 92
2710 97
2711 100
2712 85
2713 90
2714 89
2715 87
2716 83
2717 94
2718 85
2719 81
2720 93
2721 102
2722 76
2723 136
2724 140
2725 181
2726 124
2727 117
2728 94
2729 76
2730 91
2731 92
2732 96
2733 79
2734 77
2735 75
2736 66
2737 87
2738 87
2739 71
2740 91
2741 69
2742 100
2743 72
2744 78
2745 83
2746 78
2747 82
2748 88
2749 96
2750 102
2751 129
2752 150
2753 234
2754 269
2755 268
2756 215
2757 146
2758 117
2759 93
2760 99
2761 119
2762 91
2763 88
2764 84
2765 68
2766 78
2767 61
2768 77
2769 82
2770 72
2771 80
2772 74
2773 79
2774 64
2775 70
2776 70
2777 86
2778 73
2779 61
2780 67
2781 86
2782 64
2783 59
2784 66
2785 78
2786 82
2787 77
2788 76
2789 78
2790 81
2791 74
2792 91
2793 71
2794 61
2795 74
2796 74
2797 74
2798 76
2799 85
2800 75
2801 60
2802 84
2803 81
2804 83
2805 78
2806 83
2807 88
2808 82
2809 90
2810 78
2811 86
2812 89
2813 73
2814 69
2815 75
2816 74
2817 92
2818 67
2819 67
2820 58
2821 53
2822 79
2823 54
2824 56
2825 53
2826 77
2827 75
2828 84
2829 72
2830 62
2831 81
2832 71
2833 63
2834 69
2835 63
2836 66
2837 78
2838 61
2839 70
2840 73
2841 64
2842 75
2843 79
2844 89
2845 84
2846 87
2847 87
2848 69
2849 75
2850 71
2851 72
2852 84
2853 73
2854 74
2855 68
2856 56
2857 77
2858 77
2859 58
2860 94
2861 102
2862 129
2863 180
2864 187
2865 170
2866 160
2867 108
2868 83
2869 71
2870 69
2871 61
2872 91
2873 57
2874 70
2875 73
2876 64
2877 67
2878 67
2879 63
2880 82
2881 69
2882 68
2883 58
2884 66
2885 48
2886 53
2887 65
2888 43
2889 69
2890 63
2891 57
2892 65
2893 50
2894 55
2895 78
2896 65
2897 50
2898 72
2899 73
2900 49
2901 55
2902 55
2903 58
2904 58
2905 54
2906 59
2907 58
2908 59
2909 80
2910 67
2911 78
2912 61
2913 67
2914 68
2915 57
2916 61
2917 54
2918 66
2919 53
2920 54
2921 55
2922 43
2923 64
2924 57
2925 55
2926 71
2927 50
2928 98
2929 130
2930 146
2931 141
2932 125
2933 92
2934 103
2935 75
2936 56
2937 55
2938 71
2939 65
2940 53
2941 70
2942 63
2943 76
2944 80
2945 95
2946 67
2947 70
2948 61
2949 60
2950 65
2951 60
2952 46
2953 53
2954 68
2955 53
2956 59
2957 63
2958 59
2959 54
2960 54
2961 53
2962 58
2963 58
2964 69
2965 61
2966 68
2967 78
2968 77
2969 51
2970 51
2971 65
2972 46
2973 66
2974 65
2975 64
2976 58
2977 62
2978 73
2979 53
2980 54
2981 64
2982 68
2983 82
2984 83
2985 119
2986 136
2987 196
2988 271
2989 371
2990 375
2991 331
2992 214
2993 131
2994 117
2995 113
2996 150
2997 160
2998 284
2999 397
3000 515
3001 552
3002 468
3003 337
3004 219
3005 101
3006 65
3007 70
3008 68
3009 65
3010 64
3011 65
3012 70
3013 84
3014 63
3015 53
3016 56
3017 71
3018 53
3019 45
3020 64
3021 57
3022 52
3023 43
3024 54
3025 76
3026 54
3027 40
3028 48
3029 45
3030 43
3031 47
3032 52
3033 65
3034 62
3035 59
3036 60
3037 73
3038 62
3039 83
3040 79
3041 99
3042 107
3043 118
3044 78
3045 60
3046 60
3047 70
3048 66
3049 106
3050 125
3051 157
3052 208
3053 294
3054 268
3055 188
3056 124
3057 76
3058 58
3059 59
3060 51
3061 54
3062 53
3063 53
3064 54
3065 49
3066 66
3067 78
3068 55
3069 65
3070 60
3071 53
3072 55
3073 43
3074 48
3075 43
3076 50
3077 49
3078 60
3079 41
3080 53
3081 46
3082 48
3083 56
3084 64
3085 57
3086 47
3087 45
3088 50
3089 69
3090 47
3091 42
3092 52
3093 43
3094 53
3095 39
3096 41
3097 59
3098 42
3099 44
3100 48
3101 48
3102 48
3103 36
3104 50
3105 40
3106 38
3107 52
3108 61
3109 63
3110 71
3111 59
3112 74
3113 44
3114 68
3115 76
3116 92
3117 73
3118 53
3119 53
3120 52
3121 59
3122 43
3123 41
3124 60
3125 39
3126 52
3127 45
3128 50
3129 60
3130 30
3131 38
3132 53
3133 41
3134 50
3135 43
3136 42
3137 41
3138 49
3139 32
3140 43
3141 39
3142 47
3143 47
3144 51
3145 61
3146 60
3147 64
3148 70
3149 72
3150 46
3151 50
3152 38
3153 46
3154 34
3155 44
3156 43
3157 45
3158 43
3159 46
3160 50
3161 43
3162 50
3163 52
3164 65
3165 82
3166 109
3167 155
3168 236
3169 235
3170 225
3171 196
3172 156
3173 74
3174 61
3175 54
3176 48
3177 43
3178 38
3179 45
3180 52
3181 51
3182 55
3183 70
3184 75
3185 62
3186 60
3187 67
3188 67
3189 94
3190 130
3191 208
3192 204
3193 193
3194 173
3195 106
3196 68
3197 49
3198 46
3199 38
3200 32
3201 39
3202 52
3203 48
3204 57
3205 44
3206 48
3207 52
3208 64
3209 55
3210 57
3211 53
3212 36
3213 35
3214 52
3215 58
3216 50
3217 55
3218 58
3219 39
3220 57
3221 44
3222 40
3223 41
3224 48
3225 44
3226 46
3227 41
3228 40
3229 40
3230 33
3231 29
3232 24
3233 41
3234 44
3235 42
3236 49
3237 40
3238 48
3239 58
3240 60
3241 45
3242 48
3243 40
3244 47
3245 38
3246 48
3247 52
3248 41
3249 43
3250 34
3251 36
3252 25
3253 38
3254 35
3255 24
3256 39
3257 26
3258 22
3259 23
3260 38
3261 39
3262 32
3263 34
3264 30
3265 40
3266 34
3267 32
3268 36
3269 33
3270 54
3271 53
3272 65
3273 82
3274 56
3275 76
3276 49
3277 55
3278 41
3279 55
3280 53
3281 44
3282 54
3283 44
3284 32
3285 31
3286 36
3287 41
3288 32
3289 35
3290 36
3291 47
3292 41
3293 40
3294 50
3295 59
3296 37
3297 36
3298 41
3299 35
3300 36
3301 34
3302 43
3303 49
3304 49
3305 67
3306 61
3307 64
3308 72
3309 58
3310 37
3311 42
3312 34
3313 36
3314 46
3315 43
3316 45
3317 44
3318 54
3319 41
3320 48
3321 35
3322 41
3323 48
3324 42
3325 43
3326 59
3327 75
3328 84
3329 86
3330 88
3331 85
3332 54
3333 50
3334 47
3335 28
3336 30
3337 34
3338 32
3339 27
3340 45
3341 31
3342 29
3343 21
3344 20
3345 26
3346 33
3347 29
3348 24
3349 35
3350 31
3351 41
3352 35
3353 46
3354 46
3355 49
3356 59
3357 46
3358 54
3359 35
3360 39
3361 37
3362 35
3363 34
3364 40
3365 33
3366 52
3367 41
3368 27
3369 39
3370 44
3371 34
3372 38
3373 34
3374 27
3375 37
3376 26
3377 36
3378 29
3379 23
3380 25
3381 38
3382 27
3383 32
3384 36
3385 31
3386 29
3387 35
3388 25
3389 40
3390 42
3391 30
3392 30
3393 43
3394 62
3395 58
3396 66
3397 59
3398 55
3399 36
3400 30
3401 17
3402 35
3403 28
3404 35
3405 36
3406 29
3407 27
3408 44
3409 37
3410 38
3411 41
3412 40
3413 42
3414 36
3415 25
3416 29
3417 26
3418 31
3419 23
3420 27
3421 21
3422 38
3423 37
3424 33
3425 49
3426 26
3427 27
3428 30
3429 32
3430 27
3431 36
3432 27
3433 23
3434 47
3435 46
3436 44
3437 57
3438 91
3439 124
3440 142
3441 122
3442 107
3443 76
3444 55
3445 51
3446 44
3447 40
3448 37
3449 26
3450 28
3451 41
3452 51
3453 44
3454 38
3455 42
3456 28
3457 38
3458 27
3459 23
3460 33
3461 46
3462 35
3463 39
3464 43
3465 36
3466 25
3467 25
3468 31
3469 26
3470 34
3471 32
3472 31
3473 28
3474 26
3475 27
3476 29
3477 35
3478 31
3479 29
3480 24
3481 23
3482 22
3483 21
3484 21
3485 28
3486 19
3487 25
3488 22
3489 28
3490 18
3491 19
3492 25
3493 25
3494 21
3495 18
3496 21
3497 18
3498 27
3499 20
3500 23
3501 19
3502 28
3503 21
3504 22
3505 35
3506 26
3507 27
3508 32
3509 34
3510 31
3511 30
3512 27
3513 20
3514 25
3515 36
3516 27
3517 27
3518 11
3519 24
3520 18
3521 26
3522 18
3523 24
3524 16
3525 35
3526 16
3527 28
3528 22
3529 20
3530 31
3531 28
3532 41
3533 45
3534 33
3535 72
3536 57
3537 93
3538 129
3539 124
3540 100
3541 86
3542 57
3543 46
3544 30
3545 34
3546 27
3547 27
3548 31
3549 32
3550 37
3551 27
3552 30
3553 32
3554 25
3555 22
3556 39
3557 28
3558 26
3559 27
3560 48
3561 60
3562 63
3563 69
3564 76
3565 67
3566 60
3567 34
3568 37
3569 25
3570 29
3571 28
3572 23
3573 23
3574 20
3575 36
3576 19
3577 19
3578 25
3579 20
3580 20
3581 16
3582 19
3583 23
3584 17
3585 27
3586 23
3587 16
3588 25
3589 15
3590 23
3591 20
3592 20
3593 18
3594 24
3595 24
3596 22
3597 26
3598 28
3599 20
3600 24
3601 21
3602 21
3603 24
3604 35
3605 28
3606 27
3607 18
3608 30
3609 27
3610 31
3611 21
3612 23
3613 27
3614 20
3615 22
3616 23
3617 22
3618 17
3619 25
3620 24
3621 21
3622 23
3623 22
3624 18
3625 24
3626 14
3627 20
3628 19
3629 18
3630 20
3631 22
3632 19
3633 24
3634 27
3635 21
3636 19
3637 20
3638 28
3639 25
3640 21
3641 27
3642 34
3643 29
3644 23
3645 20
3646 23
3647 25
3648 37
3649 40
3650 24
3651 23
3652 19
3653 20
3654 21
3655 19
3656 21
3657 25
3658 16
3659 27
3660 15
3661 29
3662 20
3663 16
3664 21
3665 19
3666 13
3667 19
3668 16
3669 12
3670 23
3671 16
3672 22
3673 24
3674 29
3675 31
3676 33
3677 30
3678 27
3679 22
3680 16
3681 22
3682 25
3683 19
3684 25
3685 15
3686 11
3687 14
3688 21
3689 18
3690 16
3691 29
3692 21
3693 19
3694 20
3695 19
3696 27
3697 20
3698 14
3699 25
3700 31
3701 41
3702 35
3703 62
3704 58
3705 55
3706 48
3707 39
3708 24
3709 23
3710 16
3711 20
3712 25
3713 22
3714 24
3715 31
3716 27
3717 28
3718 27
3719 15
3720 24
3721 10
3722 17
3723 17
3724 18
3725 16
3726 15
3727 17
3728 18
3729 23
3730 22
3731 26
3732 19
3733 10
3734 20
3735 13
3736 14
3737 17
3738 18
3739 27
3740 11
3741 21
3742 23
3743 19
3744 16
3745 12
3746 21
3747 18
3748 15
3749 22
3750 19
3751 23
3752 21
3753 31
3754 20
3755 28
3756 21
3757 20
3758 15
3759 7
3760 14
3761 20
3762 12
3763 30
3764 13
3765 13
3766 17
3767 11
3768 24
3769 17
3770 18
3771 29
3772 59
3773 75
3774 93
3775 91
3776 81
3777 71
3778 42
3779 33
3780 19
3781 19
3782 18
3783 18
3784 21
3785 19
3786 27
3787 15
3788 12
3789 13
3790 16
3791 12
3792 11
3793 18
3794 18
3795 23
3796 18
3797 23
3798 22
3799 31
3800 14
3801 12
3802 14
3803 11
3804 15
3805 15
3806 10
3807 20
3808 16
3809 13
3810 10
3811 28
3812 21
3813 14
3814 18
3815 25
3816 31
3817 39
3818 57
3819 55
3820 63
3821 63
3822 44
3823 28
3824 25
3825 15
3826 20
3827 20
3828 9
3829 8
3830 12
3831 13
3832 14
3833 9
3834 15
3835 8
3836 12
3837 18
3838 14
3839 13
3840 15
3841 14
3842 19
3843 20
3844 17
3845 14
3846 11
3847 6
3848 15
3849 10
3850 17
3851 12
3852 11
3853 14
3854 14
3855 15
3856 14
3857 24
3858 17
3859 26
3860 23
3861 20
3862 37
3863 27
3864 32
3865 30
3866 17
3867 13
3868 17
3869 17
3870 12
3871 17
3872 9
3873 13
3874 13
3875 5
3876 13
3877 16
3878 8
3879 17
3880 16
3881 21
3882 28
3883 32
3884 34
3885 31
3886 23
3887 13
3888 12
3889 10
3890 9
3891 8
3892 7
3893 12
3894 8
3895 9
3896 9
3897 10
3898 10
3899 11
3900 18
3901 9
3902 10
3903 13
3904 15
3905 15
3906 9
3907 8
3908 12
3909 11
3910 10
3911 11
3912 9
3913 15
3914 10
3915 13
3916 13
3917 21
3918 18
3919 14
3920 17
3921 15
3922 20
3923 21
3924 18
3925 17
3926 21
3927 28
3928 14
3929 16
3930 15
3931 10
3932 14
3933 7
3934 8
3935 10
3936 13
3937 10
3938 7
3939 8
3940 16
3941 5
3942 11
3943 12
3944 14
3945 11
3946 8
3947 7
3948 12
3949 11
3950 3
3951 12
3952 8
3953 10
3954 14
3955 9
3956 10
3957 13
3958 8
3959 8
3960 9
3961 10
3962 6
3963 9
3964 8
3965 11
3966 4
3967 7
3968 8
3969 6
3970 11
3971 7
3972 15
3973 5
3974 12
3975 11
3976 12
3977 8
3978 7
3979 6
3980 13
3981 11
3982 10
3983 12
3984 6
3985 10
3986 7
3987 12
3988 5
3989 9
3990 15
3991 8
3992 13
3993 7
3994 8
3995 10
3996 16
3997 15
3998 13
3999 11
4000 10
4001 5
4002 11
4003 12
4004 8
4005 8
4006 9
4007 6
4008 9
4009 9
4010 6
4011 5
4012 8
4013 7
4014 9
4015 7
4016 6
4017 11
4018 6
4019 8
4020 11
4021 7
4022 11
4023 10
4024 7
4025 7
4026 7
4027 9
4028 7
4029 10
4030 21
4031 21
4032 23
4033 47
4034 53
4035 70
4036 88
4037 94
4038 72
4039 60
4040 43
4041 24
4042 9
4043 6
4044 7
4045 7
4046 7
4047 10
4048 9
4049 9
4050 5
4051 7
4052 8
4053 7
4054 10
4055 11
4056 9
4057 15
4058 15
4059 13
4060 12
4061 13
4062 11
4063 12
4064 23
4065 6
4066 9
4067 4
4068 3
4069 4
4070 7
4071 8
4072 7
4073 4
4074 4
4075 7
4076 11
4077 5
4078 14
4079 18
4080 13
4081 15
4082 18
4083 19
4084 16
4085 21
4086 40
4087 50
4088 48
4089 56
4090 27
4091 30
4092 13
4093 10
4094 12
4095 9
End
