ASCII channel-by-channel listing for 290_005.18
1139 - 57 - 371 started 2018-10-17 01:01:37.0 on counter 76
Generated Oct 17 2018 16.49.52, CRNG database/web system
Channel Data
0 150
1 176
2 0
3 0
4 0
5 0
6 0
7 0
8 0
9 0
10 0
11 0
12 0
13 0
14 0
15 0
16 0
17 0
18 0
19 0
20 0
21 0
22 0
23 0
24 0
25 0
26 0
27 0
28 0
29 0
30 0
31 0
32 0
33 0
34 0
35 0
36 0
37 0
38 0
39 0
40 0
41 0
42 0
43 0
44 0
45 0
46 0
47 0
48 0
49 0
50 0
51 0
52 0
53 0
54 0
55 0
56 0
57 0
58 0
59 0
60 0
61 0
62 0
63 0
64 0
65 0
66 0
67 0
68 0
69 0
70 0
71 0
72 0
73 0
74 0
75 0
76 0
77 0
78 0
79 1
80 23
81 201
82 677
83 2050
84 9231
85 13939
86 13806
87 13594
88 13692
89 13553
90 13409
91 13371
92 13460
93 13403
94 13167
95 13431
96 13123
97 13139
98 13091
99 13397
100 12956
101 13026
102 12863
103 12931
104 12753
105 12949
106 12841
107 12567
108 12754
109 12757
110 12798
111 12622
112 12671
113 12569
114 12545
115 12985
116 15411
117 17363
118 13950
119 12443
120 12412
121 12439
122 12422
123 12221
124 12257
125 12268
126 12265
127 12234
128 12313
129 12124
130 12494
131 12549
132 12338
133 12332
134 12277
135 12501
136 12405
137 12207
138 12322
139 12465
140 12486
141 12295
142 12628
143 12616
144 12610
145 13233
146 13174
147 12701
148 12596
149 13010
150 13735
151 13227
152 12318
153 12382
154 12537
155 12448
156 12396
157 12485
158 12553
159 12567
160 12881
161 12538
162 12702
163 12565
164 12792
165 12982
166 12890
167 13019
168 13268
169 13786
170 13971
171 13492
172 13360
173 13946
174 15502
175 16929
176 18837
177 17383
178 15696
179 14059
180 13931
181 13616
182 13949
183 13770
184 13767
185 14105
186 13910
187 13969
188 14135
189 14298
190 14284
191 14386
192 14276
193 15212
194 16856
195 16922
196 15189
197 14857
198 14954
199 14881
200 15039
201 15191
202 15167
203 15170
204 15415
205 15372
206 15496
207 15727
208 15912
209 15792
210 16062
211 16198
212 16085
213 16255
214 16239
215 16429
216 16432
217 16562
218 16489
219 16615
220 16546
221 16799
222 16921
223 16896
224 17036
225 17096
226 17110
227 17523
228 17497
229 17192
230 17588
231 17915
232 17651
233 17975
234 18194
235 18684
236 19961
237 19552
238 20871
239 24564
240 21719
241 18714
242 18547
243 18195
244 18559
245 18427
246 18843
247 19695
248 19702
249 19113
250 18538
251 18657
252 18730
253 18682
254 18604
255 18684
256 18995
257 18764
258 18754
259 19711
260 22682
261 34967
262 38175
263 24703
264 20272
265 20272
266 20256
267 20045
268 19871
269 19470
270 19471
271 19527
272 19291
273 19438
274 19554
275 19275
276 19261
277 19329
278 19357
279 19347
280 19462
281 19176
282 19318
283 19361
284 19035
285 19240
286 19064
287 19039
288 19104
289 18938
290 19240
291 18969
292 19106
293 18495
294 18867
295 18835
296 18708
297 18518
298 18661
299 18351
300 18334
301 18333
302 18331
303 18133
304 18229
305 18118
306 18038
307 18068
308 17862
309 17991
310 17817
311 17512
312 17829
313 17582
314 17594
315 17404
316 17557
317 17681
318 17428
319 17533
320 17224
321 17170
322 17199
323 17379
324 17271
325 17592
326 17210
327 16873
328 16733
329 16980
330 16854
331 17011
332 16684
333 16940
334 16834
335 16661
336 16812
337 16916
338 17512
339 17185
340 17339
341 17350
342 17299
343 17647
344 17517
345 17670
346 18025
347 17855
348 18012
349 17832
350 18137
351 17771
352 18190
353 17915
354 18088
355 18111
356 18649
357 19173
358 19015
359 18092
360 17406
361 17642
362 17770
363 17526
364 17683
365 17483
366 17357
367 17344
368 17323
369 17516
370 16970
371 17246
372 17043
373 16859
374 17097
375 16809
376 16734
377 16761
378 16649
379 16677
380 16378
381 16414
382 16154
383 16282
384 15872
385 16132
386 16035
387 15617
388 15440
389 15547
390 15403
391 15528
392 15440
393 15251
394 15009
395 15048
396 14928
397 14902
398 14800
399 14503
400 14690
401 14594
402 14685
403 14478
404 14172
405 14090
406 14063
407 14181
408 14036
409 13939
410 14362
411 16373
412 28659
413 45194
414 32267
415 16801
416 13885
417 13564
418 13520
419 13200
420 13140
421 13038
422 12995
423 13224
424 12902
425 12737
426 12673
427 12353
428 12446
429 12239
430 12684
431 12694
432 13226
433 12700
434 12237
435 11939
436 12124
437 11771
438 11812
439 11869
440 11746
441 11801
442 11924
443 11703
444 11472
445 11376
446 11203
447 11449
448 11479
449 11362
450 11402
451 11076
452 11229
453 11007
454 11188
455 10957
456 11033
457 11106
458 10956
459 11125
460 10916
461 10921
462 10745
463 10927
464 10799
465 10748
466 10501
467 10721
468 10620
469 10658
470 10492
471 10612
472 10455
473 10593
474 10675
475 10497
476 10412
477 10305
478 10297
479 10503
480 10327
481 10177
482 10239
483 10335
484 10128
485 10462
486 10133
487 10174
488 10248
489 10051
490 10170
491 10072
492 10047
493 9982
494 9866
495 9964
496 10163
497 10484
498 10912
499 10517
500 10045
501 10261
502 9870
503 10058
504 9691
505 9984
506 9994
507 11218
508 15061
509 15913
510 12156
511 10126
512 10002
513 9863
514 9723
515 9746
516 9751
517 9707
518 9704
519 9671
520 9797
521 9965
522 10471
523 10935
524 10262
525 9876
526 9825
527 10334
528 11798
529 20699
530 66212
531 131183
532 94576
533 29971
534 13606
535 12905
536 13253
537 11800
538 10369
539 9925
540 9520
541 9714
542 9533
543 9427
544 9572
545 9277
546 9314
547 9142
548 9224
549 9300
550 9374
551 9525
552 10086
553 9708
554 9057
555 8954
556 9971
557 12175
558 13270
559 10641
560 9139
561 8926
562 8902
563 8728
564 9018
565 8730
566 9058
567 8669
568 8688
569 8354
570 8617
571 8667
572 8616
573 8757
574 8685
575 8663
576 8781
577 8679
578 8846
579 9931
580 10996
581 10493
582 9501
583 9133
584 8585
585 8383
586 8546
587 8503
588 8867
589 8710
590 8481
591 8553
592 8485
593 8441
594 8335
595 8732
596 8903
597 9697
598 15373
599 37702
600 67595
601 51334
602 19670
603 10731
604 10875
605 11221
606 9875
607 8561
608 8588
609 8462
610 8419
611 8404
612 8219
613 8315
614 8560
615 8701
616 8369
617 7964
618 8006
619 7910
620 7860
621 8041
622 7829
623 8064
624 7735
625 7857
626 7815
627 7768
628 7711
629 7743
630 7710
631 7706
632 7826
633 7755
634 7556
635 7627
636 7844
637 7866
638 8121
639 7779
640 7741
641 7684
642 7642
643 7667
644 7423
645 7548
646 7620
647 7514
648 7439
649 7431
650 7638
651 7629
652 7450
653 7557
654 7644
655 7416
656 7762
657 7922
658 8069
659 7740
660 7655
661 7419
662 7129
663 7215
664 7251
665 7494
666 7269
667 7290
668 7331
669 7182
670 7135
671 7108
672 7178
673 6941
674 7077
675 6923
676 7134
677 7131
678 7299
679 7170
680 6684
681 6510
682 6225
683 6260
684 6215
685 6207
686 6352
687 6109
688 5932
689 5931
690 5662
691 6161
692 7016
693 7568
694 6671
695 5725
696 5341
697 5455
698 5400
699 5209
700 5331
701 5239
702 5156
703 5085
704 5144
705 4895
706 4951
707 5085
708 5029
709 4909
710 5003
711 4881
712 4865
713 4897
714 4766
715 4911
716 4763
717 4773
718 4684
719 4713
720 4736
721 4782
722 4682
723 4630
724 4716
725 4586
726 4550
727 4656
728 5196
729 5078
730 4724
731 4456
732 4480
733 4503
734 4509
735 4287
736 4418
737 4381
738 4448
739 4401
740 4333
741 4489
742 4285
743 4306
744 4335
745 4319
746 4473
747 4544
748 4512
749 4244
750 4303
751 4256
752 4230
753 4258
754 4245
755 4089
756 4048
757 4235
758 4796
759 6108
760 6427
761 5177
762 4214
763 3981
764 3842
765 3898
766 3891
767 3928
768 3870
769 3864
770 3966
771 3844
772 3945
773 3903
774 4197
775 4560
776 4777
777 4172
778 3683
779 3763
780 3698
781 3622
782 3700
783 3714
784 3714
785 3821
786 3653
787 3584
788 3575
789 3495
790 3560
791 3418
792 3432
793 3474
794 3608
795 4036
796 4389
797 4231
798 3711
799 3619
800 3857
801 3619
802 3375
803 3293
804 3147
805 3160
806 3145
807 3191
808 3382
809 3665
810 3816
811 3498
812 3280
813 3125
814 3200
815 3146
816 3069
817 3092
818 3154
819 3115
820 3271
821 3370
822 3211
823 3081
824 2958
825 2972
826 2959
827 2980
828 3006
829 2883
830 3012
831 2926
832 2957
833 2902
834 2881
835 2915
836 2942
837 2905
838 3008
839 3011
840 2847
841 2878
842 2763
843 2761
844 2722
845 2988
846 3045
847 2921
848 2892
849 2752
850 2768
851 2744
852 2681
853 2805
854 2618
855 2679
856 2651
857 2643
858 2653
859 2676
860 2618
861 2489
862 2677
863 2719
864 3193
865 3813
866 3615
867 2942
868 2570
869 2632
870 2552
871 2564
872 2565
873 2646
874 2587
875 2514
876 2517
877 2591
878 2410
879 2387
880 2393
881 2492
882 2352
883 2518
884 2552
885 2435
886 2522
887 2702
888 3061
889 3044
890 2710
891 2535
892 2448
893 2768
894 3060
895 2957
896 2530
897 2263
898 2437
899 2322
900 2337
901 2268
902 2368
903 2433
904 2314
905 2433
906 2652
907 2475
908 2397
909 2295
910 2231
911 2315
912 2201
913 2229
914 2182
915 2206
916 2262
917 2317
918 2374
919 2354
920 2385
921 2311
922 2291
923 2177
924 2119
925 2124
926 2177
927 2218
928 2346
929 2624
930 2646
931 2409
932 2177
933 2216
934 2125
935 2215
936 2121
937 2185
938 2116
939 2204
940 2151
941 2226
942 2122
943 2085
944 2079
945 2127
946 2155
947 2195
948 2268
949 2420
950 3021
951 3311
952 4147
953 7538
954 13553
955 13764
956 7703
957 3507
958 2579
959 2817
960 3803
961 4786
962 4132
963 2932
964 2452
965 2588
966 3723
967 4643
968 3944
969 2943
970 2458
971 2360
972 2342
973 2589
974 2974
975 2758
976 2325
977 2116
978 2150
979 2057
980 2014
981 2093
982 2033
983 2090
984 2077
985 1972
986 2100
987 1975
988 2124
989 2199
990 2374
991 2469
992 2765
993 2756
994 2561
995 2298
996 2129
997 2248
998 2194
999 2274
1000 2138
1001 2125
1002 2153
1003 2244
1004 2321
1005 2288
1006 2215
1007 2413
1008 2428
1009 2602
1010 2806
1011 2898
1012 3166
1013 3710
1014 4598
1015 6254
1016 9837
1017 16402
1018 29588
1019 50813
1020 78615
1021 100076
1022 106485
1023 95745
1024 73938
1025 48570
1026 28465
1027 16377
1028 10139
1029 6735
1030 5006
1031 3993
1032 3705
1033 4019
1034 6378
1035 12840
1036 18995
1037 15245
1038 7130
1039 3300
1040 2584
1041 2331
1042 2152
1043 2220
1044 2126
1045 2086
1046 2315
1047 2725
1048 2771
1049 2298
1050 2008
1051 1888
1052 1726
1053 1780
1054 1879
1055 1802
1056 1846
1057 1860
1058 1737
1059 1610
1060 1634
1061 1710
1062 1647
1063 1587
1064 1563
1065 1631
1066 1573
1067 1549
1068 1598
1069 1577
1070 1572
1071 1530
1072 1570
1073 1505
1074 1372
1075 1494
1076 1424
1077 1559
1078 1524
1079 1432
1080 1627
1081 1874
1082 2233
1083 2204
1084 1810
1085 1540
1086 1470
1087 1387
1088 1399
1089 1429
1090 1585
1091 1930
1092 2088
1093 1972
1094 1618
1095 1461
1096 1343
1097 1447
1098 1330
1099 1327
1100 1280
1101 1326
1102 1331
1103 1359
1104 1276
1105 1304
1106 1306
1107 1322
1108 1314
1109 1295
1110 1354
1111 1292
1112 1393
1113 1359
1114 1355
1115 1374
1116 1318
1117 1359
1118 1274
1119 1346
1120 1469
1121 1452
1122 1347
1123 1329
1124 1323
1125 1524
1126 1607
1127 1609
1128 1494
1129 1542
1130 1687
1131 1717
1132 1688
1133 1910
1134 2098
1135 1834
1136 1555
1137 1338
1138 1311
1139 1310
1140 1420
1141 1751
1142 2723
1143 5805
1144 10565
1145 11477
1146 6795
1147 2792
1148 1762
1149 1542
1150 1493
1151 1497
1152 2370
1153 4324
1154 6287
1155 5673
1156 3081
1157 1660
1158 1408
1159 1262
1160 1345
1161 1308
1162 1353
1163 1337
1164 1187
1165 1251
1166 1222
1167 1167
1168 1216
1169 1230
1170 1309
1171 1227
1172 1230
1173 1165
1174 1222
1175 1271
1176 1326
1177 1204
1178 1141
1179 1153
1180 1111
1181 1150
1182 1170
1183 1150
1184 1193
1185 1200
1186 1159
1187 1145
1188 1118
1189 1121
1190 1164
1191 1324
1192 1379
1193 1350
1194 1262
1195 1170
1196 1083
1197 1089
1198 1062
1199 1054
1200 1078
1201 1061
1202 1073
1203 1064
1204 1144
1205 1191
1206 1497
1207 2170
1208 3990
1209 6226
1210 6350
1211 5760
1212 9628
1213 17017
1214 18460
1215 10603
1216 4043
1217 1789
1218 1399
1219 1310
1220 1283
1221 1310
1222 1361
1223 1547
1224 1685
1225 1396
1226 1162
1227 1092
1228 1086
1229 1047
1230 1037
1231 1051
1232 1041
1233 1104
1234 1392
1235 1746
1236 2059
1237 1808
1238 1390
1239 1111
1240 1036
1241 1130
1242 1399
1243 1802
1244 1722
1245 1382
1246 1030
1247 982
1248 934
1249 884
1250 859
1251 1003
1252 952
1253 904
1254 924
1255 919
1256 875
1257 934
1258 937
1259 916
1260 952
1261 906
1262 1016
1263 1041
1264 1228
1265 1532
1266 1521
1267 1242
1268 1036
1269 902
1270 924
1271 907
1272 842
1273 845
1274 748
1275 860
1276 841
1277 887
1278 871
1279 845
1280 837
1281 786
1282 841
1283 835
1284 816
1285 808
1286 823
1287 907
1288 1029
1289 1184
1290 1132
1291 967
1292 815
1293 788
1294 761
1295 850
1296 731
1297 776
1298 775
1299 732
1300 768
1301 770
1302 774
1303 799
1304 752
1305 778
1306 782
1307 856
1308 775
1309 775
1310 768
1311 738
1312 803
1313 741
1314 741
1315 706
1316 685
1317 735
1318 740
1319 739
1320 757
1321 693
1322 791
1323 722
1324 729
1325 737
1326 782
1327 790
1328 903
1329 1147
1330 1781
1331 2880
1332 3259
1333 2454
1334 1383
1335 990
1336 923
1337 810
1338 794
1339 726
1340 711
1341 726
1342 747
1343 690
1344 781
1345 662
1346 708
1347 671
1348 662
1349 681
1350 680
1351 634
1352 702
1353 766
1354 771
1355 762
1356 861
1357 793
1358 667
1359 652
1360 682
1361 739
1362 671
1363 658
1364 672
1365 703
1366 711
1367 810
1368 1027
1369 980
1370 891
1371 740
1372 666
1373 677
1374 667
1375 686
1376 712
1377 904
1378 1201
1379 1416
1380 1264
1381 833
1382 655
1383 628
1384 636
1385 597
1386 601
1387 627
1388 585
1389 538
1390 569
1391 575
1392 602
1393 635
1394 627
1395 606
1396 563
1397 594
1398 569
1399 665
1400 613
1401 600
1402 577
1403 591
1404 550
1405 550
1406 574
1407 564
1408 549
1409 556
1410 537
1411 546
1412 534
1413 553
1414 579
1415 632
1416 560
1417 544
1418 538
1419 536
1420 505
1421 549
1422 612
1423 619
1424 560
1425 559
1426 532
1427 511
1428 506
1429 499
1430 474
1431 492
1432 513
1433 517
1434 559
1435 568
1436 683
1437 778
1438 794
1439 664
1440 551
1441 537
1442 520
1443 505
1444 458
1445 444
1446 485
1447 461
1448 472
1449 485
1450 475
1451 450
1452 444
1453 479
1454 484
1455 495
1456 526
1457 529
1458 552
1459 478
1460 446
1461 416
1462 514
1463 447
1464 473
1465 454
1466 449
1467 408
1468 440
1469 473
1470 460
1471 454
1472 470
1473 486
1474 471
1475 458
1476 466
1477 466
1478 464
1479 469
1480 482
1481 479
1482 519
1483 434
1484 448
1485 449
1486 454
1487 454
1488 475
1489 465
1490 418
1491 405
1492 436
1493 423
1494 429
1495 463
1496 443
1497 401
1498 440
1499 447
1500 444
1501 481
1502 508
1503 507
1504 501
1505 468
1506 470
1507 476
1508 478
1509 486
1510 432
1511 442
1512 457
1513 399
1514 405
1515 428
1516 417
1517 426
1518 418
1519 401
1520 431
1521 382
1522 405
1523 441
1524 412
1525 386
1526 452
1527 371
1528 413
1529 435
1530 448
1531 418
1532 424
1533 407
1534 416
1535 418
1536 390
1537 399
1538 404
1539 407
1540 460
1541 416
1542 435
1543 449
1544 441
1545 528
1546 537
1547 630
1548 687
1549 570
1550 511
1551 438
1552 461
1553 441
1554 494
1555 585
1556 648
1557 549
1558 527
1559 437
1560 437
1561 490
1562 539
1563 690
1564 1095
1565 2397
1566 4926
1567 7436
1568 7570
1569 5084
1570 2759
1571 1387
1572 708
1573 507
1574 486
1575 417
1576 434
1577 421
1578 441
1579 379
1580 415
1581 381
1582 400
1583 368
1584 367
1585 402
1586 396
1587 365
1588 363
1589 367
1590 329
1591 364
1592 343
1593 357
1594 347
1595 324
1596 330
1597 342
1598 405
1599 332
1600 358
1601 372
1602 345
1603 390
1604 406
1605 317
1606 344
1607 353
1608 332
1609 335
1610 371
1611 379
1612 404
1613 334
1614 332
1615 318
1616 333
1617 319
1618 354
1619 382
1620 389
1621 385
1622 388
1623 374
1624 357
1625 337
1626 316
1627 346
1628 318
1629 359
1630 460
1631 516
1632 549
1633 460
1634 366
1635 330
1636 316
1637 394
1638 422
1639 467
1640 435
1641 354
1642 326
1643 322
1644 313
1645 306
1646 299
1647 312
1648 351
1649 377
1650 372
1651 391
1652 444
1653 497
1654 852
1655 1750
1656 2840
1657 3511
1658 2778
1659 1452
1660 680
1661 441
1662 412
1663 348
1664 360
1665 329
1666 329
1667 337
1668 378
1669 427
1670 465
1671 452
1672 357
1673 302
1674 336
1675 318
1676 318
1677 293
1678 290
1679 311
1680 300
1681 308
1682 360
1683 351
1684 353
1685 322
1686 355
1687 312
1688 368
1689 419
1690 444
1691 485
1692 534
1693 462
1694 394
1695 352
1696 300
1697 307
1698 268
1699 289
1700 289
1701 294
1702 279
1703 294
1704 252
1705 265
1706 270
1707 272
1708 266
1709 294
1710 286
1711 317
1712 286
1713 272
1714 279
1715 362
1716 410
1717 417
1718 408
1719 358
1720 307
1721 301
1722 289
1723 324
1724 358
1725 368
1726 326
1727 296
1728 261
1729 227
1730 283
1731 258
1732 305
1733 311
1734 342
1735 345
1736 383
1737 324
1738 338
1739 401
1740 628
1741 1152
1742 1823
1743 2066
1744 1559
1745 839
1746 514
1747 341
1748 371
1749 422
1750 416
1751 355
1752 326
1753 305
1754 295
1755 290
1756 301
1757 284
1758 307
1759 285
1760 248
1761 278
1762 234
1763 259
1764 254
1765 251
1766 231
1767 249
1768 249
1769 252
1770 234
1771 259
1772 279
1773 238
1774 277
1775 269
1776 246
1777 261
1778 258
1779 240
1780 220
1781 251
1782 263
1783 255
1784 261
1785 241
1786 243
1787 233
1788 237
1789 249
1790 272
1791 233
1792 225
1793 194
1794 228
1795 220
1796 238
1797 231
1798 210
1799 217
1800 257
1801 226
1802 286
1803 256
1804 256
1805 254
1806 262
1807 251
1808 289
1809 410
1810 599
1811 1010
1812 1096
1813 899
1814 542
1815 311
1816 241
1817 267
1818 205
1819 249
1820 229
1821 230
1822 257
1823 255
1824 264
1825 237
1826 243
1827 261
1828 219
1829 218
1830 266
1831 251
1832 239
1833 216
1834 237
1835 218
1836 225
1837 218
1838 244
1839 238
1840 237
1841 260
1842 221
1843 250
1844 245
1845 220
1846 209
1847 217
1848 241
1849 235
1850 247
1851 248
1852 240
1853 239
1854 222
1855 200
1856 199
1857 210
1858 211
1859 222
1860 247
1861 226
1862 232
1863 235
1864 241
1865 232
1866 213
1867 245
1868 244
1869 235
1870 235
1871 225
1872 186
1873 203
1874 187
1875 225
1876 218
1877 232
1878 201
1879 205
1880 205
1881 222
1882 193
1883 205
1884 214
1885 202
1886 262
1887 260
1888 274
1889 224
1890 220
1891 187
1892 212
1893 227
1894 176
1895 214
1896 210
1897 219
1898 230
1899 233
1900 270
1901 338
1902 349
1903 303
1904 261
1905 252
1906 192
1907 190
1908 197
1909 191
1910 214
1911 208
1912 220
1913 178
1914 201
1915 197
1916 186
1917 193
1918 204
1919 182
1920 190
1921 197
1922 203
1923 227
1924 232
1925 207
1926 228
1927 230
1928 254
1929 335
1930 351
1931 313
1932 242
1933 252
1934 194
1935 199
1936 209
1937 193
1938 201
1939 217
1940 213
1941 224
1942 207
1943 243
1944 299
1945 308
1946 279
1947 214
1948 193
1949 198
1950 192
1951 178
1952 178
1953 189
1954 206
1955 196
1956 214
1957 201
1958 167
1959 213
1960 192
1961 179
1962 188
1963 201
1964 195
1965 213
1966 259
1967 291
1968 321
1969 288
1970 249
1971 199
1972 197
1973 184
1974 204
1975 198
1976 225
1977 269
1978 308
1979 400
1980 511
1981 492
1982 343
1983 248
1984 211
1985 198
1986 192
1987 179
1988 192
1989 199
1990 181
1991 161
1992 182
1993 191
1994 180
1995 180
1996 187
1997 177
1998 167
1999 163
2000 181
2001 190
2002 170
2003 174
2004 165
2005 164
2006 203
2007 194
2008 202
2009 197
2010 191
2011 194
2012 162
2013 152
2014 178
2015 182
2016 164
2017 172
2018 186
2019 184
2020 175
2021 155
2022 165
2023 191
2024 170
2025 170
2026 187
2027 170
2028 192
2029 166
2030 200
2031 218
2032 251
2033 210
2034 199
2035 199
2036 179
2037 168
2038 206
2039 203
2040 188
2041 188
2042 193
2043 217
2044 220
2045 221
2046 180
2047 144
2048 154
2049 161
2050 148
2051 140
2052 135
2053 152
2054 143
2055 148
2056 136
2057 134
2058 137
2059 133
2060 158
2061 152
2062 153
2063 154
2064 159
2065 152
2066 157
2067 134
2068 138
2069 145
2070 136
2071 134
2072 125
2073 167
2074 165
2075 152
2076 169
2077 160
2078 175
2079 135
2080 123
2081 136
2082 144
2083 146
2084 148
2085 141
2086 148
2087 172
2088 176
2089 166
2090 174
2091 174
2092 132
2093 183
2094 152
2095 154
2096 173
2097 161
2098 150
2099 117
2100 169
2101 150
2102 139
2103 136
2104 170
2105 156
2106 143
2107 154
2108 135
2109 123
2110 151
2111 108
2112 144
2113 143
2114 140
2115 137
2116 125
2117 126
2118 114
2119 151
2120 137
2121 150
2122 151
2123 187
2124 145
2125 158
2126 123
2127 132
2128 137
2129 148
2130 127
2131 142
2132 129
2133 126
2134 124
2135 138
2136 129
2137 127
2138 123
2139 156
2140 134
2141 139
2142 126
2143 124
2144 134
2145 163
2146 152
2147 135
2148 139
2149 125
2150 115
2151 152
2152 143
2153 152
2154 136
2155 137
2156 118
2157 118
2158 120
2159 107
2160 150
2161 152
2162 144
2163 151
2164 170
2165 152
2166 107
2167 150
2168 145
2169 149
2170 145
2171 157
2172 148
2173 139
2174 116
2175 124
2176 132
2177 119
2178 132
2179 134
2180 144
2181 185
2182 173
2183 217
2184 245
2185 177
2186 160
2187 162
2188 138
2189 136
2190 111
2191 109
2192 131
2193 103
2194 122
2195 122
2196 126
2197 141
2198 157
2199 159
2200 169
2201 167
2202 162
2203 139
2204 139
2205 112
2206 118
2207 124
2208 109
2209 113
2210 122
2211 123
2212 116
2213 129
2214 117
2215 123
2216 121
2217 109
2218 94
2219 141
2220 115
2221 122
2222 105
2223 117
2224 95
2225 110
2226 123
2227 132
2228 113
2229 122
2230 104
2231 110
2232 102
2233 112
2234 128
2235 112
2236 124
2237 121
2238 115
2239 99
2240 120
2241 101
2242 126
2243 152
2244 111
2245 111
2246 108
2247 103
2248 110
2249 99
2250 117
2251 132
2252 92
2253 117
2254 125
2255 119
2256 143
2257 158
2258 171
2259 159
2260 153
2261 124
2262 132
2263 114
2264 104
2265 114
2266 96
2267 111
2268 113
2269 102
2270 119
2271 99
2272 131
2273 107
2274 125
2275 124
2276 95
2277 105
2278 128
2279 136
2280 138
2281 129
2282 110
2283 116
2284 105
2285 103
2286 107
2287 126
2288 94
2289 124
2290 107
2291 109
2292 106
2293 102
2294 110
2295 139
2296 143
2297 196
2298 306
2299 326
2300 324
2301 255
2302 192
2303 178
2304 134
2305 160
2306 131
2307 142
2308 153
2309 152
2310 159
2311 134
2312 131
2313 128
2314 111
2315 91
2316 98
2317 93
2318 90
2319 104
2320 107
2321 101
2322 100
2323 105
2324 88
2325 94
2326 104
2327 105
2328 110
2329 97
2330 114
2331 123
2332 127
2333 104
2334 119
2335 129
2336 123
2337 112
2338 116
2339 131
2340 127
2341 165
2342 183
2343 222
2344 200
2345 224
2346 159
2347 162
2348 178
2349 183
2350 151
2351 142
2352 113
2353 94
2354 125
2355 114
2356 102
2357 118
2358 112
2359 135
2360 122
2361 146
2362 116
2363 149
2364 185
2365 238
2366 352
2367 470
2368 526
2369 462
2370 348
2371 234
2372 157
2373 128
2374 134
2375 114
2376 102
2377 104
2378 139
2379 143
2380 138
2381 145
2382 122
2383 121
2384 97
2385 116
2386 112
2387 112
2388 94
2389 116
2390 142
2391 137
2392 138
2393 136
2394 141
2395 143
2396 139
2397 164
2398 160
2399 259
2400 244
2401 216
2402 160
2403 125
2404 100
2405 99
2406 101
2407 112
2408 94
2409 105
2410 114
2411 114
2412 123
2413 134
2414 154
2415 155
2416 127
2417 113
2418 99
2419 106
2420 122
2421 119
2422 165
2423 173
2424 157
2425 207
2426 185
2427 209
2428 195
2429 180
2430 124
2431 121
2432 105
2433 114
2434 89
2435 123
2436 109
2437 93
2438 123
2439 101
2440 117
2441 117
2442 123
2443 117
2444 112
2445 98
2446 94
2447 73
2448 102
2449 102
2450 96
2451 99
2452 110
2453 106
2454 91
2455 93
2456 86
2457 100
2458 117
2459 111
2460 107
2461 90
2462 102
2463 99
2464 126
2465 152
2466 150
2467 171
2468 141
2469 125
2470 113
2471 94
2472 101
2473 94
2474 96
2475 119
2476 118
2477 128
2478 115
2479 92
2480 110
2481 118
2482 102
2483 101
2484 86
2485 107
2486 99
2487 107
2488 125
2489 110
2490 107
2491 138
2492 112
2493 119
2494 105
2495 103
2496 102
2497 93
2498 105
2499 124
2500 110
2501 112
2502 121
2503 122
2504 127
2505 101
2506 129
2507 101
2508 114
2509 88
2510 93
2511 90
2512 97
2513 93
2514 121
2515 147
2516 158
2517 175
2518 133
2519 127
2520 101
2521 119
2522 97
2523 106
2524 102
2525 104
2526 100
2527 79
2528 98
2529 104
2530 109
2531 119
2532 111
2533 134
2534 107
2535 100
2536 85
2537 93
2538 87
2539 90
2540 105
2541 114
2542 108
2543 111
2544 102
2545 88
2546 92
2547 98
2548 93
2549 83
2550 93
2551 111
2552 103
2553 133
2554 114
2555 142
2556 143
2557 111
2558 103
2559 97
2560 95
2561 81
2562 89
2563 108
2564 91
2565 99
2566 124
2567 102
2568 92
2569 89
2570 98
2571 112
2572 106
2573 124
2574 142
2575 135
2576 161
2577 140
2578 109
2579 92
2580 95
2581 83
2582 87
2583 96
2584 104
2585 105
2586 104
2587 111
2588 120
2589 104
2590 81
2591 89
2592 102
2593 82
2594 74
2595 105
2596 89
2597 97
2598 101
2599 119
2600 110
2601 100
2602 86
2603 105
2604 82
2605 93
2606 82
2607 93
2608 72
2609 97
2610 106
2611 91
2612 77
2613 102
2614 73
2615 81
2616 92
2617 86
2618 80
2619 93
2620 96
2621 108
2622 88
2623 76
2624 85
2625 77
2626 82
2627 102
2628 93
2629 89
2630 87
2631 106
2632 87
2633 88
2634 101
2635 105
2636 77
2637 101
2638 80
2639 89
2640 78
2641 103
2642 92
2643 101
2644 77
2645 64
2646 72
2647 82
2648 81
2649 77
2650 90
2651 81
2652 95
2653 78
2654 80
2655 71
2656 84
2657 75
2658 82
2659 69
2660 84
2661 72
2662 79
2663 60
2664 72
2665 95
2666 111
2667 104
2668 99
2669 88
2670 71
2671 91
2672 95
2673 79
2674 66
2675 57
2676 80
2677 67
2678 80
2679 76
2680 78
2681 72
2682 87
2683 66
2684 77
2685 69
2686 76
2687 78
2688 89
2689 77
2690 71
2691 83
2692 76
2693 80
2694 89
2695 85
2696 92
2697 93
2698 84
2699 66
2700 83
2701 83
2702 69
2703 66
2704 68
2705 69
2706 76
2707 68
2708 69
2709 64
2710 81
2711 75
2712 59
2713 56
2714 77
2715 85
2716 74
2717 65
2718 89
2719 83
2720 76
2721 78
2722 100
2723 110
2724 106
2725 113
2726 106
2727 97
2728 82
2729 72
2730 75
2731 73
2732 61
2733 68
2734 77
2735 88
2736 69
2737 75
2738 61
2739 57
2740 73
2741 66
2742 75
2743 74
2744 70
2745 64
2746 67
2747 70
2748 84
2749 85
2750 74
2751 103
2752 122
2753 137
2754 172
2755 167
2756 140
2757 93
2758 91
2759 86
2760 81
2761 71
2762 82
2763 78
2764 68
2765 66
2766 70
2767 63
2768 68
2769 67
2770 52
2771 66
2772 67
2773 71
2774 58
2775 60
2776 63
2777 59
2778 70
2779 58
2780 58
2781 64
2782 63
2783 52
2784 81
2785 58
2786 61
2787 57
2788 69
2789 54
2790 55
2791 70
2792 66
2793 57
2794 80
2795 70
2796 59
2797 51
2798 56
2799 61
2800 74
2801 56
2802 48
2803 56
2804 66
2805 41
2806 73
2807 62
2808 73
2809 64
2810 73
2811 74
2812 51
2813 65
2814 58
2815 50
2816 56
2817 64
2818 49
2819 67
2820 64
2821 61
2822 61
2823 66
2824 46
2825 44
2826 45
2827 46
2828 61
2829 61
2830 60
2831 55
2832 46
2833 53
2834 51
2835 53
2836 65
2837 51
2838 70
2839 57
2840 84
2841 50
2842 50
2843 60
2844 61
2845 72
2846 59
2847 62
2848 82
2849 71
2850 80
2851 74
2852 68
2853 73
2854 62
2855 73
2856 65
2857 52
2858 56
2859 68
2860 58
2861 70
2862 67
2863 114
2864 120
2865 129
2866 121
2867 75
2868 65
2869 55
2870 45
2871 61
2872 42
2873 47
2874 50
2875 60
2876 68
2877 57
2878 54
2879 53
2880 79
2881 70
2882 66
2883 47
2884 44
2885 41
2886 53
2887 40
2888 51
2889 37
2890 46
2891 56
2892 52
2893 52
2894 46
2895 43
2896 51
2897 36
2898 52
2899 58
2900 44
2901 56
2902 51
2903 50
2904 47
2905 48
2906 54
2907 46
2908 57
2909 60
2910 67
2911 56
2912 55
2913 37
2914 51
2915 45
2916 47
2917 40
2918 59
2919 38
2920 49
2921 49
2922 51
2923 41
2924 51
2925 52
2926 45
2927 67
2928 54
2929 89
2930 109
2931 97
2932 117
2933 118
2934 124
2935 104
2936 80
2937 68
2938 54
2939 54
2940 49
2941 60
2942 64
2943 60
2944 67
2945 52
2946 69
2947 52
2948 50
2949 56
2950 43
2951 54
2952 42
2953 68
2954 47
2955 38
2956 43
2957 51
2958 41
2959 43
2960 45
2961 50
2962 37
2963 60
2964 49
2965 59
2966 74
2967 54
2968 71
2969 69
2970 46
2971 53
2972 36
2973 50
2974 55
2975 54
2976 58
2977 50
2978 44
2979 42
2980 41
2981 42
2982 45
2983 49
2984 69
2985 60
2986 81
2987 144
2988 161
2989 249
2990 269
2991 214
2992 153
2993 107
2994 65
2995 75
2996 88
2997 112
2998 169
2999 259
3000 324
3001 351
3002 347
3003 237
3004 130
3005 82
3006 63
3007 52
3008 61
3009 49
3010 47
3011 58
3012 42
3013 54
3014 55
3015 41
3016 53
3017 43
3018 47
3019 37
3020 45
3021 49
3022 41
3023 45
3024 44
3025 53
3026 36
3027 36
3028 41
3029 36
3030 38
3031 47
3032 46
3033 37
3034 54
3035 50
3036 51
3037 41
3038 53
3039 53
3040 45
3041 76
3042 69
3043 67
3044 68
3045 51
3046 46
3047 51
3048 45
3049 51
3050 93
3051 116
3052 166
3053 217
3054 180
3055 129
3056 83
3057 64
3058 48
3059 33
3060 37
3061 32
3062 35
3063 60
3064 48
3065 44
3066 43
3067 46
3068 43
3069 47
3070 45
3071 40
3072 41
3073 42
3074 36
3075 35
3076 46
3077 28
3078 42
3079 38
3080 33
3081 37
3082 47
3083 33
3084 32
3085 36
3086 36
3087 31
3088 34
3089 48
3090 57
3091 37
3092 32
3093 40
3094 35
3095 33
3096 43
3097 32
3098 48
3099 36
3100 37
3101 42
3102 38
3103 39
3104 37
3105 45
3106 43
3107 46
3108 72
3109 79
3110 106
3111 100
3112 84
3113 56
3114 49
3115 57
3116 54
3117 61
3118 46
3119 67
3120 42
3121 57
3122 58
3123 43
3124 34
3125 35
3126 40
3127 32
3128 36
3129 30
3130 35
3131 24
3132 29
3133 41
3134 31
3135 37
3136 44
3137 27
3138 44
3139 34
3140 31
3141 31
3142 30
3143 36
3144 44
3145 48
3146 55
3147 48
3148 66
3149 42
3150 38
3151 34
3152 34
3153 37
3154 34
3155 27
3156 37
3157 36
3158 43
3159 38
3160 39
3161 41
3162 34
3163 40
3164 47
3165 63
3166 63
3167 92
3168 142
3169 152
3170 163
3171 115
3172 116
3173 98
3174 68
3175 36
3176 43
3177 20
3178 37
3179 38
3180 31
3181 57
3182 49
3183 50
3184 65
3185 45
3186 50
3187 68
3188 66
3189 107
3190 186
3191 289
3192 342
3193 337
3194 273
3195 179
3196 94
3197 63
3198 46
3199 37
3200 29
3201 45
3202 35
3203 46
3204 36
3205 37
3206 38
3207 32
3208 46
3209 38
3210 21
3211 46
3212 35
3213 26
3214 27
3215 33
3216 53
3217 47
3218 41
3219 35
3220 29
3221 30
3222 38
3223 39
3224 35
3225 33
3226 36
3227 37
3228 29
3229 25
3230 28
3231 30
3232 22
3233 22
3234 27
3235 33
3236 31
3237 37
3238 40
3239 38
3240 47
3241 34
3242 29
3243 32
3244 33
3245 28
3246 44
3247 39
3248 29
3249 36
3250 33
3251 37
3252 22
3253 22
3254 31
3255 24
3256 26
3257 29
3258 19
3259 21
3260 29
3261 21
3262 36
3263 29
3264 23
3265 36
3266 28
3267 37
3268 30
3269 40
3270 34
3271 38
3272 47
3273 43
3274 49
3275 48
3276 42
3277 41
3278 38
3279 30
3280 31
3281 44
3282 28
3283 35
3284 31
3285 30
3286 22
3287 33
3288 29
3289 33
3290 27
3291 30
3292 29
3293 37
3294 28
3295 35
3296 26
3297 44
3298 34
3299 31
3300 29
3301 20
3302 27
3303 53
3304 34
3305 34
3306 56
3307 52
3308 53
3309 43
3310 40
3311 34
3312 18
3313 32
3314 24
3315 32
3316 26
3317 30
3318 37
3319 28
3320 32
3321 25
3322 34
3323 16
3324 36
3325 29
3326 39
3327 41
3328 76
3329 72
3330 70
3331 58
3332 29
3333 23
3334 29
3335 21
3336 19
3337 20
3338 18
3339 33
3340 16
3341 27
3342 14
3343 21
3344 29
3345 20
3346 17
3347 26
3348 15
3349 26
3350 24
3351 33
3352 16
3353 28
3354 32
3355 38
3356 30
3357 42
3358 26
3359 42
3360 20
3361 37
3362 19
3363 23
3364 33
3365 29
3366 20
3367 38
3368 28
3369 32
3370 31
3371 16
3372 31
3373 32
3374 33
3375 32
3376 19
3377 23
3378 22
3379 21
3380 20
3381 21
3382 30
3383 23
3384 27
3385 31
3386 35
3387 28
3388 23
3389 30
3390 26
3391 19
3392 23
3393 29
3394 37
3395 29
3396 26
3397 29
3398 26
3399 19
3400 26
3401 30
3402 33
3403 14
3404 15
3405 23
3406 20
3407 20
3408 21
3409 21
3410 37
3411 21
3412 25
3413 36
3414 34
3415 26
3416 25
3417 15
3418 25
3419 27
3420 18
3421 26
3422 18
3423 28
3424 24
3425 20
3426 29
3427 22
3428 18
3429 31
3430 25
3431 16
3432 16
3433 20
3434 24
3435 28
3436 32
3437 41
3438 57
3439 70
3440 85
3441 94
3442 68
3443 59
3444 46
3445 36
3446 27
3447 43
3448 32
3449 20
3450 24
3451 23
3452 37
3453 41
3454 34
3455 34
3456 29
3457 17
3458 28
3459 28
3460 26
3461 31
3462 38
3463 45
3464 43
3465 43
3466 40
3467 34
3468 25
3469 18
3470 30
3471 25
3472 21
3473 13
3474 17
3475 17
3476 18
3477 25
3478 25
3479 22
3480 12
3481 23
3482 17
3483 20
3484 19
3485 20
3486 21
3487 17
3488 25
3489 14
3490 20
3491 13
3492 13
3493 18
3494 23
3495 19
3496 18
3497 16
3498 16
3499 18
3500 19
3501 15
3502 19
3503 14
3504 16
3505 20
3506 28
3507 26
3508 18
3509 17
3510 21
3511 20
3512 17
3513 18
3514 23
3515 19
3516 18
3517 22
3518 18
3519 12
3520 13
3521 23
3522 17
3523 15
3524 11
3525 19
3526 17
3527 21
3528 20
3529 20
3530 18
3531 25
3532 28
3533 39
3534 51
3535 61
3536 59
3537 63
3538 78
3539 68
3540 77
3541 49
3542 45
3543 38
3544 31
3545 18
3546 22
3547 33
3548 22
3549 30
3550 31
3551 24
3552 15
3553 32
3554 24
3555 18
3556 25
3557 11
3558 23
3559 26
3560 24
3561 27
3562 39
3563 50
3564 50
3565 50
3566 41
3567 21
3568 25
3569 23
3570 20
3571 11
3572 27
3573 11
3574 26
3575 21
3576 13
3577 12
3578 15
3579 22
3580 21
3581 16
3582 20
3583 19
3584 15
3585 17
3586 14
3587 19
3588 13
3589 15
3590 15
3591 16
3592 17
3593 18
3594 20
3595 26
3596 15
3597 19
3598 13
3599 13
3600 8
3601 22
3602 17
3603 14
3604 19
3605 13
3606 19
3607 15
3608 22
3609 18
3610 14
3611 25
3612 13
3613 27
3614 17
3615 9
3616 17
3617 11
3618 14
3619 16
3620 13
3621 16
3622 12
3623 18
3624 16
3625 13
3626 15
3627 17
3628 25
3629 13
3630 12
3631 19
3632 21
3633 12
3634 10
3635 21
3636 20
3637 15
3638 13
3639 15
3640 20
3641 15
3642 17
3643 12
3644 12
3645 15
3646 18
3647 22
3648 10
3649 21
3650 25
3651 12
3652 13
3653 22
3654 21
3655 12
3656 17
3657 22
3658 10
3659 11
3660 12
3661 16
3662 17
3663 22
3664 17
3665 22
3666 13
3667 11
3668 13
3669 12
3670 11
3671 20
3672 19
3673 22
3674 15
3675 23
3676 18
3677 20
3678 15
3679 13
3680 9
3681 19
3682 9
3683 19
3684 7
3685 16
3686 22
3687 10
3688 11
3689 10
3690 14
3691 17
3692 14
3693 13
3694 8
3695 12
3696 13
3697 5
3698 15
3699 14
3700 24
3701 20
3702 31
3703 36
3704 35
3705 47
3706 34
3707 29
3708 22
3709 20
3710 13
3711 9
3712 7
3713 12
3714 22
3715 15
3716 16
3717 15
3718 6
3719 15
3720 15
3721 11
3722 13
3723 12
3724 11
3725 14
3726 10
3727 17
3728 10
3729 14
3730 13
3731 16
3732 13
3733 14
3734 16
3735 9
3736 14
3737 10
3738 13
3739 13
3740 16
3741 12
3742 11
3743 17
3744 12
3745 14
3746 11
3747 10
3748 19
3749 15
3750 11
3751 15
3752 18
3753 14
3754 20
3755 15
3756 10
3757 18
3758 13
3759 9
3760 10
3761 16
3762 9
3763 11
3764 8
3765 12
3766 16
3767 15
3768 11
3769 15
3770 20
3771 26
3772 36
3773 48
3774 55
3775 57
3776 58
3777 44
3778 30
3779 26
3780 17
3781 8
3782 12
3783 12
3784 16
3785 11
3786 9
3787 14
3788 16
3789 11
3790 10
3791 8
3792 8
3793 10
3794 18
3795 12
3796 20
3797 13
3798 11
3799 16
3800 15
3801 12
3802 16
3803 8
3804 10
3805 10
3806 15
3807 15
3808 12
3809 12
3810 14
3811 10
3812 11
3813 9
3814 6
3815 12
3816 6
3817 8
3818 19
3819 12
3820 13
3821 20
3822 8
3823 9
3824 12
3825 6
3826 13
3827 3
3828 8
3829 8
3830 13
3831 14
3832 8
3833 12
3834 11
3835 16
3836 12
3837 7
3838 11
3839 9
3840 5
3841 9
3842 15
3843 13
3844 5
3845 8
3846 6
3847 11
3848 12
3849 15
3850 7
3851 11
3852 8
3853 13
3854 14
3855 5
3856 14
3857 12
3858 11
3859 6
3860 15
3861 16
3862 20
3863 29
3864 18
3865 15
3866 21
3867 13
3868 11
3869 13
3870 6
3871 10
3872 8
3873 5
3874 7
3875 10
3876 9
3877 9
3878 8
3879 11
3880 12
3881 20
3882 14
3883 9
3884 21
3885 19
3886 13
3887 19
3888 4
3889 11
3890 12
3891 7
3892 6
3893 8
3894 5
3895 9
3896 7
3897 8
3898 8
3899 10
3900 13
3901 6
3902 9
3903 4
3904 8
3905 10
3906 4
3907 7
3908 3
3909 10
3910 7
3911 5
3912 5
3913 6
3914 14
3915 7
3916 10
3917 10
3918 16
3919 17
3920 21
3921 25
3922 16
3923 18
3924 19
3925 8
3926 12
3927 18
3928 9
3929 11
3930 6
3931 8
3932 8
3933 9
3934 13
3935 6
3936 8
3937 7
3938 5
3939 5
3940 5
3941 6
3942 8
3943 13
3944 7
3945 4
3946 5
3947 7
3948 8
3949 7
3950 9
3951 4
3952 8
3953 6
3954 5
3955 7
3956 7
3957 9
3958 6
3959 3
3960 7
3961 8
3962 5
3963 8
3964 8
3965 2
3966 7
3967 4
3968 3
3969 5
3970 5
3971 4
3972 9
3973 5
3974 3
3975 3
3976 3
3977 6
3978 9
3979 6
3980 2
3981 8
3982 11
3983 4
3984 3
3985 7
3986 13
3987 6
3988 13
3989 9
3990 10
3991 13
3992 12
3993 8
3994 11
3995 8
3996 7
3997 9
3998 8
3999 12
4000 13
4001 5
4002 10
4003 7
4004 3
4005 5
4006 4
4007 9
4008 7
4009 5
4010 12
4011 8
4012 6
4013 6
4014 3
4015 7
4016 7
4017 4
4018 5
4019 7
4020 7
4021 6
4022 5
4023 6
4024 5
4025 10
4026 8
4027 6
4028 7
4029 5
4030 8
4031 11
4032 19
4033 28
4034 36
4035 52
4036 67
4037 61
4038 44
4039 34
4040 19
4041 13
4042 6
4043 10
4044 5
4045 6
4046 8
4047 6
4048 2
4049 6
4050 8
4051 6
4052 4
4053 5
4054 11
4055 8
4056 8
4057 9
4058 4
4059 10
4060 8
4061 11
4062 10
4063 7
4064 5
4065 5
4066 7
4067 7
4068 6
4069 4
4070 3
4071 5
4072 11
4073 7
4074 13
4075 6
4076 7
4077 7
4078 6
4079 7
4080 7
4081 3
4082 11
4083 9
4084 14
4085 12
4086 21
4087 26
4088 27
4089 33
4090 35
4091 11
4092 12
4093 3
4094 10
4095 4
End
