ASCII channel-by-channel listing for 290_006.18
1139 - 57 - 465 started 2018-10-17 01:21:56.0 on counter 76
Generated Oct 17 2018 16.50.04, CRNG database/web system
Channel Data
0 150
1 175
2 0
3 0
4 0
5 0
6 0
7 0
8 0
9 0
10 0
11 0
12 0
13 0
14 0
15 0
16 0
17 0
18 0
19 0
20 0
21 0
22 0
23 0
24 0
25 0
26 0
27 0
28 0
29 0
30 0
31 0
32 0
33 0
34 0
35 0
36 0
37 0
38 0
39 0
40 0
41 0
42 0
43 0
44 0
45 0
46 0
47 0
48 0
49 0
50 0
51 0
52 0
53 0
54 0
55 0
56 0
57 0
58 0
59 0
60 0
61 0
62 0
63 0
64 0
65 0
66 0
67 0
68 0
69 0
70 0
71 0
72 0
73 0
74 0
75 0
76 0
77 0
78 0
79 0
80 15
81 176
82 688
83 1983
84 9321
85 13940
86 14065
87 13879
88 13983
89 13784
90 13699
91 13832
92 13681
93 13624
94 13505
95 13470
96 13531
97 13379
98 13373
99 13431
100 13215
101 13158
102 13230
103 13232
104 13001
105 13114
106 12998
107 13056
108 12973
109 13065
110 12887
111 12795
112 12873
113 12803
114 12614
115 12758
116 12945
117 13065
118 12796
119 12882
120 12568
121 12595
122 12661
123 12724
124 12499
125 12559
126 12496
127 12646
128 12541
129 12528
130 12470
131 12372
132 12695
133 12545
134 12494
135 12657
136 12443
137 12672
138 12722
139 12703
140 12650
141 12691
142 12675
143 12837
144 12815
145 13298
146 13514
147 12895
148 12888
149 13405
150 14251
151 13664
152 12698
153 12373
154 12694
155 12660
156 12596
157 12586
158 12638
159 12884
160 12749
161 12977
162 13077
163 13019
164 13217
165 13121
166 13131
167 13370
168 13323
169 14162
170 14183
171 13925
172 13788
173 14911
174 16258
175 14840
176 14883
177 16789
178 16895
179 14447
180 14002
181 14083
182 13955
183 14021
184 14477
185 14321
186 14338
187 14336
188 14511
189 14633
190 14787
191 14815
192 14788
193 14878
194 15092
195 15288
196 15347
197 15299
198 15298
199 15447
200 15638
201 15603
202 15931
203 15943
204 16045
205 16070
206 15973
207 15920
208 16475
209 16467
210 16428
211 16619
212 16662
213 16715
214 16887
215 17137
216 17050
217 17185
218 17140
219 17166
220 17587
221 17429
222 17704
223 17807
224 17917
225 17960
226 17946
227 18015
228 18250
229 18327
230 18360
231 18663
232 18661
233 18676
234 19379
235 19888
236 21971
237 21169
238 23034
239 28905
240 25064
241 19820
242 19444
243 19117
244 19328
245 19266
246 19450
247 19617
248 20007
249 19382
250 19547
251 19405
252 19627
253 19588
254 19535
255 19730
256 19830
257 19716
258 20116
259 20094
260 20637
261 21743
262 22291
263 21207
264 20960
265 21543
266 21938
267 21554
268 21143
269 20795
270 20877
271 21015
272 20914
273 20818
274 20482
275 20751
276 20864
277 20585
278 20696
279 20874
280 20940
281 20886
282 20617
283 20787
284 20652
285 20428
286 20574
287 20359
288 20399
289 20285
290 20076
291 19924
292 20132
293 20118
294 19780
295 19759
296 19984
297 19626
298 19900
299 19228
300 19484
301 19263
302 19206
303 19134
304 19259
305 19019
306 18843
307 18926
308 18777
309 18785
310 18598
311 18622
312 18555
313 18502
314 18669
315 18369
316 18282
317 18253
318 18317
319 18097
320 18007
321 17953
322 18067
323 18041
324 18022
325 18296
326 18092
327 17720
328 17473
329 17591
330 17524
331 17419
332 17517
333 17444
334 17253
335 17455
336 17287
337 17425
338 17862
339 18073
340 17655
341 17803
342 17656
343 18049
344 17749
345 18319
346 18099
347 18359
348 18425
349 18158
350 18122
351 18393
352 18153
353 18130
354 18409
355 18523
356 18625
357 18431
358 18528
359 18121
360 17961
361 18168
362 18014
363 18022
364 18076
365 17951
366 18073
367 17776
368 17586
369 17772
370 17839
371 17503
372 17699
373 17277
374 17142
375 17412
376 17000
377 16763
378 16851
379 16839
380 16708
381 16564
382 16695
383 16254
384 16343
385 16170
386 16260
387 15951
388 15815
389 15838
390 15517
391 15663
392 15707
393 15520
394 15453
395 15132
396 15293
397 14920
398 14977
399 14934
400 14890
401 14886
402 14811
403 14470
404 14580
405 14102
406 14038
407 14451
408 14132
409 14023
410 14559
411 17595
412 36462
413 62990
414 43826
415 18986
416 14349
417 13697
418 13473
419 13218
420 13029
421 12818
422 12586
423 12572
424 12300
425 12343
426 12429
427 12057
428 12160
429 12086
430 11905
431 12049
432 11973
433 12115
434 11778
435 11517
436 11308
437 11611
438 11490
439 11304
440 11275
441 11503
442 11462
443 11468
444 11105
445 11235
446 11056
447 10986
448 10952
449 10720
450 10787
451 10659
452 10644
453 10706
454 10561
455 10663
456 10646
457 10513
458 10539
459 10394
460 10290
461 10244
462 10210
463 10294
464 10304
465 10276
466 10289
467 10116
468 9930
469 10000
470 10144
471 9961
472 9954
473 9852
474 9881
475 9911
476 9819
477 9869
478 9840
479 9982
480 9858
481 9799
482 9674
483 9963
484 9513
485 9753
486 9682
487 9792
488 9760
489 9754
490 9713
491 9411
492 9472
493 9559
494 9565
495 9365
496 9641
497 9394
498 9637
499 9665
500 9601
501 9457
502 9367
503 9387
504 9487
505 9518
506 9582
507 10888
508 14962
509 16551
510 12152
511 9933
512 9481
513 9244
514 9504
515 9577
516 9364
517 9290
518 9473
519 9374
520 9446
521 9354
522 9444
523 9537
524 9685
525 9862
526 9908
527 10489
528 12472
529 25679
530 95162
531 200442
532 148817
533 43001
534 15818
535 14334
536 14417
537 12137
538 10423
539 9778
540 9254
541 9377
542 9321
543 8991
544 9088
545 8965
546 8877
547 8716
548 8736
549 8693
550 8741
551 9344
552 9864
553 9350
554 8712
555 8469
556 8682
557 8837
558 8846
559 8734
560 8347
561 8385
562 8389
563 8264
564 8306
565 8077
566 8128
567 8323
568 8250
569 8123
570 8183
571 8408
572 8237
573 8151
574 8305
575 8103
576 8125
577 8038
578 8046
579 8189
580 8279
581 8081
582 8155
583 8099
584 7875
585 7866
586 7996
587 8092
588 7923
589 8051
590 8077
591 8050
592 7987
593 7998
594 8252
595 8366
596 8681
597 10064
598 17714
599 52407
600 101818
601 77157
602 26129
603 11017
604 9261
605 8979
606 8359
607 8225
608 8214
609 8144
610 8035
611 7917
612 7731
613 7654
614 7820
615 7761
616 7639
617 7643
618 7508
619 7413
620 7473
621 7497
622 7479
623 7512
624 7392
625 7398
626 7476
627 7393
628 7317
629 7400
630 7288
631 7342
632 7353
633 7215
634 7142
635 7255
636 7221
637 7387
638 7259
639 7192
640 7221
641 7145
642 7244
643 7118
644 7084
645 7120
646 7173
647 6977
648 6858
649 7245
650 7064
651 7046
652 6986
653 7045
654 6878
655 7047
656 7209
657 7454
658 7456
659 7189
660 6993
661 6941
662 7023
663 6947
664 6737
665 6914
666 6762
667 6550
668 6748
669 6792
670 6827
671 6583
672 6589
673 6544
674 6562
675 6483
676 6449
677 6595
678 6393
679 6374
680 6329
681 6079
682 6064
683 5950
684 5904
685 5943
686 5943
687 5964
688 5580
689 5586
690 5477
691 5307
692 5299
693 5382
694 5268
695 5175
696 5184
697 5145
698 5166
699 5041
700 4981
701 5055
702 4986
703 5029
704 4968
705 4875
706 4791
707 4749
708 4795
709 4816
710 4689
711 4781
712 4695
713 4653
714 4653
715 4635
716 4687
717 4484
718 4731
719 4521
720 4454
721 4438
722 4441
723 4498
724 4588
725 4578
726 4511
727 4453
728 4641
729 4478
730 4328
731 4427
732 4416
733 4471
734 4448
735 4307
736 4339
737 4232
738 4243
739 4212
740 4172
741 4157
742 4226
743 4310
744 4175
745 4145
746 4138
747 4176
748 4151
749 4202
750 4079
751 4109
752 3949
753 3875
754 4026
755 3924
756 4054
757 4218
758 5165
759 7145
760 8078
761 5911
762 4343
763 4098
764 3896
765 3841
766 3817
767 3738
768 3827
769 3803
770 3774
771 3843
772 3752
773 3833
774 4124
775 5058
776 5275
777 4482
778 3824
779 3899
780 3783
781 3693
782 3757
783 3597
784 3639
785 3517
786 3525
787 3485
788 3618
789 3514
790 3466
791 3483
792 3513
793 3508
794 3497
795 4018
796 4639
797 4253
798 3737
799 3821
800 4216
801 3775
802 3386
803 3280
804 3206
805 3227
806 3279
807 3230
808 3213
809 3204
810 3317
811 3088
812 3065
813 3116
814 3048
815 3117
816 3076
817 3096
818 3004
819 2998
820 2991
821 3025
822 3035
823 2886
824 3015
825 3068
826 2976
827 2902
828 3084
829 3021
830 2982
831 2969
832 2838
833 2901
834 2955
835 2963
836 2911
837 2893
838 2891
839 2836
840 2782
841 2818
842 2811
843 2840
844 2782
845 2780
846 2799
847 2794
848 2754
849 2708
850 2735
851 2702
852 2615
853 2696
854 2601
855 2555
856 2442
857 2567
858 2604
859 2595
860 2501
861 2450
862 2562
863 2495
864 2517
865 2597
866 2666
867 2589
868 2465
869 2485
870 2406
871 2415
872 2389
873 2489
874 2504
875 2417
876 2352
877 2249
878 2392
879 2387
880 2295
881 2466
882 2335
883 2378
884 2392
885 2296
886 2327
887 2284
888 2335
889 2372
890 2271
891 2273
892 2334
893 2639
894 2945
895 2929
896 2472
897 2312
898 2155
899 2259
900 2221
901 2204
902 2148
903 2247
904 2231
905 2163
906 2213
907 2193
908 2183
909 2104
910 2177
911 2133
912 2187
913 2141
914 2102
915 2197
916 2226
917 2199
918 2425
919 2408
920 2148
921 2048
922 2085
923 2114
924 2069
925 2022
926 2107
927 2053
928 2099
929 2213
930 2269
931 2247
932 2102
933 2132
934 2022
935 2077
936 2015
937 1999
938 2038
939 2042
940 1998
941 2050
942 2031
943 2089
944 1974
945 2024
946 1980
947 2005
948 2007
949 1927
950 1979
951 1964
952 2103
953 2407
954 2622
955 2938
956 2445
957 2068
958 2180
959 2488
960 3773
961 4915
962 4284
963 2808
964 2208
965 2760
966 4332
967 5897
968 5138
969 3386
970 2550
971 2302
972 2227
973 2550
974 2806
975 2557
976 2165
977 2032
978 1889
979 1909
980 2000
981 1974
982 1990
983 1917
984 1884
985 1891
986 1890
987 1915
988 2031
989 1964
990 1950
991 2054
992 2221
993 2205
994 2160
995 2011
996 2000
997 1987
998 1976
999 1890
1000 2007
1001 1977
1002 2087
1003 2086
1004 2130
1005 2091
1006 2122
1007 2043
1008 2086
1009 2245
1010 2328
1011 2563
1012 2876
1013 3253
1014 3892
1015 5344
1016 8311
1017 13319
1018 23388
1019 40314
1020 60840
1021 77802
1022 85746
1023 78869
1024 61251
1025 40820
1026 24050
1027 13765
1028 8537
1029 5831
1030 4430
1031 3586
1032 3658
1033 4175
1034 7732
1035 18006
1036 28326
1037 22796
1038 9881
1039 3882
1040 2542
1041 2415
1042 2114
1043 2077
1044 2062
1045 2025
1046 1957
1047 1954
1048 1947
1049 1842
1050 1802
1051 1807
1052 1722
1053 1728
1054 1780
1055 1809
1056 1827
1057 1888
1058 1702
1059 1605
1060 1573
1061 1599
1062 1568
1063 1501
1064 1576
1065 1494
1066 1488
1067 1589
1068 1423
1069 1486
1070 1502
1071 1452
1072 1450
1073 1461
1074 1525
1075 1433
1076 1356
1077 1416
1078 1401
1079 1427
1080 1390
1081 1404
1082 1394
1083 1504
1084 1423
1085 1424
1086 1427
1087 1432
1088 1362
1089 1386
1090 1600
1091 2066
1092 2561
1093 2195
1094 1629
1095 1320
1096 1328
1097 1343
1098 1351
1099 1340
1100 1226
1101 1271
1102 1307
1103 1286
1104 1351
1105 1302
1106 1273
1107 1237
1108 1323
1109 1290
1110 1335
1111 1291
1112 1292
1113 1195
1114 1332
1115 1222
1116 1253
1117 1253
1118 1276
1119 1286
1120 1280
1121 1279
1122 1290
1123 1289
1124 1374
1125 1549
1126 1690
1127 1632
1128 1418
1129 1316
1130 1342
1131 1390
1132 1571
1133 2013
1134 2061
1135 1839
1136 1458
1137 1347
1138 1339
1139 1304
1140 1447
1141 1893
1142 3404
1143 8056
1144 16090
1145 17333
1146 10275
1147 3922
1148 1912
1149 1607
1150 1527
1151 1834
1152 2955
1153 5968
1154 9044
1155 8177
1156 4275
1157 2065
1158 1507
1159 1298
1160 1322
1161 1228
1162 1287
1163 1264
1164 1255
1165 1242
1166 1232
1167 1200
1168 1205
1169 1200
1170 1168
1171 1197
1172 1231
1173 1184
1174 1234
1175 1299
1176 1255
1177 1292
1178 1197
1179 1182
1180 1159
1181 1132
1182 1098
1183 1111
1184 1052
1185 1118
1186 1083
1187 1078
1188 1110
1189 1106
1190 1089
1191 1083
1192 1132
1193 1025
1194 1059
1195 1082
1196 1120
1197 1060
1198 1059
1199 1080
1200 1096
1201 1122
1202 1112
1203 1110
1204 1177
1205 1253
1206 1460
1207 2283
1208 4937
1209 7473
1210 7792
1211 7544
1212 14157
1213 26285
1214 28693
1215 16836
1216 5895
1217 2274
1218 1629
1219 1418
1220 1323
1221 1265
1222 1231
1223 1206
1224 1123
1225 1156
1226 1037
1227 1018
1228 1087
1229 1052
1230 1005
1231 987
1232 1045
1233 994
1234 1024
1235 1055
1236 1091
1237 1007
1238 1001
1239 1016
1240 922
1241 1017
1242 1238
1243 1377
1244 1528
1245 1370
1246 1077
1247 958
1248 919
1249 922
1250 932
1251 959
1252 910
1253 873
1254 897
1255 854
1256 892
1257 896
1258 908
1259 888
1260 871
1261 945
1262 920
1263 930
1264 876
1265 913
1266 905
1267 857
1268 869
1269 862
1270 759
1271 817
1272 815
1273 832
1274 789
1275 783
1276 784
1277 828
1278 793
1279 804
1280 843
1281 785
1282 801
1283 735
1284 753
1285 773
1286 741
1287 747
1288 767
1289 769
1290 782
1291 753
1292 725
1293 735
1294 741
1295 720
1296 775
1297 708
1298 721
1299 766
1300 726
1301 749
1302 750
1303 746
1304 735
1305 753
1306 698
1307 732
1308 716
1309 703
1310 693
1311 681
1312 669
1313 738
1314 690
1315 729
1316 678
1317 653
1318 675
1319 686
1320 708
1321 726
1322 690
1323 632
1324 713
1325 740
1326 738
1327 734
1328 954
1329 1240
1330 2403
1331 4223
1332 4676
1333 3223
1334 1637
1335 985
1336 866
1337 758
1338 705
1339 670
1340 734
1341 637
1342 639
1343 616
1344 708
1345 614
1346 639
1347 629
1348 607
1349 595
1350 682
1351 612
1352 633
1353 612
1354 613
1355 598
1356 591
1357 612
1358 573
1359 608
1360 632
1361 581
1362 571
1363 578
1364 601
1365 597
1366 609
1367 756
1368 927
1369 1054
1370 826
1371 682
1372 657
1373 568
1374 569
1375 549
1376 567
1377 571
1378 617
1379 601
1380 588
1381 539
1382 538
1383 560
1384 555
1385 515
1386 536
1387 536
1388 549
1389 530
1390 512
1391 501
1392 544
1393 619
1394 571
1395 523
1396 520
1397 504
1398 494
1399 540
1400 503
1401 482
1402 491
1403 520
1404 497
1405 459
1406 460
1407 483
1408 490
1409 483
1410 492
1411 443
1412 509
1413 482
1414 503
1415 474
1416 450
1417 449
1418 478
1419 425
1420 474
1421 472
1422 445
1423 474
1424 478
1425 493
1426 459
1427 460
1428 479
1429 435
1430 466
1431 437
1432 397
1433 457
1434 442
1435 483
1436 590
1437 856
1438 918
1439 745
1440 553
1441 474
1442 416
1443 409
1444 404
1445 405
1446 382
1447 369
1448 417
1449 415
1450 391
1451 409
1452 410
1453 448
1454 458
1455 509
1456 468
1457 468
1458 414
1459 428
1460 388
1461 403
1462 383
1463 375
1464 391
1465 387
1466 357
1467 380
1468 378
1469 386
1470 380
1471 370
1472 375
1473 399
1474 395
1475 381
1476 427
1477 412
1478 403
1479 400
1480 373
1481 390
1482 368
1483 415
1484 382
1485 395
1486 366
1487 354
1488 362
1489 363
1490 347
1491 378
1492 369
1493 383
1494 357
1495 335
1496 358
1497 382
1498 340
1499 352
1500 343
1501 373
1502 359
1503 385
1504 372
1505 373
1506 331
1507 386
1508 321
1509 360
1510 307
1511 337
1512 335
1513 342
1514 317
1515 303
1516 335
1517 361
1518 381
1519 341
1520 369
1521 342
1522 335
1523 371
1524 341
1525 368
1526 335
1527 329
1528 342
1529 336
1530 336
1531 365
1532 365
1533 336
1534 310
1535 333
1536 312
1537 322
1538 346
1539 328
1540 369
1541 337
1542 388
1543 395
1544 351
1545 447
1546 567
1547 674
1548 745
1549 659
1550 489
1551 364
1552 405
1553 437
1554 487
1555 652
1556 686
1557 603
1558 481
1559 369
1560 408
1561 440
1562 506
1563 775
1564 1362
1565 3348
1566 7156
1567 10963
1568 10064
1569 5596
1570 2142
1571 831
1572 501
1573 446
1574 419
1575 378
1576 366
1577 346
1578 360
1579 334
1580 301
1581 347
1582 298
1583 323
1584 315
1585 307
1586 308
1587 332
1588 318
1589 331
1590 280
1591 298
1592 301
1593 301
1594 264
1595 275
1596 310
1597 298
1598 289
1599 242
1600 284
1601 269
1602 287
1603 248
1604 293
1605 253
1606 270
1607 307
1608 276
1609 290
1610 276
1611 251
1612 259
1613 244
1614 269
1615 254
1616 237
1617 265
1618 279
1619 255
1620 273
1621 270
1622 281
1623 264
1624 254
1625 238
1626 233
1627 231
1628 264
1629 290
1630 385
1631 476
1632 476
1633 393
1634 306
1635 267
1636 266
1637 243
1638 273
1639 273
1640 243
1641 248
1642 237
1643 245
1644 252
1645 263
1646 242
1647 251
1648 307
1649 307
1650 304
1651 331
1652 352
1653 566
1654 1001
1655 2353
1656 4416
1657 5183
1658 3875
1659 1859
1660 696
1661 425
1662 343
1663 309
1664 327
1665 279
1666 272
1667 300
1668 321
1669 348
1670 382
1671 336
1672 270
1673 243
1674 251
1675 221
1676 239
1677 234
1678 231
1679 179
1680 196
1681 204
1682 219
1683 213
1684 204
1685 205
1686 223
1687 196
1688 265
1689 289
1690 365
1691 331
1692 263
1693 250
1694 221
1695 239
1696 214
1697 215
1698 201
1699 222
1700 197
1701 207
1702 200
1703 193
1704 212
1705 223
1706 194
1707 201
1708 201
1709 196
1710 210
1711 212
1712 219
1713 206
1714 199
1715 203
1716 189
1717 212
1718 193
1719 204
1720 187
1721 200
1722 193
1723 207
1724 185
1725 188
1726 193
1727 179
1728 215
1729 211
1730 189
1731 223
1732 220
1733 213
1734 209
1735 243
1736 272
1737 270
1738 310
1739 406
1740 803
1741 1556
1742 2533
1743 3055
1744 2290
1745 1214
1746 553
1747 393
1748 356
1749 395
1750 394
1751 316
1752 239
1753 215
1754 212
1755 220
1756 179
1757 198
1758 224
1759 187
1760 192
1761 183
1762 181
1763 179
1764 153
1765 160
1766 173
1767 186
1768 190
1769 178
1770 175
1771 169
1772 173
1773 180
1774 185
1775 165
1776 170
1777 177
1778 146
1779 177
1780 194
1781 182
1782 169
1783 190
1784 178
1785 171
1786 166
1787 175
1788 186
1789 197
1790 205
1791 196
1792 167
1793 175
1794 178
1795 168
1796 154
1797 176
1798 161
1799 138
1800 171
1801 163
1802 176
1803 171
1804 169
1805 169
1806 165
1807 216
1808 256
1809 418
1810 774
1811 1324
1812 1464
1813 1123
1814 598
1815 268
1816 211
1817 189
1818 188
1819 160
1820 176
1821 172
1822 172
1823 164
1824 143
1825 157
1826 157
1827 175
1828 157
1829 145
1830 165
1831 150
1832 158
1833 164
1834 160
1835 135
1836 151
1837 169
1838 182
1839 173
1840 168
1841 157
1842 148
1843 141
1844 133
1845 132
1846 162
1847 152
1848 147
1849 185
1850 179
1851 206
1852 182
1853 158
1854 166
1855 138
1856 169
1857 142
1858 130
1859 134
1860 171
1861 145
1862 148
1863 163
1864 168
1865 131
1866 147
1867 168
1868 152
1869 151
1870 170
1871 140
1872 143
1873 152
1874 163
1875 141
1876 141
1877 151
1878 136
1879 114
1880 122
1881 127
1882 117
1883 136
1884 133
1885 135
1886 139
1887 114
1888 125
1889 118
1890 141
1891 107
1892 150
1893 126
1894 150
1895 141
1896 151
1897 120
1898 128
1899 141
1900 139
1901 151
1902 149
1903 136
1904 140
1905 121
1906 133
1907 121
1908 138
1909 128
1910 127
1911 134
1912 128
1913 127
1914 115
1915 124
1916 131
1917 115
1918 132
1919 128
1920 137
1921 132
1922 130
1923 157
1924 147
1925 150
1926 152
1927 209
1928 225
1929 329
1930 377
1931 356
1932 241
1933 144
1934 135
1935 117
1936 133
1937 134
1938 123
1939 110
1940 134
1941 108
1942 137
1943 114
1944 130
1945 117
1946 104
1947 100
1948 94
1949 113
1950 105
1951 121
1952 96
1953 119
1954 119
1955 111
1956 114
1957 126
1958 99
1959 106
1960 124
1961 115
1962 113
1963 94
1964 115
1965 117
1966 153
1967 172
1968 158
1969 172
1970 167
1971 134
1972 126
1973 108
1974 110
1975 84
1976 111
1977 112
1978 112
1979 116
1980 134
1981 135
1982 113
1983 87
1984 109
1985 97
1986 122
1987 105
1988 117
1989 127
1990 110
1991 103
1992 90
1993 93
1994 99
1995 102
1996 98
1997 97
1998 108
1999 109
2000 92
2001 100
2002 100
2003 103
2004 98
2005 110
2006 94
2007 90
2008 89
2009 96
2010 85
2011 82
2012 100
2013 98
2014 117
2015 99
2016 90
2017 82
2018 113
2019 95
2020 103
2021 108
2022 86
2023 105
2024 101
2025 106
2026 95
2027 81
2028 77
2029 95
2030 91
2031 98
2032 101
2033 83
2034 100
2035 97
2036 112
2037 95
2038 88
2039 104
2040 108
2041 96
2042 115
2043 100
2044 95
2045 81
2046 112
2047 97
2048 97
2049 84
2050 89
2051 82
2052 85
2053 79
2054 84
2055 78
2056 87
2057 78
2058 75
2059 73
2060 82
2061 68
2062 84
2063 84
2064 82
2065 74
2066 79
2067 78
2068 92
2069 67
2070 67
2071 70
2072 77
2073 85
2074 81
2075 95
2076 115
2077 100
2078 99
2079 97
2080 90
2081 72
2082 85
2083 83
2084 62
2085 59
2086 73
2087 85
2088 78
2089 82
2090 85
2091 76
2092 73
2093 53
2094 90
2095 70
2096 83
2097 79
2098 83
2099 98
2100 60
2101 82
2102 106
2103 116
2104 90
2105 84
2106 99
2107 71
2108 78
2109 72
2110 79
2111 64
2112 70
2113 80
2114 77
2115 49
2116 60
2117 67
2118 60
2119 63
2120 86
2121 77
2122 63
2123 75
2124 70
2125 77
2126 63
2127 76
2128 72
2129 58
2130 53
2131 67
2132 52
2133 71
2134 81
2135 77
2136 67
2137 59
2138 53
2139 69
2140 60
2141 82
2142 67
2143 69
2144 76
2145 58
2146 76
2147 67
2148 70
2149 58
2150 60
2151 73
2152 65
2153 75
2154 81
2155 67
2156 57
2157 53
2158 71
2159 55
2160 67
2161 66
2162 78
2163 75
2164 78
2165 77
2166 57
2167 85
2168 72
2169 52
2170 77
2171 65
2172 64
2173 75
2174 55
2175 54
2176 72
2177 62
2178 63
2179 46
2180 62
2181 67
2182 68
2183 62
2184 58
2185 62
2186 47
2187 61
2188 60
2189 63
2190 55
2191 50
2192 48
2193 51
2194 55
2195 47
2196 72
2197 63
2198 74
2199 68
2200 65
2201 76
2202 70
2203 80
2204 62
2205 52
2206 61
2207 62
2208 67
2209 58
2210 58
2211 44
2212 52
2213 54
2214 73
2215 60
2216 54
2217 62
2218 58
2219 71
2220 58
2221 49
2222 52
2223 45
2224 59
2225 59
2226 59
2227 69
2228 65
2229 55
2230 53
2231 57
2232 59
2233 59
2234 51
2235 60
2236 53
2237 64
2238 60
2239 50
2240 51
2241 70
2242 47
2243 70
2244 58
2245 62
2246 46
2247 68
2248 65
2249 53
2250 41
2251 51
2252 50
2253 53
2254 49
2255 51
2256 43
2257 60
2258 62
2259 60
2260 54
2261 41
2262 49
2263 40
2264 43
2265 36
2266 51
2267 65
2268 51
2269 47
2270 48
2271 54
2272 49
2273 61
2274 41
2275 52
2276 62
2277 74
2278 96
2279 106
2280 102
2281 73
2282 51
2283 48
2284 52
2285 46
2286 47
2287 39
2288 51
2289 40
2290 50
2291 42
2292 44
2293 67
2294 61
2295 89
2296 126
2297 222
2298 296
2299 428
2300 401
2301 287
2302 156
2303 82
2304 65
2305 52
2306 47
2307 49
2308 66
2309 56
2310 50
2311 57
2312 52
2313 56
2314 31
2315 47
2316 47
2317 39
2318 50
2319 58
2320 38
2321 44
2322 37
2323 42
2324 56
2325 47
2326 49
2327 60
2328 42
2329 61
2330 40
2331 57
2332 48
2333 54
2334 58
2335 67
2336 64
2337 70
2338 70
2339 86
2340 77
2341 99
2342 157
2343 175
2344 172
2345 146
2346 115
2347 157
2348 140
2349 162
2350 95
2351 77
2352 54
2353 63
2354 55
2355 64
2356 60
2357 57
2358 56
2359 73
2360 68
2361 61
2362 70
2363 84
2364 117
2365 181
2366 328
2367 507
2368 624
2369 574
2370 417
2371 236
2372 114
2373 63
2374 56
2375 59
2376 66
2377 54
2378 40
2379 41
2380 43
2381 43
2382 45
2383 55
2384 54
2385 44
2386 47
2387 63
2388 53
2389 43
2390 38
2391 52
2392 48
2393 51
2394 36
2395 41
2396 48
2397 48
2398 56
2399 51
2400 63
2401 56
2402 46
2403 46
2404 47
2405 39
2406 32
2407 38
2408 38
2409 36
2410 46
2411 36
2412 48
2413 44
2414 42
2415 43
2416 29
2417 41
2418 52
2419 51
2420 61
2421 58
2422 64
2423 72
2424 58
2425 62
2426 56
2427 81
2428 89
2429 91
2430 75
2431 59
2432 55
2433 53
2434 58
2435 39
2436 35
2437 46
2438 40
2439 34
2440 34
2441 44
2442 42
2443 43
2444 37
2445 24
2446 38
2447 48
2448 37
2449 38
2450 40
2451 47
2452 43
2453 54
2454 30
2455 40
2456 62
2457 45
2458 27
2459 29
2460 39
2461 57
2462 57
2463 58
2464 58
2465 83
2466 77
2467 91
2468 70
2469 62
2470 61
2471 54
2472 50
2473 37
2474 35
2475 51
2476 50
2477 42
2478 25
2479 38
2480 37
2481 41
2482 31
2483 41
2484 39
2485 47
2486 40
2487 44
2488 43
2489 38
2490 40
2491 38
2492 48
2493 30
2494 35
2495 41
2496 42
2497 36
2498 40
2499 45
2500 41
2501 40
2502 45
2503 47
2504 37
2505 40
2506 34
2507 46
2508 25
2509 53
2510 38
2511 46
2512 38
2513 41
2514 42
2515 33
2516 39
2517 35
2518 31
2519 37
2520 36
2521 29
2522 36
2523 38
2524 35
2525 41
2526 31
2527 30
2528 50
2529 33
2530 24
2531 38
2532 42
2533 45
2534 38
2535 30
2536 38
2537 40
2538 40
2539 43
2540 35
2541 28
2542 32
2543 35
2544 29
2545 51
2546 34
2547 39
2548 38
2549 24
2550 31
2551 34
2552 35
2553 47
2554 41
2555 35
2556 42
2557 44
2558 35
2559 36
2560 41
2561 35
2562 33
2563 32
2564 31
2565 37
2566 39
2567 31
2568 39
2569 30
2570 45
2571 41
2572 38
2573 45
2574 37
2575 36
2576 40
2577 34
2578 38
2579 24
2580 35
2581 35
2582 30
2583 54
2584 38
2585 41
2586 47
2587 47
2588 40
2589 34
2590 46
2591 39
2592 41
2593 32
2594 31
2595 42
2596 40
2597 62
2598 63
2599 69
2600 52
2601 46
2602 44
2603 33
2604 34
2605 39
2606 41
2607 26
2608 37
2609 36
2610 21
2611 38
2612 41
2613 32
2614 38
2615 32
2616 35
2617 33
2618 28
2619 34
2620 32
2621 31
2622 30
2623 34
2624 33
2625 39
2626 44
2627 28
2628 47
2629 26
2630 28
2631 29
2632 37
2633 35
2634 37
2635 25
2636 34
2637 26
2638 42
2639 38
2640 40
2641 37
2642 33
2643 53
2644 40
2645 36
2646 31
2647 33
2648 30
2649 23
2650 37
2651 25
2652 32
2653 25
2654 26
2655 31
2656 25
2657 38
2658 32
2659 28
2660 38
2661 29
2662 28
2663 38
2664 38
2665 30
2666 27
2667 25
2668 30
2669 39
2670 35
2671 31
2672 25
2673 37
2674 29
2675 31
2676 35
2677 43
2678 35
2679 27
2680 23
2681 23
2682 33
2683 35
2684 31
2685 35
2686 28
2687 28
2688 33
2689 34
2690 25
2691 26
2692 38
2693 18
2694 42
2695 38
2696 32
2697 34
2698 28
2699 30
2700 25
2701 32
2702 31
2703 37
2704 23
2705 30
2706 25
2707 40
2708 26
2709 31
2710 31
2711 27
2712 28
2713 35
2714 23
2715 31
2716 30
2717 24
2718 29
2719 25
2720 34
2721 36
2722 31
2723 25
2724 26
2725 33
2726 29
2727 28
2728 23
2729 37
2730 20
2731 29
2732 27
2733 28
2734 21
2735 28
2736 24
2737 20
2738 24
2739 31
2740 37
2741 31
2742 23
2743 14
2744 24
2745 31
2746 26
2747 27
2748 32
2749 21
2750 26
2751 29
2752 29
2753 32
2754 33
2755 35
2756 30
2757 26
2758 23
2759 29
2760 21
2761 39
2762 24
2763 21
2764 20
2765 19
2766 25
2767 23
2768 29
2769 38
2770 22
2771 27
2772 24
2773 20
2774 27
2775 21
2776 20
2777 23
2778 13
2779 19
2780 33
2781 30
2782 23
2783 21
2784 26
2785 23
2786 25
2787 15
2788 19
2789 21
2790 25
2791 25
2792 22
2793 26
2794 29
2795 22
2796 20
2797 17
2798 15
2799 27
2800 17
2801 24
2802 25
2803 18
2804 28
2805 25
2806 22
2807 23
2808 23
2809 31
2810 21
2811 24
2812 23
2813 20
2814 22
2815 25
2816 23
2817 18
2818 21
2819 32
2820 17
2821 19
2822 19
2823 22
2824 14
2825 17
2826 19
2827 27
2828 22
2829 22
2830 25
2831 17
2832 17
2833 16
2834 17
2835 22
2836 19
2837 27
2838 22
2839 14
2840 18
2841 20
2842 24
2843 21
2844 18
2845 22
2846 28
2847 34
2848 34
2849 39
2850 49
2851 50
2852 32
2853 19
2854 9
2855 19
2856 25
2857 14
2858 22
2859 21
2860 25
2861 18
2862 17
2863 22
2864 23
2865 27
2866 19
2867 20
2868 9
2869 19
2870 25
2871 15
2872 20
2873 23
2874 18
2875 27
2876 34
2877 27
2878 32
2879 36
2880 27
2881 29
2882 29
2883 25
2884 16
2885 21
2886 30
2887 16
2888 22
2889 14
2890 24
2891 20
2892 18
2893 21
2894 20
2895 20
2896 16
2897 23
2898 20
2899 17
2900 19
2901 17
2902 14
2903 20
2904 12
2905 12
2906 13
2907 22
2908 14
2909 16
2910 19
2911 19
2912 18
2913 16
2914 16
2915 23
2916 12
2917 25
2918 14
2919 17
2920 14
2921 19
2922 21
2923 12
2924 12
2925 18
2926 21
2927 17
2928 36
2929 28
2930 30
2931 59
2932 74
2933 93
2934 90
2935 81
2936 73
2937 46
2938 26
2939 22
2940 9
2941 21
2942 18
2943 22
2944 15
2945 18
2946 21
2947 20
2948 16
2949 15
2950 21
2951 15
2952 12
2953 14
2954 18
2955 19
2956 13
2957 11
2958 16
2959 15
2960 10
2961 15
2962 29
2963 20
2964 21
2965 25
2966 39
2967 21
2968 35
2969 40
2970 32
2971 17
2972 20
2973 20
2974 16
2975 16
2976 13
2977 10
2978 13
2979 11
2980 16
2981 15
2982 16
2983 16
2984 12
2985 20
2986 19
2987 18
2988 29
2989 27
2990 27
2991 22
2992 27
2993 18
2994 20
2995 9
2996 18
2997 24
2998 26
2999 25
3000 42
3001 43
3002 52
3003 51
3004 28
3005 25
3006 20
3007 11
3008 11
3009 12
3010 17
3011 11
3012 11
3013 11
3014 11
3015 12
3016 13
3017 13
3018 8
3019 12
3020 7
3021 16
3022 19
3023 16
3024 20
3025 8
3026 12
3027 16
3028 12
3029 16
3030 16
3031 7
3032 18
3033 14
3034 19
3035 10
3036 15
3037 10
3038 11
3039 16
3040 13
3041 19
3042 14
3043 14
3044 16
3045 12
3046 13
3047 10
3048 12
3049 16
3050 19
3051 18
3052 21
3053 19
3054 18
3055 18
3056 15
3057 13
3058 15
3059 21
3060 11
3061 14
3062 17
3063 20
3064 21
3065 31
3066 17
3067 14
3068 11
3069 8
3070 17
3071 9
3072 12
3073 13
3074 17
3075 17
3076 9
3077 12
3078 13
3079 17
3080 5
3081 18
3082 10
3083 16
3084 20
3085 10
3086 10
3087 7
3088 17
3089 7
3090 10
3091 10
3092 13
3093 9
3094 11
3095 16
3096 21
3097 7
3098 18
3099 13
3100 10
3101 16
3102 19
3103 15
3104 18
3105 14
3106 19
3107 39
3108 30
3109 69
3110 74
3111 81
3112 37
3113 26
3114 17
3115 21
3116 8
3117 18
3118 25
3119 29
3120 38
3121 38
3122 37
3123 26
3124 14
3125 15
3126 9
3127 11
3128 16
3129 14
3130 11
3131 13
3132 11
3133 11
3134 12
3135 7
3136 8
3137 13
3138 11
3139 13
3140 11
3141 10
3142 15
3143 10
3144 12
3145 8
3146 16
3147 11
3148 14
3149 16
3150 8
3151 11
3152 12
3153 17
3154 8
3155 12
3156 16
3157 16
3158 10
3159 7
3160 11
3161 14
3162 8
3163 10
3164 7
3165 11
3166 10
3167 20
3168 17
3169 28
3170 24
3171 21
3172 21
3173 20
3174 11
3175 13
3176 19
3177 11
3178 9
3179 12
3180 11
3181 21
3182 13
3183 20
3184 15
3185 16
3186 31
3187 45
3188 57
3189 92
3190 174
3191 253
3192 337
3193 356
3194 279
3195 173
3196 83
3197 41
3198 27
3199 14
3200 21
3201 15
3202 13
3203 9
3204 6
3205 18
3206 15
3207 10
3208 12
3209 7
3210 13
3211 11
3212 13
3213 3
3214 5
3215 12
3216 4
3217 8
3218 13
3219 2
3220 6
3221 11
3222 7
3223 9
3224 11
3225 11
3226 6
3227 12
3228 9
3229 9
3230 8
3231 11
3232 8
3233 14
3234 9
3235 6
3236 12
3237 7
3238 6
3239 12
3240 10
3241 10
3242 9
3243 4
3244 17
3245 11
3246 6
3247 7
3248 5
3249 7
3250 5
3251 12
3252 5
3253 10
3254 14
3255 5
3256 4
3257 11
3258 5
3259 7
3260 10
3261 7
3262 9
3263 6
3264 8
3265 9
3266 10
3267 7
3268 8
3269 10
3270 6
3271 4
3272 10
3273 7
3274 6
3275 4
3276 6
3277 10
3278 6
3279 5
3280 12
3281 6
3282 9
3283 9
3284 8
3285 11
3286 9
3287 6
3288 9
3289 9
3290 9
3291 10
3292 9
3293 10
3294 8
3295 5
3296 5
3297 14
3298 9
3299 7
3300 6
3301 7
3302 11
3303 10
3304 8
3305 7
3306 8
3307 15
3308 7
3309 12
3310 7
3311 14
3312 8
3313 7
3314 6
3315 7
3316 12
3317 14
3318 7
3319 5
3320 9
3321 8
3322 7
3323 4
3324 4
3325 3
3326 12
3327 7
3328 9
3329 6
3330 10
3331 13
3332 7
3333 4
3334 7
3335 13
3336 3
3337 5
3338 2
3339 6
3340 9
3341 5
3342 9
3343 4
3344 4
3345 7
3346 4
3347 6
3348 12
3349 2
3350 7
3351 7
3352 4
3353 8
3354 4
3355 6
3356 8
3357 12
3358 10
3359 9
3360 4
3361 9
3362 6
3363 9
3364 10
3365 9
3366 6
3367 8
3368 10
3369 11
3370 6
3371 7
3372 12
3373 7
3374 6
3375 4
3376 7
3377 1
3378 10
3379 4
3380 6
3381 3
3382 4
3383 5
3384 9
3385 3
3386 10
3387 8
3388 5
3389 6
3390 4
3391 9
3392 3
3393 8
3394 6
3395 8
3396 6
3397 8
3398 10
3399 3
3400 1
3401 8
3402 5
3403 8
3404 7
3405 6
3406 8
3407 6
3408 4
3409 11
3410 6
3411 8
3412 1
3413 5
3414 5
3415 2
3416 6
3417 7
3418 5
3419 4
3420 5
3421 4
3422 4
3423 6
3424 3
3425 10
3426 8
3427 4
3428 8
3429 2
3430 6
3431 7
3432 9
3433 6
3434 7
3435 8
3436 7
3437 11
3438 9
3439 4
3440 13
3441 8
3442 12
3443 13
3444 7
3445 5
3446 3
3447 5
3448 10
3449 8
3450 3
3451 5
3452 8
3453 8
3454 2
3455 11
3456 10
3457 12
3458 8
3459 4
3460 11
3461 20
3462 12
3463 21
3464 27
3465 32
3466 32
3467 18
3468 5
3469 8
3470 9
3471 8
3472 3
3473 5
3474 5
3475 3
3476 2
3477 9
3478 2
3479 5
3480 10
3481 4
3482 3
3483 5
3484 3
3485 3
3486 8
3487 8
3488 6
3489 3
3490 6
3491 3
3492 4
3493 5
3494 7
3495 1
3496 13
3497 2
3498 8
3499 4
3500 7
3501 2
3502 4
3503 9
3504 3
3505 8
3506 3
3507 2
3508 5
3509 4
3510 2
3511 6
3512 10
3513 8
3514 12
3515 9
3516 6
3517 8
3518 8
3519 5
3520 14
3521 4
3522 3
3523 2
3524 6
3525 3
3526 6
3527 10
3528 6
3529 10
3530 15
3531 16
3532 28
3533 34
3534 36
3535 45
3536 29
3537 20
3538 14
3539 27
3540 13
3541 7
3542 4
3543 3
3544 8
3545 6
3546 10
3547 8
3548 10
3549 9
3550 18
3551 7
3552 5
3553 5
3554 5
3555 6
3556 6
3557 3
3558 6
3559 7
3560 3
3561 9
3562 6
3563 4
3564 11
3565 5
3566 2
3567 5
3568 2
3569 3
3570 8
3571 4
3572 4
3573 3
3574 3
3575 6
3576 5
3577 2
3578 7
3579 4
3580 5
3581 4
3582 2
3583 2
3584 2
3585 5
3586 5
3587 1
3588 3
3589 2
3590 2
3591 5
3592 2
3593 2
3594 5
3595 11
3596 8
3597 4
3598 7
3599 6
3600 5
3601 3
3602 5
3603 6
3604 7
3605 4
3606 7
3607 5
3608 5
3609 1
3610 1
3611 10
3612 4
3613 7
3614 3
3615 3
3616 2
3617 4
3618 2
3619 4
3620 4
3621 1
3622 7
3623 4
3624 4
3625 1
3626 2
3627 5
3628 5
3629 6
3630 8
3631 8
3632 4
3633 7
3634 1
3635 4
3636 4
3637 5
3638 4
3639 4
3640 2
3641 2
3642 2
3643 4
3644 5
3645 2
3646 5
3647 2
3648 4
3649 3
3650 5
3651 7
3652 2
3653 4
3654 6
3655 2
3656 3
3657 6
3658 5
3659 5
3660 1
3661 6
3662 5
3663 6
3664 3
3665 7
3666 5
3667 3
3668 1
3669 1
3670 4
3671 2
3672 2
3673 2
3674 5
3675 4
3676 5
3677 5
3678 10
3679 4
3680 1
3681 4
3682 2
3683 3
3684 0
3685 4
3686 5
3687 2
3688 4
3689 2
3690 6
3691 2
3692 6
3693 5
3694 4
3695 3
3696 1
3697 2
3698 5
3699 8
3700 2
3701 3
3702 6
3703 6
3704 10
3705 3
3706 4
3707 2
3708 5
3709 5
3710 2
3711 7
3712 7
3713 6
3714 1
3715 3
3716 3
3717 2
3718 4
3719 5
3720 1
3721 5
3722 5
3723 4
3724 4
3725 2
3726 3
3727 2
3728 1
3729 3
3730 0
3731 2
3732 1
3733 1
3734 4
3735 4
3736 1
3737 4
3738 4
3739 4
3740 2
3741 2
3742 3
3743 1
3744 4
3745 1
3746 0
3747 4
3748 1
3749 3
3750 1
3751 2
3752 2
3753 3
3754 6
3755 5
3756 8
3757 4
3758 4
3759 7
3760 3
3761 2
3762 3
3763 2
3764 7
3765 4
3766 2
3767 4
3768 5
3769 4
3770 4
3771 0
3772 4
3773 8
3774 5
3775 7
3776 6
3777 2
3778 6
3779 1
3780 2
3781 4
3782 4
3783 3
3784 1
3785 3
3786 3
3787 7
3788 2
3789 3
3790 4
3791 2
3792 7
3793 2
3794 3
3795 2
3796 6
3797 2
3798 5
3799 2
3800 1
3801 0
3802 3
3803 4
3804 1
3805 5
3806 1
3807 3
3808 2
3809 2
3810 3
3811 2
3812 4
3813 2
3814 3
3815 2
3816 4
3817 5
3818 0
3819 4
3820 0
3821 2
3822 3
3823 4
3824 3
3825 2
3826 2
3827 2
3828 1
3829 1
3830 4
3831 0
3832 5
3833 3
3834 2
3835 4
3836 5
3837 3
3838 2
3839 4
3840 1
3841 4
3842 1
3843 6
3844 2
3845 2
3846 1
3847 4
3848 3
3849 3
3850 2
3851 4
3852 1
3853 1
3854 1
3855 2
3856 1
3857 5
3858 2
3859 3
3860 2
3861 1
3862 3
3863 2
3864 5
3865 1
3866 1
3867 1
3868 1
3869 2
3870 3
3871 5
3872 1
3873 2
3874 3
3875 2
3876 0
3877 4
3878 2
3879 2
3880 0
3881 1
3882 3
3883 4
3884 2
3885 2
3886 1
3887 5
3888 3
3889 2
3890 4
3891 1
3892 3
3893 2
3894 2
3895 3
3896 2
3897 3
3898 3
3899 1
3900 2
3901 1
3902 1
3903 2
3904 0
3905 2
3906 2
3907 0
3908 1
3909 3
3910 1
3911 4
3912 5
3913 1
3914 4
3915 4
3916 5
3917 7
3918 7
3919 10
3920 13
3921 7
3922 6
3923 5
3924 5
3925 7
3926 2
3927 1
3928 5
3929 2
3930 4
3931 2
3932 1
3933 0
3934 1
3935 0
3936 4
3937 1
3938 4
3939 3
3940 3
3941 4
3942 4
3943 3
3944 0
3945 2
3946 1
3947 0
3948 2
3949 4
3950 1
3951 4
3952 1
3953 2
3954 1
3955 4
3956 1
3957 4
3958 2
3959 2
3960 2
3961 2
3962 2
3963 1
3964 2
3965 2
3966 5
3967 1
3968 2
3969 1
3970 2
3971 2
3972 1
3973 1
3974 1
3975 0
3976 4
3977 5
3978 6
3979 3
3980 2
3981 1
3982 2
3983 2
3984 1
3985 3
3986 8
3987 5
3988 6
3989 9
3990 14
3991 10
3992 12
3993 9
3994 8
3995 2
3996 3
3997 3
3998 3
3999 1
4000 4
4001 0
4002 1
4003 4
4004 0
4005 4
4006 1
4007 2
4008 3
4009 1
4010 1
4011 0
4012 1
4013 2
4014 2
4015 2
4016 2
4017 5
4018 3
4019 2
4020 5
4021 2
4022 1
4023 3
4024 2
4025 5
4026 3
4027 2
4028 2
4029 0
4030 3
4031 4
4032 1
4033 2
4034 1
4035 4
4036 6
4037 3
4038 4
4039 4
4040 1
4041 4
4042 0
4043 4
4044 1
4045 1
4046 1
4047 2
4048 1
4049 1
4050 3
4051 2
4052 4
4053 2
4054 0
4055 3
4056 3
4057 4
4058 3
4059 3
4060 4
4061 1
4062 4
4063 0
4064 3
4065 3
4066 1
4067 1
4068 2
4069 1
4070 3
4071 3
4072 2
4073 0
4074 1
4075 1
4076 3
4077 4
4078 0
4079 3
4080 1
4081 3
4082 2
4083 1
4084 3
4085 2
4086 2
4087 3
4088 3
4089 5
4090 4
4091 6
4092 1
4093 0
4094 5
4095 1
End
