ASCII channel-by-channel listing for 290_007.18
1139 - 57 - 561 started 2018-10-17 01:42:14.0 on counter 76
Generated Oct 17 2018 16.51.08, CRNG database/web system
Channel Data
0 150
1 178
2 0
3 0
4 0
5 0
6 0
7 0
8 0
9 0
10 0
11 0
12 0
13 0
14 0
15 0
16 0
17 0
18 0
19 0
20 0
21 0
22 0
23 0
24 0
25 0
26 0
27 0
28 0
29 0
30 0
31 0
32 0
33 0
34 0
35 0
36 0
37 0
38 0
39 0
40 0
41 0
42 0
43 0
44 0
45 0
46 0
47 0
48 0
49 0
50 0
51 0
52 0
53 0
54 0
55 0
56 0
57 0
58 0
59 0
60 0
61 0
62 0
63 0
64 0
65 0
66 0
67 0
68 0
69 0
70 0
71 0
72 0
73 0
74 0
75 0
76 0
77 0
78 0
79 0
80 37
81 231
82 833
83 2571
84 10730
85 15363
86 15722
87 15347
88 15556
89 15197
90 15343
91 15086
92 15098
93 14971
94 15031
95 14899
96 14897
97 14789
98 14762
99 14851
100 14470
101 14724
102 14566
103 14591
104 14468
105 14514
106 14479
107 14644
108 14427
109 14297
110 14481
111 14172
112 14163
113 14212
114 14266
115 14016
116 14072
117 14219
118 14160
119 14083
120 14057
121 13993
122 13988
123 13877
124 14059
125 13822
126 13880
127 13861
128 13816
129 13933
130 13964
131 14050
132 14162
133 13961
134 13937
135 14184
136 13980
137 14211
138 14189
139 14186
140 14176
141 14110
142 14089
143 14108
144 14187
145 14425
146 15027
147 14314
148 14187
149 14894
150 16140
151 14969
152 14415
153 14128
154 14030
155 14137
156 14174
157 14248
158 14161
159 14321
160 14276
161 14503
162 14448
163 14493
164 14689
165 14830
166 14603
167 15114
168 15203
169 15659
170 16035
171 15432
172 15449
173 16631
174 19116
175 17262
176 16691
177 19654
178 19658
179 16518
180 15715
181 15935
182 15834
183 16020
184 16185
185 16078
186 16323
187 16175
188 16336
189 16459
190 16789
191 16598
192 16837
193 16652
194 16984
195 17132
196 17279
197 17459
198 17492
199 17424
200 17699
201 17929
202 17647
203 18195
204 18229
205 18152
206 18376
207 18401
208 18598
209 18596
210 18551
211 19152
212 19398
213 19282
214 19278
215 19740
216 19572
217 19444
218 19352
219 19777
220 19862
221 20011
222 19948
223 20236
224 20414
225 20515
226 20395
227 20696
228 20680
229 20958
230 21157
231 21268
232 21588
233 21366
234 21538
235 23061
236 25695
237 25221
238 27921
239 36407
240 30217
241 23010
242 22378
243 22055
244 22262
245 22318
246 22324
247 22240
248 22333
249 22383
250 22422
251 22374
252 22482
253 22214
254 22630
255 22957
256 22660
257 22853
258 22880
259 23385
260 23617
261 23847
262 24138
263 24081
264 24508
265 25407
266 26009
267 25165
268 24775
269 24914
270 24499
271 24525
272 24361
273 24111
274 24019
275 24059
276 24154
277 24113
278 24124
279 24134
280 24176
281 24348
282 24223
283 24293
284 24082
285 23744
286 23612
287 23533
288 23907
289 23404
290 23316
291 23753
292 23403
293 23273
294 23135
295 23262
296 22905
297 22808
298 22751
299 22653
300 22359
301 22267
302 22277
303 22244
304 22203
305 22119
306 22031
307 21700
308 21575
309 21657
310 21698
311 21388
312 21303
313 21129
314 21361
315 20977
316 20844
317 20897
318 20813
319 20635
320 20323
321 20111
322 20441
323 20025
324 20167
325 20504
326 20091
327 19861
328 19603
329 19767
330 19570
331 19513
332 19518
333 19682
334 19505
335 19506
336 19256
337 19338
338 19808
339 19607
340 19624
341 19470
342 19861
343 19549
344 19720
345 19777
346 19838
347 19731
348 19710
349 19687
350 19812
351 19860
352 19975
353 19625
354 20264
355 20157
356 20620
357 20279
358 20040
359 19835
360 19821
361 19804
362 19900
363 19828
364 19563
365 19596
366 19579
367 19855
368 19547
369 19537
370 19524
371 19448
372 19229
373 19214
374 18994
375 19243
376 18750
377 18707
378 18569
379 18774
380 18171
381 18364
382 18086
383 18170
384 17668
385 17802
386 17693
387 17651
388 17501
389 17027
390 17145
391 16980
392 16703
393 16615
394 16717
395 16448
396 16594
397 16347
398 16165
399 16126
400 16049
401 16286
402 16266
403 15740
404 15805
405 15580
406 15515
407 15106
408 15339
409 15293
410 16050
411 20485
412 47365
413 84766
414 56940
415 22154
416 15672
417 14728
418 14317
419 14254
420 14141
421 13962
422 13720
423 13597
424 13358
425 13322
426 13199
427 13138
428 13054
429 12942
430 12534
431 12782
432 12435
433 12370
434 12506
435 12118
436 12186
437 12205
438 12099
439 12031
440 11741
441 12133
442 12118
443 11835
444 11580
445 11786
446 11548
447 11498
448 11528
449 11338
450 11324
451 11150
452 11357
453 11249
454 11118
455 11142
456 11013
457 11168
458 10868
459 10827
460 10800
461 10743
462 10622
463 10709
464 10654
465 10523
466 10669
467 10546
468 10713
469 10488
470 10508
471 10431
472 10406
473 10347
474 10278
475 10465
476 10272
477 10183
478 10316
479 10302
480 10319
481 10060
482 10120
483 10153
484 10234
485 9938
486 9993
487 10114
488 10003
489 10106
490 9967
491 10017
492 10093
493 10022
494 9965
495 10024
496 9958
497 10044
498 9952
499 9839
500 9922
501 9753
502 9866
503 9862
504 9887
505 9804
506 10197
507 11484
508 16036
509 17727
510 13061
511 10540
512 9876
513 9568
514 9869
515 9730
516 9880
517 9928
518 9888
519 9966
520 9849
521 9921
522 9971
523 10107
524 10054
525 10275
526 10639
527 11446
528 14763
529 33868
530 133782
531 281056
532 206484
533 58109
534 19570
535 17418
536 16963
537 13682
538 11489
539 10630
540 10299
541 9953
542 9795
543 9773
544 9400
545 9424
546 9271
547 9224
548 9292
549 9276
550 9272
551 9660
552 10524
553 9746
554 9024
555 8867
556 9026
557 8932
558 8864
559 8604
560 8622
561 8776
562 8710
563 8575
564 8605
565 8503
566 8504
567 8545
568 8567
569 8307
570 8396
571 8402
572 8455
573 8365
574 8196
575 8224
576 8297
577 8230
578 8278
579 8129
580 8248
581 8384
582 8140
583 8167
584 8186
585 8098
586 8229
587 8098
588 8143
589 8185
590 8018
591 8182
592 8139
593 8307
594 8357
595 8484
596 9025
597 11401
598 22664
599 72300
600 140517
601 106266
602 34208
603 12915
604 10105
605 9266
606 8977
607 8779
608 8443
609 8603
610 8390
611 7855
612 7817
613 7743
614 7689
615 7737
616 7780
617 7503
618 7568
619 7448
620 7506
621 7317
622 7303
623 7262
624 7289
625 7260
626 7154
627 7187
628 7204
629 7137
630 7121
631 7096
632 7012
633 7135
634 7047
635 6871
636 7002
637 7079
638 7122
639 7094
640 6898
641 6757
642 6893
643 6821
644 6904
645 6892
646 6862
647 6750
648 6777
649 6744
650 6609
651 6629
652 6820
653 6733
654 6711
655 6738
656 6815
657 7339
658 7223
659 6816
660 6654
661 6449
662 6740
663 6645
664 6514
665 6662
666 6538
667 6492
668 6503
669 6478
670 6467
671 6331
672 6316
673 6329
674 6332
675 6345
676 6163
677 6072
678 6086
679 6071
680 5931
681 6049
682 5915
683 5910
684 5872
685 6045
686 6098
687 5853
688 5673
689 5645
690 5574
691 5531
692 5430
693 5278
694 5435
695 5196
696 5167
697 5263
698 5225
699 5076
700 5203
701 5043
702 5166
703 5083
704 5006
705 4914
706 4948
707 5027
708 4910
709 5012
710 5015
711 4992
712 4867
713 4918
714 4842
715 4876
716 4824
717 4700
718 4797
719 4790
720 4782
721 4786
722 4688
723 4772
724 4704
725 4741
726 4730
727 4648
728 4641
729 4573
730 4680
731 4493
732 4558
733 4651
734 4729
735 4581
736 4420
737 4490
738 4361
739 4524
740 4417
741 4486
742 4598
743 4441
744 4344
745 4346
746 4460
747 4417
748 4401
749 4436
750 4301
751 4226
752 4330
753 4285
754 4252
755 4313
756 4320
757 4727
758 5934
759 8989
760 10180
761 6980
762 4945
763 4411
764 4254
765 4273
766 4311
767 4274
768 4251
769 4102
770 4223
771 4140
772 4220
773 4329
774 4721
775 5835
776 6221
777 5158
778 4319
779 4039
780 4087
781 3941
782 3974
783 4068
784 4065
785 3957
786 3883
787 4036
788 3960
789 3863
790 3858
791 3873
792 3809
793 3835
794 3855
795 4668
796 5447
797 5054
798 4378
799 4344
800 4761
801 4365
802 3740
803 3610
804 3602
805 3534
806 3640
807 3498
808 3606
809 3519
810 3511
811 3480
812 3460
813 3525
814 3385
815 3443
816 3456
817 3451
818 3404
819 3444
820 3347
821 3238
822 3350
823 3309
824 3374
825 3344
826 3404
827 3362
828 3357
829 3260
830 3233
831 3314
832 3287
833 3169
834 3268
835 3315
836 3167
837 3260
838 3307
839 3197
840 3257
841 3223
842 3237
843 3099
844 3183
845 3094
846 3122
847 3129
848 3116
849 3053
850 3043
851 3075
852 2953
853 2894
854 2972
855 2779
856 2897
857 2858
858 2795
859 2757
860 2761
861 2764
862 2795
863 2818
864 2842
865 2767
866 2782
867 2769
868 2809
869 2763
870 2674
871 2628
872 2680
873 2784
874 2698
875 2598
876 2550
877 2590
878 2615
879 2511
880 2565
881 2605
882 2569
883 2494
884 2602
885 2421
886 2465
887 2481
888 2498
889 2402
890 2477
891 2400
892 2562
893 2820
894 3149
895 3197
896 2740
897 2507
898 2402
899 2387
900 2380
901 2368
902 2389
903 2411
904 2267
905 2442
906 2418
907 2368
908 2263
909 2321
910 2420
911 2285
912 2267
913 2296
914 2301
915 2257
916 2427
917 2483
918 2654
919 2545
920 2404
921 2326
922 2189
923 2270
924 2310
925 2210
926 2301
927 2139
928 2251
929 2372
930 2441
931 2445
932 2356
933 2177
934 2136
935 2114
936 2173
937 2087
938 2136
939 2153
940 2080
941 2125
942 2141
943 2177
944 2120
945 2120
946 2106
947 2059
948 2127
949 2076
950 2146
951 2103
952 2076
953 2121
954 2086
955 2216
956 2172
957 2217
958 2144
959 2669
960 4108
961 5379
962 4664
963 3034
964 2469
965 3077
966 5285
967 7705
968 6471
969 3739
970 2984
971 2636
972 2374
973 2614
974 2878
975 2745
976 2241
977 2093
978 2018
979 1941
980 1977
981 2012
982 1958
983 1936
984 1923
985 1933
986 1963
987 2029
988 1901
989 1925
990 1967
991 1989
992 2060
993 1985
994 1909
995 1903
996 1917
997 1977
998 1940
999 1925
1000 1882
1001 1874
1002 1993
1003 1863
1004 1991
1005 1998
1006 2003
1007 2064
1008 2051
1009 2116
1010 2197
1011 2367
1012 2455
1013 2749
1014 3018
1015 3639
1016 5141
1017 7757
1018 13089
1019 21687
1020 32152
1021 41667
1022 45521
1023 42002
1024 32361
1025 22177
1026 13410
1027 8249
1028 5537
1029 4191
1030 3444
1031 3142
1032 3269
1033 4264
1034 9849
1035 24417
1036 38933
1037 31456
1038 13298
1039 4739
1040 2874
1041 2600
1042 2449
1043 2289
1044 2154
1045 2042
1046 1965
1047 2010
1048 1987
1049 1894
1050 1853
1051 1899
1052 1850
1053 1868
1054 1819
1055 1915
1056 2047
1057 2144
1058 1890
1059 1806
1060 1758
1061 1680
1062 1703
1063 1709
1064 1714
1065 1737
1066 1624
1067 1570
1068 1606
1069 1577
1070 1707
1071 1654
1072 1597
1073 1507
1074 1596
1075 1649
1076 1567
1077 1589
1078 1561
1079 1539
1080 1641
1081 1597
1082 1593
1083 1547
1084 1600
1085 1529
1086 1534
1087 1511
1088 1554
1089 1567
1090 1945
1091 2581
1092 3161
1093 2835
1094 2038
1095 1558
1096 1533
1097 1470
1098 1538
1099 1533
1100 1469
1101 1478
1102 1570
1103 1426
1104 1467
1105 1465
1106 1496
1107 1475
1108 1409
1109 1491
1110 1464
1111 1451
1112 1486
1113 1495
1114 1394
1115 1482
1116 1452
1117 1501
1118 1458
1119 1462
1120 1493
1121 1505
1122 1571
1123 1550
1124 1605
1125 1813
1126 1927
1127 1809
1128 1607
1129 1498
1130 1568
1131 1692
1132 1976
1133 2545
1134 2788
1135 2304
1136 1668
1137 1581
1138 1596
1139 1651
1140 1811
1141 2415
1142 4475
1143 11389
1144 22318
1145 24783
1146 14486
1147 5336
1148 2522
1149 1996
1150 1964
1151 2381
1152 3962
1153 8278
1154 12895
1155 11450
1156 5887
1157 2644
1158 1895
1159 1737
1160 1595
1161 1601
1162 1553
1163 1537
1164 1547
1165 1508
1166 1522
1167 1460
1168 1461
1169 1476
1170 1465
1171 1419
1172 1376
1173 1417
1174 1491
1175 1503
1176 1589
1177 1492
1178 1422
1179 1350
1180 1401
1181 1291
1182 1328
1183 1350
1184 1357
1185 1329
1186 1288
1187 1255
1188 1322
1189 1234
1190 1302
1191 1277
1192 1296
1193 1216
1194 1288
1195 1242
1196 1292
1197 1220
1198 1316
1199 1276
1200 1294
1201 1268
1202 1335
1203 1321
1204 1379
1205 1492
1206 1748
1207 2782
1208 5474
1209 8513
1210 8720
1211 9391
1212 19214
1213 36683
1214 40845
1215 23810
1216 8361
1217 3103
1218 2044
1219 1793
1220 1672
1221 1623
1222 1488
1223 1534
1224 1390
1225 1364
1226 1338
1227 1403
1228 1293
1229 1280
1230 1302
1231 1370
1232 1252
1233 1323
1234 1201
1235 1189
1236 1327
1237 1153
1238 1148
1239 1158
1240 1113
1241 1276
1242 1400
1243 1910
1244 2035
1245 1731
1246 1320
1247 1125
1248 1122
1249 1166
1250 1045
1251 1054
1252 1034
1253 1080
1254 1080
1255 1089
1256 1062
1257 1009
1258 1095
1259 1038
1260 1042
1261 1034
1262 1027
1263 991
1264 1053
1265 1028
1266 1006
1267 1032
1268 1003
1269 1038
1270 1009
1271 917
1272 984
1273 949
1274 960
1275 945
1276 890
1277 947
1278 928
1279 915
1280 961
1281 1003
1282 905
1283 889
1284 921
1285 877
1286 893
1287 832
1288 898
1289 875
1290 880
1291 899
1292 869
1293 886
1294 865
1295 818
1296 894
1297 883
1298 812
1299 906
1300 908
1301 918
1302 836
1303 898
1304 825
1305 903
1306 836
1307 848
1308 893
1309 853
1310 868
1311 829
1312 802
1313 802
1314 825
1315 802
1316 846
1317 833
1318 825
1319 818
1320 851
1321 802
1322 774
1323 801
1324 799
1325 871
1326 869
1327 946
1328 1093
1329 1639
1330 3347
1331 5729
1332 6589
1333 4375
1334 2159
1335 1112
1336 940
1337 865
1338 806
1339 802
1340 827
1341 822
1342 788
1343 777
1344 723
1345 741
1346 784
1347 747
1348 769
1349 733
1350 682
1351 725
1352 696
1353 719
1354 765
1355 697
1356 730
1357 677
1358 717
1359 706
1360 692
1361 662
1362 696
1363 703
1364 654
1365 681
1366 741
1367 972
1368 1227
1369 1313
1370 1093
1371 796
1372 681
1373 690
1374 622
1375 632
1376 673
1377 666
1378 693
1379 639
1380 612
1381 645
1382 615
1383 646
1384 605
1385 576
1386 641
1387 625
1388 613
1389 656
1390 619
1391 596
1392 639
1393 687
1394 632
1395 667
1396 592
1397 593
1398 591
1399 625
1400 551
1401 567
1402 576
1403 575
1404 566
1405 544
1406 585
1407 558
1408 542
1409 564
1410 558
1411 543
1412 568
1413 527
1414 568
1415 519
1416 546
1417 509
1418 540
1419 542
1420 514
1421 534
1422 537
1423 524
1424 579
1425 578
1426 578
1427 539
1428 535
1429 516
1430 520
1431 511
1432 531
1433 527
1434 486
1435 579
1436 807
1437 1053
1438 1174
1439 955
1440 657
1441 506
1442 471
1443 466
1444 468
1445 440
1446 486
1447 507
1448 481
1449 497
1450 464
1451 484
1452 517
1453 483
1454 525
1455 583
1456 561
1457 597
1458 547
1459 511
1460 451
1461 471
1462 446
1463 464
1464 469
1465 439
1466 444
1467 446
1468 448
1469 468
1470 427
1471 422
1472 438
1473 433
1474 453
1475 435
1476 453
1477 509
1478 497
1479 473
1480 421
1481 445
1482 452
1483 389
1484 437
1485 435
1486 419
1487 455
1488 395
1489 415
1490 412
1491 398
1492 408
1493 459
1494 385
1495 407
1496 422
1497 412
1498 401
1499 430
1500 429
1501 411
1502 441
1503 452
1504 423
1505 435
1506 428
1507 425
1508 415
1509 387
1510 371
1511 394
1512 402
1513 383
1514 376
1515 399
1516 405
1517 385
1518 400
1519 420
1520 353
1521 401
1522 406
1523 422
1524 420
1525 425
1526 384
1527 383
1528 390
1529 362
1530 371
1531 371
1532 390
1533 382
1534 384
1535 417
1536 376
1537 384
1538 412
1539 401
1540 338
1541 416
1542 466
1543 438
1544 460
1545 551
1546 683
1547 839
1548 1009
1549 781
1550 581
1551 459
1552 452
1553 532
1554 636
1555 841
1556 959
1557 739
1558 611
1559 484
1560 538
1561 532
1562 681
1563 933
1564 1873
1565 4642
1566 10230
1567 15295
1568 14056
1569 8018
1570 2906
1571 1085
1572 672
1573 621
1574 562
1575 560
1576 466
1577 464
1578 443
1579 429
1580 409
1581 413
1582 410
1583 427
1584 408
1585 388
1586 386
1587 399
1588 334
1589 414
1590 372
1591 368
1592 364
1593 372
1594 347
1595 356
1596 351
1597 360
1598 355
1599 292
1600 363
1601 372
1602 295
1603 326
1604 323
1605 320
1606 323
1607 305
1608 292
1609 313
1610 345
1611 314
1612 330
1613 305
1614 317
1615 280
1616 303
1617 321
1618 333
1619 305
1620 327
1621 316
1622 323
1623 312
1624 302
1625 295
1626 310
1627 305
1628 317
1629 354
1630 405
1631 551
1632 532
1633 443
1634 396
1635 325
1636 292
1637 290
1638 298
1639 251
1640 308
1641 265
1642 302
1643 329
1644 291
1645 288
1646 298
1647 272
1648 332
1649 364
1650 409
1651 399
1652 482
1653 725
1654 1437
1655 3306
1656 6089
1657 7203
1658 5532
1659 2720
1660 991
1661 527
1662 422
1663 428
1664 395
1665 390
1666 365
1667 342
1668 399
1669 454
1670 468
1671 442
1672 365
1673 295
1674 294
1675 323
1676 285
1677 277
1678 287
1679 295
1680 257
1681 277
1682 282
1683 279
1684 262
1685 258
1686 282
1687 259
1688 308
1689 330
1690 446
1691 369
1692 371
1693 295
1694 265
1695 241
1696 242
1697 238
1698 277
1699 252
1700 251
1701 249
1702 256
1703 261
1704 244
1705 211
1706 224
1707 232
1708 270
1709 269
1710 243
1711 232
1712 272
1713 217
1714 230
1715 206
1716 252
1717 243
1718 227
1719 208
1720 219
1721 224
1722 241
1723 234
1724 228
1725 248
1726 217
1727 247
1728 214
1729 216
1730 230
1731 222
1732 253
1733 236
1734 310
1735 296
1736 301
1737 315
1738 358
1739 544
1740 1076
1741 2139
1742 3514
1743 4269
1744 3253
1745 1669
1746 681
1747 459
1748 443
1749 480
1750 420
1751 374
1752 318
1753 212
1754 256
1755 234
1756 240
1757 233
1758 235
1759 212
1760 219
1761 206
1762 236
1763 221
1764 225
1765 231
1766 208
1767 207
1768 216
1769 211
1770 225
1771 216
1772 179
1773 224
1774 201
1775 192
1776 193
1777 212
1778 182
1779 211
1780 193
1781 190
1782 222
1783 194
1784 193
1785 190
1786 205
1787 213
1788 221
1789 194
1790 248
1791 222
1792 219
1793 212
1794 201
1795 199
1796 180
1797 171
1798 209
1799 177
1800 210
1801 196
1802 198
1803 206
1804 213
1805 222
1806 241
1807 261
1808 347
1809 547
1810 1112
1811 1836
1812 2119
1813 1617
1814 835
1815 397
1816 231
1817 214
1818 233
1819 208
1820 214
1821 210
1822 196
1823 175
1824 171
1825 198
1826 192
1827 180
1828 190
1829 190
1830 202
1831 193
1832 177
1833 180
1834 155
1835 185
1836 164
1837 187
1838 177
1839 192
1840 212
1841 167
1842 184
1843 180
1844 168
1845 198
1846 199
1847 195
1848 179
1849 193
1850 258
1851 231
1852 197
1853 173
1854 167
1855 185
1856 175
1857 171
1858 146
1859 179
1860 183
1861 166
1862 186
1863 172
1864 161
1865 155
1866 185
1867 189
1868 175
1869 179
1870 171
1871 144
1872 173
1873 160
1874 172
1875 179
1876 161
1877 165
1878 171
1879 173
1880 167
1881 176
1882 161
1883 161
1884 155
1885 144
1886 153
1887 156
1888 170
1889 137
1890 140
1891 161
1892 166
1893 151
1894 156
1895 116
1896 140
1897 158
1898 160
1899 160
1900 149
1901 154
1902 157
1903 182
1904 161
1905 161
1906 164
1907 145
1908 142
1909 133
1910 140
1911 168
1912 142
1913 153
1914 145
1915 146
1916 148
1917 149
1918 134
1919 144
1920 140
1921 134
1922 152
1923 134
1924 153
1925 159
1926 172
1927 219
1928 344
1929 446
1930 530
1931 480
1932 288
1933 161
1934 163
1935 163
1936 149
1937 159
1938 136
1939 144
1940 150
1941 139
1942 136
1943 134
1944 130
1945 123
1946 137
1947 129
1948 124
1949 129
1950 146
1951 146
1952 115
1953 134
1954 112
1955 132
1956 119
1957 121
1958 130
1959 121
1960 119
1961 155
1962 111
1963 120
1964 134
1965 127
1966 142
1967 174
1968 188
1969 212
1970 159
1971 137
1972 116
1973 127
1974 118
1975 106
1976 120
1977 109
1978 105
1979 131
1980 117
1981 113
1982 113
1983 128
1984 126
1985 107
1986 150
1987 131
1988 100
1989 116
1990 118
1991 123
1992 122
1993 116
1994 119
1995 105
1996 115
1997 114
1998 110
1999 107
2000 113
2001 104
2002 103
2003 95
2004 122
2005 109
2006 102
2007 120
2008 101
2009 127
2010 118
2011 112
2012 99
2013 96
2014 111
2015 111
2016 102
2017 127
2018 120
2019 101
2020 101
2021 99
2022 107
2023 105
2024 103
2025 109
2026 102
2027 100
2028 102
2029 93
2030 107
2031 102
2032 97
2033 87
2034 103
2035 113
2036 115
2037 101
2038 116
2039 97
2040 116
2041 98
2042 102
2043 94
2044 104
2045 110
2046 96
2047 73
2048 80
2049 106
2050 93
2051 80
2052 86
2053 107
2054 95
2055 92
2056 92
2057 108
2058 89
2059 96
2060 99
2061 84
2062 83
2063 88
2064 87
2065 94
2066 99
2067 92
2068 77
2069 78
2070 108
2071 93
2072 84
2073 85
2074 100
2075 97
2076 117
2077 147
2078 116
2079 94
2080 89
2081 102
2082 86
2083 87
2084 78
2085 94
2086 90
2087 79
2088 89
2089 84
2090 78
2091 76
2092 86
2093 62
2094 95
2095 91
2096 63
2097 73
2098 87
2099 91
2100 88
2101 99
2102 112
2103 133
2104 139
2105 115
2106 96
2107 83
2108 72
2109 56
2110 75
2111 88
2112 82
2113 68
2114 65
2115 64
2116 60
2117 98
2118 76
2119 51
2120 71
2121 76
2122 75
2123 49
2124 74
2125 58
2126 85
2127 52
2128 65
2129 60
2130 91
2131 87
2132 80
2133 69
2134 58
2135 71
2136 73
2137 79
2138 82
2139 76
2140 70
2141 63
2142 57
2143 72
2144 68
2145 60
2146 63
2147 72
2148 60
2149 70
2150 60
2151 64
2152 64
2153 79
2154 71
2155 82
2156 74
2157 72
2158 67
2159 58
2160 77
2161 80
2162 78
2163 61
2164 73
2165 73
2166 69
2167 72
2168 67
2169 69
2170 65
2171 62
2172 62
2173 67
2174 72
2175 62
2176 68
2177 46
2178 66
2179 73
2180 55
2181 65
2182 59
2183 63
2184 54
2185 64
2186 64
2187 60
2188 54
2189 65
2190 61
2191 56
2192 58
2193 66
2194 63
2195 46
2196 71
2197 66
2198 57
2199 56
2200 57
2201 76
2202 83
2203 82
2204 71
2205 59
2206 58
2207 48
2208 52
2209 69
2210 69
2211 43
2212 44
2213 55
2214 54
2215 48
2216 58
2217 58
2218 52
2219 54
2220 67
2221 56
2222 49
2223 63
2224 55
2225 62
2226 54
2227 63
2228 49
2229 65
2230 66
2231 56
2232 58
2233 59
2234 65
2235 38
2236 41
2237 45
2238 59
2239 60
2240 57
2241 52
2242 57
2243 59
2244 57
2245 55
2246 59
2247 45
2248 60
2249 52
2250 51
2251 58
2252 48
2253 55
2254 55
2255 50
2256 40
2257 52
2258 57
2259 49
2260 48
2261 51
2262 61
2263 50
2264 57
2265 45
2266 55
2267 50
2268 44
2269 53
2270 55
2271 50
2272 50
2273 57
2274 55
2275 41
2276 68
2277 79
2278 111
2279 140
2280 105
2281 105
2282 50
2283 47
2284 41
2285 57
2286 46
2287 54
2288 52
2289 52
2290 59
2291 55
2292 67
2293 57
2294 67
2295 91
2296 143
2297 274
2298 462
2299 588
2300 573
2301 375
2302 216
2303 106
2304 67
2305 69
2306 57
2307 50
2308 60
2309 55
2310 63
2311 44
2312 62
2313 48
2314 50
2315 53
2316 48
2317 62
2318 50
2319 45
2320 54
2321 53
2322 38
2323 55
2324 49
2325 55
2326 42
2327 58
2328 44
2329 49
2330 45
2331 52
2332 49
2333 59
2334 62
2335 58
2336 65
2337 52
2338 63
2339 78
2340 76
2341 121
2342 183
2343 248
2344 209
2345 161
2346 147
2347 216
2348 178
2349 204
2350 126
2351 98
2352 71
2353 54
2354 56
2355 49
2356 63
2357 62
2358 65
2359 61
2360 68
2361 74
2362 70
2363 94
2364 121
2365 236
2366 404
2367 680
2368 868
2369 863
2370 539
2371 341
2372 125
2373 81
2374 71
2375 44
2376 56
2377 58
2378 65
2379 55
2380 49
2381 53
2382 45
2383 54
2384 53
2385 49
2386 60
2387 41
2388 46
2389 48
2390 44
2391 45
2392 53
2393 41
2394 33
2395 41
2396 61
2397 44
2398 50
2399 38
2400 52
2401 37
2402 41
2403 47
2404 42
2405 32
2406 34
2407 52
2408 41
2409 47
2410 56
2411 43
2412 46
2413 53
2414 36
2415 46
2416 39
2417 40
2418 45
2419 42
2420 50
2421 48
2422 51
2423 49
2424 62
2425 63
2426 65
2427 115
2428 115
2429 121
2430 89
2431 71
2432 56
2433 49
2434 46
2435 47
2436 51
2437 41
2438 34
2439 40
2440 47
2441 42
2442 40
2443 40
2444 29
2445 49
2446 41
2447 40
2448 37
2449 43
2450 30
2451 39
2452 35
2453 52
2454 55
2455 29
2456 44
2457 52
2458 41
2459 34
2460 34
2461 46
2462 43
2463 68
2464 71
2465 125
2466 117
2467 101
2468 83
2469 59
2470 57
2471 41
2472 35
2473 53
2474 44
2475 39
2476 34
2477 36
2478 41
2479 33
2480 36
2481 42
2482 25
2483 42
2484 34
2485 31
2486 30
2487 34
2488 38
2489 32
2490 49
2491 42
2492 40
2493 47
2494 33
2495 25
2496 35
2497 36
2498 38
2499 31
2500 46
2501 34
2502 40
2503 30
2504 32
2505 38
2506 47
2507 43
2508 37
2509 34
2510 34
2511 48
2512 39
2513 42
2514 35
2515 41
2516 40
2517 27
2518 35
2519 46
2520 36
2521 29
2522 36
2523 36
2524 26
2525 40
2526 37
2527 37
2528 32
2529 23
2530 37
2531 29
2532 41
2533 38
2534 46
2535 39
2536 36
2537 25
2538 32
2539 30
2540 39
2541 37
2542 50
2543 31
2544 21
2545 29
2546 41
2547 33
2548 39
2549 32
2550 35
2551 34
2552 31
2553 29
2554 35
2555 25
2556 29
2557 38
2558 21
2559 25
2560 31
2561 41
2562 43
2563 23
2564 34
2565 33
2566 39
2567 28
2568 38
2569 33
2570 45
2571 36
2572 33
2573 36
2574 23
2575 33
2576 25
2577 41
2578 45
2579 39
2580 45
2581 45
2582 34
2583 48
2584 33
2585 36
2586 30
2587 42
2588 31
2589 35
2590 36
2591 32
2592 27
2593 31
2594 40
2595 39
2596 50
2597 70
2598 83
2599 72
2600 59
2601 37
2602 31
2603 41
2604 24
2605 35
2606 38
2607 29
2608 32
2609 27
2610 35
2611 33
2612 33
2613 28
2614 31
2615 27
2616 24
2617 28
2618 37
2619 29
2620 31
2621 36
2622 32
2623 39
2624 33
2625 21
2626 26
2627 22
2628 33
2629 26
2630 37
2631 29
2632 32
2633 32
2634 30
2635 38
2636 32
2637 26
2638 21
2639 32
2640 44
2641 32
2642 41
2643 29
2644 34
2645 27
2646 38
2647 40
2648 27
2649 29
2650 34
2651 35
2652 23
2653 27
2654 35
2655 32
2656 32
2657 31
2658 24
2659 30
2660 29
2661 29
2662 27
2663 39
2664 31
2665 36
2666 36
2667 40
2668 27
2669 41
2670 29
2671 33
2672 35
2673 28
2674 33
2675 38
2676 35
2677 33
2678 24
2679 45
2680 25
2681 32
2682 29
2683 24
2684 33
2685 20
2686 30
2687 22
2688 40
2689 27
2690 22
2691 29
2692 27
2693 27
2694 22
2695 32
2696 22
2697 31
2698 37
2699 32
2700 27
2701 27
2702 28
2703 20
2704 29
2705 28
2706 27
2707 31
2708 34
2709 29
2710 34
2711 17
2712 23
2713 27
2714 28
2715 24
2716 17
2717 15
2718 29
2719 41
2720 40
2721 30
2722 34
2723 34
2724 36
2725 39
2726 31
2727 25
2728 20
2729 20
2730 26
2731 33
2732 30
2733 20
2734 23
2735 36
2736 23
2737 30
2738 29
2739 31
2740 35
2741 25
2742 30
2743 28
2744 21
2745 27
2746 19
2747 24
2748 21
2749 35
2750 28
2751 19
2752 28
2753 39
2754 24
2755 30
2756 24
2757 19
2758 18
2759 26
2760 19
2761 17
2762 24
2763 14
2764 24
2765 24
2766 25
2767 23
2768 18
2769 17
2770 21
2771 14
2772 23
2773 29
2774 22
2775 28
2776 18
2777 25
2778 22
2779 21
2780 26
2781 20
2782 19
2783 21
2784 24
2785 29
2786 25
2787 20
2788 20
2789 24
2790 20
2791 17
2792 27
2793 26
2794 26
2795 23
2796 20
2797 27
2798 21
2799 20
2800 18
2801 16
2802 24
2803 20
2804 24
2805 17
2806 26
2807 22
2808 13
2809 20
2810 23
2811 18
2812 16
2813 27
2814 23
2815 14
2816 18
2817 15
2818 21
2819 26
2820 19
2821 17
2822 16
2823 19
2824 16
2825 14
2826 23
2827 23
2828 12
2829 20
2830 18
2831 18
2832 10
2833 19
2834 21
2835 20
2836 22
2837 14
2838 25
2839 18
2840 18
2841 16
2842 22
2843 17
2844 20
2845 21
2846 20
2847 28
2848 38
2849 30
2850 39
2851 27
2852 22
2853 26
2854 17
2855 15
2856 17
2857 15
2858 21
2859 16
2860 21
2861 19
2862 15
2863 21
2864 17
2865 15
2866 26
2867 9
2868 14
2869 22
2870 18
2871 16
2872 24
2873 19
2874 18
2875 19
2876 25
2877 40
2878 43
2879 53
2880 38
2881 38
2882 27
2883 16
2884 12
2885 17
2886 15
2887 19
2888 19
2889 14
2890 15
2891 9
2892 18
2893 15
2894 24
2895 16
2896 13
2897 6
2898 25
2899 20
2900 17
2901 19
2902 9
2903 15
2904 19
2905 14
2906 19
2907 13
2908 11
2909 18
2910 18
2911 9
2912 13
2913 18
2914 10
2915 15
2916 13
2917 15
2918 11
2919 16
2920 14
2921 11
2922 16
2923 15
2924 14
2925 12
2926 15
2927 18
2928 19
2929 20
2930 29
2931 71
2932 104
2933 133
2934 115
2935 129
2936 86
2937 48
2938 27
2939 26
2940 20
2941 17
2942 13
2943 16
2944 14
2945 16
2946 16
2947 13
2948 15
2949 13
2950 10
2951 12
2952 11
2953 16
2954 21
2955 23
2956 18
2957 13
2958 21
2959 12
2960 12
2961 17
2962 20
2963 16
2964 16
2965 21
2966 24
2967 23
2968 25
2969 17
2970 17
2971 13
2972 15
2973 16
2974 11
2975 11
2976 15
2977 10
2978 14
2979 10
2980 14
2981 14
2982 13
2983 10
2984 14
2985 16
2986 16
2987 11
2988 14
2989 13
2990 11
2991 15
2992 15
2993 17
2994 14
2995 14
2996 19
2997 14
2998 9
2999 15
3000 22
3001 37
3002 35
3003 43
3004 44
3005 27
3006 28
3007 16
3008 15
3009 12
3010 13
3011 13
3012 10
3013 9
3014 18
3015 4
3016 17
3017 12
3018 9
3019 11
3020 13
3021 13
3022 12
3023 11
3024 8
3025 6
3026 6
3027 12
3028 16
3029 14
3030 12
3031 17
3032 5
3033 15
3034 10
3035 15
3036 7
3037 9
3038 12
3039 7
3040 10
3041 8
3042 9
3043 7
3044 12
3045 15
3046 8
3047 13
3048 9
3049 8
3050 9
3051 11
3052 9
3053 13
3054 13
3055 12
3056 13
3057 13
3058 10
3059 15
3060 11
3061 17
3062 18
3063 16
3064 27
3065 22
3066 15
3067 11
3068 4
3069 11
3070 5
3071 14
3072 13
3073 15
3074 7
3075 11
3076 11
3077 4
3078 12
3079 7
3080 14
3081 11
3082 11
3083 8
3084 9
3085 11
3086 11
3087 5
3088 11
3089 7
3090 4
3091 6
3092 5
3093 8
3094 14
3095 9
3096 9
3097 5
3098 6
3099 13
3100 8
3101 21
3102 13
3103 14
3104 4
3105 16
3106 20
3107 24
3108 18
3109 25
3110 34
3111 34
3112 24
3113 16
3114 9
3115 11
3116 13
3117 19
3118 28
3119 40
3120 41
3121 33
3122 42
3123 40
3124 22
3125 13
3126 16
3127 13
3128 6
3129 7
3130 8
3131 5
3132 6
3133 6
3134 11
3135 8
3136 12
3137 15
3138 5
3139 5
3140 8
3141 9
3142 11
3143 6
3144 5
3145 5
3146 10
3147 5
3148 8
3149 3
3150 9
3151 7
3152 10
3153 5
3154 8
3155 7
3156 19
3157 14
3158 6
3159 12
3160 12
3161 9
3162 12
3163 6
3164 5
3165 9
3166 19
3167 10
3168 12
3169 20
3170 16
3171 12
3172 21
3173 25
3174 12
3175 12
3176 19
3177 12
3178 7
3179 8
3180 8
3181 9
3182 8
3183 11
3184 11
3185 17
3186 25
3187 25
3188 59
3189 101
3190 146
3191 249
3192 353
3193 341
3194 266
3195 153
3196 96
3197 52
3198 20
3199 25
3200 11
3201 17
3202 23
3203 14
3204 7
3205 11
3206 6
3207 7
3208 9
3209 10
3210 10
3211 11
3212 11
3213 14
3214 6
3215 9
3216 11
3217 5
3218 9
3219 9
3220 13
3221 6
3222 5
3223 10
3224 9
3225 7
3226 5
3227 7
3228 5
3229 4
3230 11
3231 11
3232 10
3233 10
3234 5
3235 10
3236 8
3237 8
3238 5
3239 3
3240 3
3241 9
3242 7
3243 9
3244 7
3245 9
3246 7
3247 5
3248 4
3249 7
3250 14
3251 5
3252 9
3253 3
3254 6
3255 8
3256 4
3257 6
3258 7
3259 8
3260 4
3261 5
3262 4
3263 6
3264 4
3265 9
3266 5
3267 3
3268 3
3269 2
3270 7
3271 0
3272 4
3273 4
3274 4
3275 7
3276 6
3277 4
3278 7
3279 7
3280 8
3281 7
3282 3
3283 6
3284 3
3285 4
3286 0
3287 17
3288 4
3289 8
3290 3
3291 2
3292 5
3293 4
3294 8
3295 9
3296 3
3297 1
3298 6
3299 5
3300 6
3301 5
3302 6
3303 5
3304 3
3305 3
3306 3
3307 4
3308 7
3309 6
3310 7
3311 11
3312 6
3313 6
3314 1
3315 7
3316 2
3317 3
3318 7
3319 3
3320 5
3321 6
3322 7
3323 6
3324 6
3325 4
3326 3
3327 7
3328 1
3329 3
3330 4
3331 4
3332 4
3333 3
3334 5
3335 8
3336 11
3337 3
3338 5
3339 7
3340 4
3341 2
3342 1
3343 2
3344 7
3345 1
3346 5
3347 0
3348 1
3349 7
3350 5
3351 4
3352 5
3353 7
3354 8
3355 6
3356 3
3357 4
3358 5
3359 6
3360 2
3361 5
3362 1
3363 5
3364 6
3365 7
3366 6
3367 7
3368 9
3369 8
3370 4
3371 5
3372 4
3373 4
3374 2
3375 2
3376 1
3377 3
3378 4
3379 3
3380 5
3381 3
3382 3
3383 5
3384 4
3385 7
3386 4
3387 5
3388 4
3389 8
3390 3
3391 6
3392 6
3393 3
3394 4
3395 3
3396 3
3397 6
3398 7
3399 6
3400 5
3401 3
3402 6
3403 5
3404 5
3405 5
3406 3
3407 4
3408 3
3409 6
3410 6
3411 1
3412 4
3413 7
3414 5
3415 7
3416 6
3417 3
3418 4
3419 4
3420 3
3421 2
3422 1
3423 0
3424 9
3425 5
3426 1
3427 7
3428 3
3429 2
3430 4
3431 3
3432 6
3433 2
3434 5
3435 4
3436 2
3437 6
3438 5
3439 3
3440 2
3441 3
3442 3
3443 0
3444 4
3445 4
3446 2
3447 2
3448 2
3449 4
3450 4
3451 2
3452 2
3453 4
3454 1
3455 3
3456 2
3457 2
3458 5
3459 8
3460 7
3461 5
3462 10
3463 13
3464 15
3465 26
3466 16
3467 7
3468 15
3469 4
3470 4
3471 3
3472 2
3473 3
3474 4
3475 4
3476 6
3477 6
3478 2
3479 4
3480 4
3481 3
3482 4
3483 4
3484 2
3485 4
3486 7
3487 9
3488 1
3489 3
3490 3
3491 2
3492 1
3493 4
3494 4
3495 6
3496 5
3497 1
3498 1
3499 3
3500 2
3501 3
3502 3
3503 6
3504 4
3505 6
3506 3
3507 7
3508 3
3509 3
3510 5
3511 2
3512 4
3513 2
3514 2
3515 0
3516 3
3517 5
3518 3
3519 1
3520 4
3521 2
3522 9
3523 1
3524 3
3525 1
3526 7
3527 6
3528 9
3529 12
3530 13
3531 25
3532 28
3533 48
3534 61
3535 63
3536 36
3537 29
3538 25
3539 12
3540 7
3541 6
3542 3
3543 1
3544 3
3545 2
3546 10
3547 5
3548 6
3549 9
3550 9
3551 4
3552 2
3553 2
3554 1
3555 3
3556 1
3557 2
3558 0
3559 4
3560 2
3561 2
3562 1
3563 6
3564 3
3565 3
3566 5
3567 6
3568 2
3569 4
3570 1
3571 3
3572 6
3573 4
3574 6
3575 3
3576 3
3577 2
3578 1
3579 6
3580 2
3581 3
3582 4
3583 3
3584 1
3585 4
3586 4
3587 2
3588 3
3589 3
3590 2
3591 3
3592 10
3593 11
3594 10
3595 6
3596 11
3597 11
3598 8
3599 2
3600 6
3601 1
3602 0
3603 4
3604 4
3605 4
3606 2
3607 3
3608 2
3609 2
3610 6
3611 2
3612 1
3613 2
3614 3
3615 2
3616 3
3617 1
3618 3
3619 2
3620 4
3621 4
3622 5
3623 2
3624 3
3625 1
3626 3
3627 2
3628 2
3629 2
3630 2
3631 2
3632 1
3633 0
3634 2
3635 1
3636 2
3637 0
3638 4
3639 4
3640 2
3641 3
3642 4
3643 2
3644 3
3645 3
3646 5
3647 3
3648 2
3649 3
3650 0
3651 2
3652 3
3653 1
3654 2
3655 4
3656 2
3657 0
3658 7
3659 2
3660 4
3661 2
3662 2
3663 3
3664 4
3665 3
3666 2
3667 1
3668 4
3669 1
3670 4
3671 2
3672 3
3673 3
3674 5
3675 1
3676 5
3677 1
3678 4
3679 0
3680 2
3681 1
3682 0
3683 0
3684 2
3685 3
3686 3
3687 3
3688 0
3689 2
3690 3
3691 4
3692 2
3693 2
3694 1
3695 1
3696 3
3697 2
3698 2
3699 1
3700 2
3701 1
3702 2
3703 4
3704 3
3705 3
3706 1
3707 3
3708 0
3709 2
3710 3
3711 4
3712 1
3713 2
3714 1
3715 1
3716 2
3717 1
3718 0
3719 4
3720 3
3721 1
3722 2
3723 1
3724 4
3725 4
3726 1
3727 2
3728 1
3729 1
3730 0
3731 4
3732 4
3733 2
3734 2
3735 1
3736 2
3737 4
3738 0
3739 2
3740 0
3741 3
3742 2
3743 0
3744 2
3745 2
3746 4
3747 2
3748 1
3749 2
3750 0
3751 2
3752 0
3753 1
3754 4
3755 3
3756 3
3757 1
3758 2
3759 3
3760 1
3761 2
3762 1
3763 3
3764 3
3765 0
3766 3
3767 0
3768 1
3769 3
3770 2
3771 2
3772 1
3773 1
3774 1
3775 2
3776 0
3777 0
3778 5
3779 1
3780 1
3781 1
3782 2
3783 2
3784 3
3785 1
3786 2
3787 0
3788 3
3789 2
3790 1
3791 1
3792 1
3793 5
3794 3
3795 0
3796 2
3797 3
3798 0
3799 2
3800 0
3801 0
3802 3
3803 1
3804 1
3805 0
3806 0
3807 3
3808 0
3809 3
3810 1
3811 1
3812 1
3813 3
3814 1
3815 1
3816 2
3817 2
3818 6
3819 1
3820 4
3821 2
3822 0
3823 1
3824 0
3825 3
3826 0
3827 1
3828 2
3829 0
3830 2
3831 0
3832 0
3833 0
3834 1
3835 3
3836 1
3837 1
3838 0
3839 1
3840 0
3841 2
3842 2
3843 1
3844 5
3845 3
3846 0
3847 2
3848 2
3849 2
3850 1
3851 3
3852 2
3853 1
3854 1
3855 1
3856 0
3857 0
3858 0
3859 2
3860 0
3861 5
3862 2
3863 1
3864 2
3865 0
3866 4
3867 1
3868 2
3869 0
3870 1
3871 1
3872 1
3873 1
3874 0
3875 1
3876 0
3877 3
3878 0
3879 1
3880 0
3881 1
3882 0
3883 2
3884 3
3885 4
3886 1
3887 0
3888 0
3889 1
3890 0
3891 1
3892 2
3893 3
3894 1
3895 1
3896 2
3897 1
3898 2
3899 2
3900 0
3901 4
3902 1
3903 2
3904 6
3905 1
3906 2
3907 1
3908 0
3909 3
3910 2
3911 2
3912 0
3913 3
3914 1
3915 1
3916 2
3917 2
3918 3
3919 5
3920 8
3921 7
3922 9
3923 4
3924 2
3925 0
3926 2
3927 1
3928 2
3929 3
3930 1
3931 1
3932 2
3933 2
3934 0
3935 2
3936 1
3937 0
3938 2
3939 1
3940 0
3941 0
3942 1
3943 2
3944 1
3945 0
3946 1
3947 1
3948 1
3949 1
3950 0
3951 2
3952 1
3953 1
3954 0
3955 1
3956 3
3957 1
3958 1
3959 3
3960 0
3961 2
3962 0
3963 3
3964 0
3965 1
3966 0
3967 0
3968 0
3969 1
3970 0
3971 1
3972 0
3973 2
3974 0
3975 0
3976 1
3977 4
3978 1
3979 2
3980 1
3981 1
3982 1
3983 0
3984 1
3985 0
3986 2
3987 1
3988 4
3989 3
3990 3
3991 4
3992 9
3993 4
3994 2
3995 0
3996 5
3997 1
3998 2
3999 4
4000 1
4001 1
4002 0
4003 2
4004 0
4005 2
4006 0
4007 1
4008 0
4009 1
4010 0
4011 0
4012 0
4013 1
4014 1
4015 1
4016 1
4017 0
4018 2
4019 2
4020 1
4021 3
4022 3
4023 0
4024 2
4025 2
4026 2
4027 2
4028 0
4029 0
4030 4
4031 1
4032 1
4033 0
4034 1
4035 1
4036 1
4037 0
4038 1
4039 2
4040 1
4041 1
4042 0
4043 1
4044 3
4045 1
4046 0
4047 0
4048 2
4049 1
4050 2
4051 0
4052 0
4053 0
4054 1
4055 3
4056 2
4057 3
4058 1
4059 0
4060 2
4061 2
4062 0
4063 2
4064 1
4065 3
4066 0
4067 2
4068 2
4069 0
4070 0
4071 1
4072 0
4073 1
4074 2
4075 2
4076 1
4077 1
4078 1
4079 1
4080 0
4081 1
4082 3
4083 0
4084 0
4085 1
4086 1
4087 0
4088 0
4089 2
4090 1
4091 2
4092 5
4093 2
4094 0
4095 2
End
