ASCII channel-by-channel listing for 290_008.18
1139 - 57 - 658 started 2018-10-17 02:02:32.0 on counter 76
Generated Oct 17 2018 16.51.41, CRNG database/web system
Channel Data
0 150
1 179
2 0
3 0
4 0
5 0
6 0
7 0
8 0
9 0
10 0
11 0
12 0
13 0
14 0
15 0
16 0
17 0
18 0
19 0
20 0
21 0
22 0
23 0
24 0
25 0
26 0
27 0
28 0
29 0
30 0
31 0
32 0
33 0
34 0
35 0
36 0
37 0
38 0
39 0
40 0
41 0
42 0
43 0
44 0
45 0
46 0
47 0
48 0
49 0
50 0
51 0
52 0
53 0
54 0
55 0
56 0
57 0
58 0
59 0
60 0
61 0
62 0
63 0
64 0
65 0
66 0
67 0
68 0
69 0
70 0
71 0
72 0
73 0
74 0
75 0
76 0
77 0
78 0
79 0
80 33
81 273
82 889
83 2757
84 11316
85 16140
86 16196
87 16272
88 16024
89 16114
90 15854
91 15745
92 15701
93 15792
94 15805
95 15633
96 15564
97 15592
98 15590
99 15348
100 15464
101 15311
102 15207
103 15028
104 15083
105 15082
106 15065
107 15051
108 14961
109 14943
110 14668
111 15066
112 14748
113 15130
114 14785
115 14753
116 14827
117 14922
118 14873
119 14724
120 14571
121 14582
122 14451
123 14524
124 14451
125 14559
126 14604
127 14443
128 14335
129 14423
130 14345
131 14491
132 14545
133 14554
134 14790
135 14366
136 14487
137 14695
138 14792
139 14691
140 14697
141 14640
142 14734
143 14680
144 14933
145 15459
146 15718
147 15233
148 14933
149 15616
150 16997
151 15617
152 14663
153 14942
154 14676
155 14500
156 14905
157 14889
158 14686
159 15018
160 15036
161 15191
162 15245
163 15131
164 15383
165 15502
166 15584
167 15821
168 16146
169 16473
170 16959
171 16433
172 16237
173 18003
174 20510
175 18292
176 17994
177 21293
178 21175
179 17178
180 16886
181 16728
182 16995
183 16917
184 17203
185 17153
186 17156
187 17343
188 17329
189 17004
190 17631
191 17695
192 17706
193 17766
194 18030
195 18054
196 18423
197 18541
198 18452
199 18699
200 19013
201 19285
202 19180
203 19066
204 19357
205 19435
206 19641
207 19505
208 19921
209 20000
210 20115
211 20089
212 20082
213 20412
214 20385
215 20582
216 20696
217 20520
218 21173
219 20996
220 21064
221 21174
222 21408
223 21457
224 21357
225 21481
226 21620
227 21979
228 22177
229 22356
230 22428
231 22651
232 22860
233 23052
234 23266
235 25121
236 28197
237 26911
238 30351
239 40505
240 33141
241 24904
242 23807
243 23496
244 23660
245 23639
246 23457
247 23873
248 23867
249 23822
250 24013
251 23939
252 23846
253 23715
254 24070
255 24148
256 24514
257 24350
258 24470
259 24726
260 24941
261 25629
262 25873
263 26131
264 26305
265 27437
266 27945
267 27291
268 26517
269 26378
270 26321
271 26250
272 25888
273 25994
274 25878
275 25954
276 25739
277 25952
278 25729
279 26007
280 26082
281 26037
282 26156
283 25530
284 25960
285 25674
286 25526
287 25402
288 25399
289 25432
290 25271
291 24906
292 24877
293 24883
294 24753
295 24595
296 24476
297 24469
298 24088
299 24294
300 24019
301 23961
302 23777
303 23226
304 23455
305 23528
306 23302
307 23161
308 23037
309 23124
310 22982
311 23018
312 22831
313 22559
314 22643
315 22146
316 22191
317 22022
318 21836
319 22083
320 21792
321 21933
322 21368
323 21055
324 21487
325 21732
326 21361
327 21033
328 20833
329 20604
330 20907
331 20857
332 20879
333 20446
334 20416
335 20355
336 20252
337 20765
338 20780
339 20807
340 20446
341 20404
342 20285
343 20338
344 20447
345 20550
346 20489
347 20387
348 20552
349 20328
350 20660
351 20418
352 20444
353 20419
354 20415
355 20460
356 21517
357 21195
358 20843
359 20704
360 20471
361 20483
362 20276
363 20230
364 20683
365 20407
366 20264
367 20222
368 20271
369 20170
370 19967
371 20082
372 19931
373 19690
374 19931
375 19729
376 19599
377 19406
378 19168
379 19186
380 18953
381 19181
382 18930
383 18583
384 18598
385 18253
386 17956
387 18164
388 17916
389 17943
390 17562
391 17668
392 17486
393 17315
394 17320
395 17032
396 17039
397 16861
398 16851
399 16460
400 16569
401 17034
402 16724
403 16339
404 16129
405 15728
406 15603
407 15845
408 15807
409 15904
410 16581
411 22004
412 54140
413 96678
414 64494
415 24457
416 16656
417 15526
418 14994
419 14655
420 14355
421 14251
422 14173
423 13615
424 13882
425 13410
426 13424
427 13277
428 13149
429 13023
430 12928
431 12935
432 12830
433 12621
434 12817
435 12449
436 12137
437 12371
438 12184
439 12050
440 12104
441 12129
442 12318
443 12008
444 11689
445 11735
446 11693
447 11809
448 11448
449 11476
450 11540
451 11326
452 11284
453 10974
454 11093
455 11051
456 10965
457 11009
458 10978
459 10914
460 10797
461 10888
462 10715
463 10642
464 11095
465 10746
466 10893
467 10486
468 10569
469 10598
470 10449
471 10673
472 10338
473 10355
474 10215
475 10351
476 10285
477 10311
478 10260
479 10378
480 10394
481 10214
482 10088
483 10221
484 10291
485 10191
486 9914
487 10072
488 10026
489 10194
490 9891
491 10120
492 10139
493 9920
494 9848
495 9909
496 9898
497 9981
498 9788
499 9934
500 9877
501 9968
502 10006
503 9931
504 10098
505 9981
506 10253
507 11726
508 16759
509 18624
510 13462
511 10435
512 9980
513 9912
514 9846
515 9821
516 10067
517 9943
518 9931
519 9800
520 10078
521 9970
522 10017
523 10096
524 10296
525 10614
526 10890
527 11868
528 15470
529 38481
530 155969
531 327666
532 240069
533 67752
534 21843
535 19385
536 18129
537 14290
538 11860
539 10954
540 10656
541 10147
542 9824
543 9849
544 9745
545 9336
546 9521
547 9569
548 9178
549 9150
550 9402
551 10006
552 10893
553 10032
554 9111
555 8852
556 9016
557 8859
558 8698
559 8629
560 8591
561 8490
562 8525
563 8530
564 8259
565 8356
566 8492
567 8277
568 8453
569 8307
570 8266
571 8216
572 8342
573 8107
574 8243
575 8141
576 8317
577 8397
578 8205
579 7947
580 8054
581 8069
582 8068
583 8024
584 7868
585 8006
586 8169
587 8106
588 8145
589 8159
590 7979
591 8081
592 7922
593 8230
594 8429
595 8204
596 9242
597 11798
598 25136
599 83193
600 162585
601 122275
602 38809
603 13850
604 10445
605 9758
606 8960
607 8450
608 8582
609 8489
610 8406
611 7962
612 7937
613 7656
614 7526
615 7387
616 7338
617 7470
618 7343
619 7202
620 7105
621 7208
622 7341
623 7132
624 7271
625 7038
626 7056
627 7033
628 6970
629 6687
630 6794
631 6701
632 6867
633 6843
634 6808
635 6606
636 6783
637 6699
638 6744
639 6798
640 6640
641 6540
642 6499
643 6428
644 6564
645 6501
646 6493
647 6317
648 6366
649 6395
650 6279
651 6332
652 6371
653 6400
654 6175
655 6535
656 6521
657 6787
658 6726
659 6549
660 6171
661 6212
662 6114
663 6011
664 6143
665 6016
666 6139
667 6063
668 5967
669 5976
670 6031
671 5919
672 6027
673 5883
674 5951
675 6076
676 5796
677 5877
678 5725
679 5767
680 5823
681 5599
682 5555
683 5689
684 5648
685 5664
686 5929
687 5800
688 5405
689 5592
690 5496
691 5459
692 5317
693 5327
694 5300
695 5316
696 5239
697 5243
698 5099
699 5168
700 5067
701 5083
702 5181
703 5117
704 4977
705 5003
706 4893
707 4998
708 5012
709 4852
710 4909
711 4840
712 4875
713 4853
714 4773
715 4879
716 4726
717 4817
718 4763
719 4765
720 4834
721 4857
722 4839
723 4669
724 4741
725 4641
726 4645
727 4717
728 4724
729 4720
730 4628
731 4721
732 4661
733 4662
734 4643
735 4558
736 4545
737 4618
738 4656
739 4507
740 4574
741 4598
742 4601
743 4500
744 4447
745 4476
746 4336
747 4475
748 4607
749 4538
750 4440
751 4527
752 4410
753 4375
754 4471
755 4544
756 4425
757 4746
758 6481
759 10130
760 11091
761 7634
762 5082
763 4617
764 4446
765 4385
766 4349
767 4511
768 4340
769 4351
770 4240
771 4373
772 4332
773 4418
774 5045
775 6326
776 6798
777 5579
778 4446
779 4311
780 4234
781 4166
782 4119
783 4130
784 4178
785 4130
786 4076
787 3855
788 4014
789 4062
790 4006
791 3987
792 4003
793 4067
794 4220
795 4917
796 5880
797 5545
798 4700
799 4688
800 5128
801 4601
802 4164
803 3970
804 3872
805 3849
806 3732
807 3723
808 3685
809 3635
810 3714
811 3626
812 3621
813 3561
814 3525
815 3569
816 3632
817 3678
818 3661
819 3495
820 3527
821 3596
822 3544
823 3539
824 3391
825 3534
826 3411
827 3552
828 3431
829 3453
830 3328
831 3456
832 3468
833 3370
834 3246
835 3403
836 3499
837 3348
838 3462
839 3381
840 3511
841 3418
842 3313
843 3230
844 3264
845 3288
846 3301
847 3189
848 3158
849 3208
850 3181
851 3260
852 3141
853 3065
854 3037
855 3075
856 3056
857 2954
858 2919
859 2907
860 2807
861 2821
862 2911
863 2775
864 2851
865 2922
866 2904
867 2823
868 2792
869 2853
870 2821
871 2686
872 2759
873 2872
874 2838
875 2669
876 2723
877 2669
878 2616
879 2699
880 2558
881 2571
882 2518
883 2584
884 2661
885 2582
886 2559
887 2617
888 2608
889 2581
890 2560
891 2520
892 2719
893 2991
894 3351
895 3247
896 2715
897 2607
898 2452
899 2501
900 2339
901 2403
902 2486
903 2343
904 2446
905 2420
906 2433
907 2343
908 2416
909 2413
910 2326
911 2333
912 2357
913 2343
914 2376
915 2367
916 2377
917 2602
918 2843
919 2621
920 2460
921 2283
922 2285
923 2352
924 2275
925 2305
926 2314
927 2259
928 2399
929 2326
930 2507
931 2526
932 2378
933 2303
934 2156
935 2252
936 2275
937 2128
938 2227
939 2158
940 2204
941 2192
942 2195
943 2241
944 2198
945 2175
946 2173
947 2136
948 2193
949 2137
950 2114
951 2081
952 2092
953 2170
954 2120
955 2214
956 2221
957 2138
958 2253
959 2832
960 4163
961 5405
962 4749
963 3109
964 2489
965 3404
966 5983
967 8494
968 7234
969 4076
970 3141
971 2740
972 2479
973 2590
974 2945
975 2712
976 2203
977 2027
978 2040
979 1922
980 1906
981 1968
982 1885
983 1993
984 1900
985 1899
986 1975
987 1851
988 1868
989 1950
990 1916
991 1935
992 1929
993 1859
994 1883
995 1914
996 1903
997 1935
998 1837
999 1900
1000 1850
1001 1814
1002 1861
1003 1874
1004 1776
1005 1922
1006 1839
1007 1963
1008 1963
1009 1974
1010 2050
1011 2226
1012 2282
1013 2145
1014 2259
1015 2436
1016 2903
1017 3915
1018 5720
1019 8757
1020 12375
1021 15665
1022 16899
1023 15732
1024 12717
1025 8788
1026 5888
1027 4031
1028 3071
1029 2743
1030 2516
1031 2487
1032 2877
1033 4303
1034 10754
1035 28247
1036 45103
1037 36051
1038 14931
1039 5040
1040 3070
1041 2529
1042 2318
1043 2212
1044 2097
1045 2071
1046 2077
1047 1916
1048 1969
1049 1998
1050 1848
1051 1849
1052 1927
1053 1864
1054 1792
1055 1959
1056 2153
1057 2161
1058 1884
1059 1834
1060 1782
1061 1877
1062 1851
1063 1745
1064 1670
1065 1759
1066 1628
1067 1674
1068 1641
1069 1747
1070 1632
1071 1651
1072 1697
1073 1706
1074 1559
1075 1647
1076 1707
1077 1579
1078 1662
1079 1591
1080 1522
1081 1617
1082 1575
1083 1551
1084 1562
1085 1617
1086 1565
1087 1610
1088 1611
1089 1719
1090 2049
1091 2876
1092 3457
1093 3073
1094 2124
1095 1737
1096 1614
1097 1610
1098 1615
1099 1580
1100 1563
1101 1546
1102 1546
1103 1598
1104 1587
1105 1571
1106 1581
1107 1517
1108 1535
1109 1513
1110 1494
1111 1637
1112 1655
1113 1598
1114 1590
1115 1492
1116 1587
1117 1562
1118 1548
1119 1555
1120 1605
1121 1707
1122 1602
1123 1654
1124 1773
1125 1919
1126 2091
1127 1882
1128 1736
1129 1634
1130 1685
1131 1818
1132 2149
1133 2863
1134 3115
1135 2528
1136 1919
1137 1741
1138 1694
1139 1834
1140 2056
1141 2552
1142 5073
1143 13213
1144 25926
1145 28399
1146 16657
1147 6167
1148 2854
1149 2277
1150 2262
1151 2660
1152 4676
1153 9509
1154 15004
1155 13094
1156 6863
1157 2957
1158 2016
1159 1880
1160 1804
1161 1750
1162 1681
1163 1637
1164 1648
1165 1598
1166 1635
1167 1577
1168 1649
1169 1544
1170 1617
1171 1612
1172 1622
1173 1555
1174 1517
1175 1711
1176 1636
1177 1629
1178 1404
1179 1532
1180 1433
1181 1454
1182 1407
1183 1342
1184 1449
1185 1451
1186 1370
1187 1415
1188 1424
1189 1420
1190 1328
1191 1401
1192 1421
1193 1432
1194 1293
1195 1322
1196 1301
1197 1376
1198 1353
1199 1387
1200 1376
1201 1481
1202 1470
1203 1488
1204 1494
1205 1565
1206 1879
1207 3120
1208 5937
1209 8778
1210 9226
1211 10680
1212 22653
1213 43011
1214 47617
1215 27800
1216 9819
1217 3634
1218 2397
1219 2077
1220 1931
1221 1865
1222 1757
1223 1621
1224 1657
1225 1632
1226 1535
1227 1484
1228 1398
1229 1453
1230 1437
1231 1358
1232 1419
1233 1352
1234 1318
1235 1296
1236 1355
1237 1299
1238 1279
1239 1284
1240 1262
1241 1392
1242 1574
1243 2000
1244 2163
1245 1891
1246 1470
1247 1217
1248 1209
1249 1150
1250 1197
1251 1193
1252 1170
1253 1085
1254 1166
1255 1198
1256 1203
1257 1135
1258 1198
1259 1111
1260 1066
1261 1127
1262 1122
1263 1126
1264 1105
1265 1084
1266 1099
1267 1070
1268 1128
1269 1087
1270 952
1271 1141
1272 1026
1273 1029
1274 977
1275 1063
1276 1012
1277 978
1278 989
1279 1013
1280 1055
1281 965
1282 956
1283 1014
1284 969
1285 941
1286 1004
1287 953
1288 951
1289 1043
1290 948
1291 909
1292 939
1293 947
1294 946
1295 953
1296 956
1297 917
1298 903
1299 860
1300 889
1301 967
1302 938
1303 940
1304 913
1305 949
1306 895
1307 897
1308 901
1309 812
1310 872
1311 905
1312 930
1313 856
1314 930
1315 875
1316 925
1317 859
1318 928
1319 904
1320 880
1321 794
1322 866
1323 913
1324 902
1325 893
1326 994
1327 968
1328 1306
1329 1885
1330 3800
1331 6715
1332 7609
1333 5201
1334 2370
1335 1275
1336 993
1337 912
1338 879
1339 884
1340 801
1341 852
1342 873
1343 821
1344 838
1345 810
1346 857
1347 769
1348 829
1349 766
1350 753
1351 796
1352 780
1353 738
1354 745
1355 752
1356 746
1357 689
1358 716
1359 676
1360 782
1361 719
1362 807
1363 790
1364 722
1365 789
1366 866
1367 1064
1368 1361
1369 1493
1370 1230
1371 883
1372 727
1373 715
1374 687
1375 685
1376 668
1377 734
1378 670
1379 702
1380 661
1381 665
1382 753
1383 703
1384 663
1385 645
1386 649
1387 673
1388 625
1389 653
1390 637
1391 643
1392 692
1393 709
1394 715
1395 663
1396 566
1397 608
1398 666
1399 613
1400 624
1401 618
1402 622
1403 646
1404 645
1405 578
1406 620
1407 627
1408 609
1409 586
1410 616
1411 580
1412 604
1413 533
1414 617
1415 577
1416 565
1417 567
1418 576
1419 533
1420 612
1421 588
1422 581
1423 613
1424 570
1425 587
1426 620
1427 600
1428 566
1429 533
1430 527
1431 551
1432 546
1433 582
1434 605
1435 677
1436 907
1437 1198
1438 1338
1439 1065
1440 730
1441 559
1442 532
1443 513
1444 510
1445 564
1446 521
1447 499
1448 487
1449 505
1450 509
1451 545
1452 534
1453 524
1454 590
1455 632
1456 695
1457 641
1458 626
1459 591
1460 442
1461 484
1462 496
1463 451
1464 473
1465 487
1466 510
1467 492
1468 433
1469 486
1470 459
1471 490
1472 455
1473 479
1474 453
1475 476
1476 531
1477 532
1478 527
1479 496
1480 492
1481 446
1482 446
1483 472
1484 424
1485 447
1486 431
1487 432
1488 428
1489 464
1490 457
1491 468
1492 494
1493 414
1494 419
1495 420
1496 470
1497 415
1498 486
1499 413
1500 441
1501 455
1502 484
1503 454
1504 410
1505 460
1506 437
1507 410
1508 423
1509 386
1510 384
1511 430
1512 406
1513 401
1514 398
1515 407
1516 402
1517 407
1518 423
1519 396
1520 387
1521 422
1522 436
1523 437
1524 440
1525 461
1526 371
1527 427
1528 416
1529 388
1530 430
1531 440
1532 435
1533 386
1534 406
1535 412
1536 410
1537 392
1538 426
1539 422
1540 458
1541 459
1542 491
1543 454
1544 489
1545 608
1546 807
1547 975
1548 1080
1549 876
1550 646
1551 500
1552 487
1553 542
1554 670
1555 979
1556 1026
1557 848
1558 692
1559 591
1560 537
1561 627
1562 760
1563 1124
1564 2128
1565 5392
1566 11964
1567 18078
1568 16457
1569 9079
1570 3361
1571 1323
1572 774
1573 697
1574 610
1575 598
1576 519
1577 568
1578 503
1579 487
1580 438
1581 464
1582 475
1583 420
1584 448
1585 432
1586 441
1587 399
1588 418
1589 397
1590 346
1591 397
1592 365
1593 403
1594 386
1595 353
1596 392
1597 385
1598 388
1599 381
1600 379
1601 339
1602 353
1603 322
1604 359
1605 353
1606 366
1607 325
1608 327
1609 370
1610 307
1611 328
1612 360
1613 330
1614 336
1615 322
1616 330
1617 374
1618 332
1619 328
1620 311
1621 354
1622 316
1623 303
1624 342
1625 330
1626 341
1627 323
1628 330
1629 364
1630 435
1631 568
1632 589
1633 494
1634 381
1635 334
1636 311
1637 304
1638 338
1639 307
1640 352
1641 311
1642 289
1643 294
1644 334
1645 277
1646 336
1647 286
1648 367
1649 428
1650 412
1651 456
1652 538
1653 785
1654 1684
1655 3887
1656 6902
1657 8636
1658 6306
1659 3193
1660 1189
1661 633
1662 503
1663 451
1664 474
1665 466
1666 424
1667 401
1668 415
1669 525
1670 529
1671 508
1672 393
1673 380
1674 376
1675 356
1676 347
1677 316
1678 302
1679 304
1680 294
1681 300
1682 311
1683 305
1684 325
1685 286
1686 314
1687 341
1688 364
1689 416
1690 532
1691 435
1692 350
1693 283
1694 287
1695 256
1696 265
1697 272
1698 281
1699 227
1700 270
1701 270
1702 261
1703 268
1704 275
1705 267
1706 243
1707 252
1708 323
1709 252
1710 265
1711 268
1712 265
1713 250
1714 272
1715 255
1716 265
1717 242
1718 261
1719 265
1720 267
1721 244
1722 252
1723 226
1724 265
1725 261
1726 273
1727 263
1728 261
1729 253
1730 254
1731 265
1732 263
1733 252
1734 322
1735 349
1736 351
1737 368
1738 448
1739 582
1740 1166
1741 2459
1742 4244
1743 5099
1744 3797
1745 2007
1746 858
1747 536
1748 513
1749 557
1750 500
1751 406
1752 367
1753 300
1754 286
1755 266
1756 273
1757 275
1758 271
1759 251
1760 244
1761 257
1762 233
1763 216
1764 240
1765 224
1766 218
1767 227
1768 207
1769 242
1770 229
1771 218
1772 224
1773 238
1774 239
1775 201
1776 234
1777 204
1778 203
1779 220
1780 207
1781 205
1782 216
1783 222
1784 241
1785 242
1786 247
1787 210
1788 241
1789 272
1790 278
1791 255
1792 214
1793 193
1794 223
1795 218
1796 225
1797 211
1798 206
1799 232
1800 214
1801 191
1802 221
1803 234
1804 222
1805 226
1806 246
1807 306
1808 376
1809 662
1810 1292
1811 2198
1812 2477
1813 1972
1814 973
1815 484
1816 296
1817 238
1818 229
1819 194
1820 199
1821 227
1822 233
1823 203
1824 197
1825 220
1826 241
1827 200
1828 230
1829 203
1830 215
1831 237
1832 231
1833 214
1834 200
1835 199
1836 237
1837 234
1838 231
1839 197
1840 258
1841 204
1842 199
1843 200
1844 216
1845 185
1846 188
1847 236
1848 226
1849 221
1850 257
1851 234
1852 231
1853 196
1854 189
1855 192
1856 197
1857 186
1858 174
1859 173
1860 189
1861 192
1862 184
1863 172
1864 186
1865 201
1866 216
1867 213
1868 195
1869 210
1870 168
1871 196
1872 199
1873 178
1874 145
1875 168
1876 178
1877 189
1878 187
1879 148
1880 178
1881 172
1882 174
1883 149
1884 177
1885 155
1886 163
1887 166
1888 168
1889 162
1890 141
1891 141
1892 178
1893 162
1894 169
1895 163
1896 161
1897 171
1898 149
1899 157
1900 152
1901 157
1902 177
1903 170
1904 175
1905 152
1906 176
1907 160
1908 174
1909 133
1910 157
1911 145
1912 180
1913 163
1914 170
1915 173
1916 145
1917 147
1918 134
1919 151
1920 146
1921 135
1922 157
1923 154
1924 177
1925 170
1926 183
1927 251
1928 318
1929 533
1930 623
1931 519
1932 325
1933 224
1934 150
1935 151
1936 181
1937 159
1938 162
1939 173
1940 141
1941 158
1942 171
1943 140
1944 162
1945 125
1946 159
1947 142
1948 143
1949 144
1950 116
1951 144
1952 141
1953 139
1954 143
1955 137
1956 112
1957 130
1958 131
1959 141
1960 135
1961 126
1962 129
1963 128
1964 116
1965 144
1966 157
1967 183
1968 232
1969 235
1970 198
1971 170
1972 140
1973 129
1974 117
1975 125
1976 120
1977 148
1978 114
1979 110
1980 137
1981 116
1982 140
1983 141
1984 104
1985 139
1986 148
1987 132
1988 140
1989 145
1990 138
1991 148
1992 122
1993 116
1994 113
1995 128
1996 114
1997 98
1998 94
1999 115
2000 113
2001 106
2002 109
2003 108
2004 114
2005 119
2006 90
2007 112
2008 124
2009 94
2010 110
2011 110
2012 106
2013 119
2014 116
2015 107
2016 94
2017 106
2018 100
2019 106
2020 109
2021 122
2022 87
2023 104
2024 91
2025 110
2026 104
2027 100
2028 99
2029 89
2030 114
2031 111
2032 100
2033 108
2034 108
2035 90
2036 103
2037 112
2038 92
2039 92
2040 96
2041 98
2042 96
2043 98
2044 90
2045 103
2046 96
2047 100
2048 103
2049 100
2050 97
2051 90
2052 103
2053 93
2054 99
2055 85
2056 86
2057 91
2058 95
2059 96
2060 100
2061 82
2062 99
2063 86
2064 111
2065 95
2066 98
2067 87
2068 96
2069 92
2070 81
2071 99
2072 98
2073 95
2074 82
2075 109
2076 131
2077 126
2078 143
2079 104
2080 110
2081 101
2082 92
2083 97
2084 110
2085 94
2086 77
2087 89
2088 87
2089 90
2090 75
2091 106
2092 92
2093 97
2094 93
2095 84
2096 86
2097 101
2098 85
2099 98
2100 88
2101 96
2102 115
2103 150
2104 181
2105 134
2106 132
2107 97
2108 82
2109 94
2110 88
2111 81
2112 77
2113 78
2114 71
2115 86
2116 79
2117 68
2118 70
2119 75
2120 104
2121 79
2122 83
2123 68
2124 74
2125 81
2126 84
2127 79
2128 66
2129 65
2130 74
2131 78
2132 86
2133 64
2134 93
2135 90
2136 79
2137 84
2138 82
2139 74
2140 76
2141 77
2142 89
2143 66
2144 68
2145 69
2146 69
2147 63
2148 77
2149 77
2150 73
2151 77
2152 62
2153 79
2154 69
2155 73
2156 65
2157 79
2158 75
2159 74
2160 77
2161 68
2162 66
2163 80
2164 91
2165 73
2166 87
2167 73
2168 83
2169 70
2170 50
2171 74
2172 73
2173 73
2174 80
2175 57
2176 79
2177 73
2178 63
2179 68
2180 60
2181 59
2182 59
2183 54
2184 72
2185 67
2186 66
2187 77
2188 63
2189 69
2190 61
2191 56
2192 51
2193 61
2194 66
2195 51
2196 62
2197 65
2198 51
2199 57
2200 61
2201 69
2202 101
2203 98
2204 68
2205 58
2206 60
2207 66
2208 48
2209 60
2210 63
2211 51
2212 50
2213 57
2214 64
2215 74
2216 50
2217 47
2218 58
2219 51
2220 75
2221 56
2222 56
2223 62
2224 60
2225 70
2226 57
2227 48
2228 59
2229 61
2230 63
2231 69
2232 56
2233 55
2234 56
2235 49
2236 67
2237 52
2238 71
2239 63
2240 55
2241 61
2242 62
2243 65
2244 54
2245 52
2246 55
2247 46
2248 56
2249 68
2250 56
2251 53
2252 46
2253 61
2254 59
2255 59
2256 64
2257 50
2258 46
2259 50
2260 66
2261 38
2262 58
2263 51
2264 50
2265 46
2266 50
2267 55
2268 44
2269 47
2270 64
2271 62
2272 57
2273 62
2274 57
2275 68
2276 64
2277 100
2278 133
2279 140
2280 147
2281 106
2282 64
2283 50
2284 57
2285 63
2286 50
2287 50
2288 64
2289 50
2290 55
2291 60
2292 58
2293 67
2294 85
2295 126
2296 161
2297 295
2298 482
2299 663
2300 652
2301 451
2302 232
2303 104
2304 82
2305 55
2306 68
2307 57
2308 56
2309 58
2310 61
2311 63
2312 53
2313 55
2314 52
2315 62
2316 42
2317 63
2318 67
2319 49
2320 51
2321 45
2322 46
2323 50
2324 66
2325 45
2326 57
2327 43
2328 60
2329 56
2330 54
2331 48
2332 61
2333 37
2334 55
2335 57
2336 63
2337 62
2338 47
2339 81
2340 100
2341 152
2342 229
2343 248
2344 225
2345 201
2346 196
2347 209
2348 234
2349 212
2350 155
2351 108
2352 58
2353 56
2354 60
2355 62
2356 66
2357 64
2358 77
2359 93
2360 89
2361 93
2362 79
2363 103
2364 133
2365 257
2366 477
2367 813
2368 1093
2369 963
2370 708
2371 359
2372 158
2373 101
2374 72
2375 61
2376 52
2377 63
2378 58
2379 66
2380 47
2381 53
2382 56
2383 56
2384 56
2385 50
2386 57
2387 56
2388 43
2389 45
2390 59
2391 41
2392 45
2393 41
2394 46
2395 43
2396 43
2397 51
2398 39
2399 34
2400 41
2401 63
2402 43
2403 56
2404 43
2405 39
2406 42
2407 42
2408 46
2409 55
2410 44
2411 39
2412 59
2413 52
2414 55
2415 41
2416 35
2417 52
2418 38
2419 45
2420 46
2421 52
2422 47
2423 53
2424 67
2425 78
2426 90
2427 108
2428 117
2429 110
2430 90
2431 66
2432 54
2433 52
2434 42
2435 47
2436 40
2437 36
2438 51
2439 46
2440 37
2441 38
2442 39
2443 55
2444 33
2445 40
2446 49
2447 43
2448 36
2449 38
2450 29
2451 54
2452 30
2453 37
2454 44
2455 37
2456 32
2457 33
2458 39
2459 33
2460 44
2461 44
2462 39
2463 51
2464 94
2465 102
2466 139
2467 129
2468 91
2469 64
2470 51
2471 33
2472 42
2473 37
2474 36
2475 42
2476 44
2477 33
2478 35
2479 39
2480 57
2481 49
2482 37
2483 39
2484 40
2485 39
2486 46
2487 30
2488 44
2489 39
2490 32
2491 31
2492 31
2493 42
2494 33
2495 38
2496 37
2497 51
2498 41
2499 36
2500 53
2501 37
2502 30
2503 34
2504 42
2505 38
2506 32
2507 37
2508 39
2509 34
2510 38
2511 40
2512 32
2513 28
2514 31
2515 33
2516 24
2517 45
2518 38
2519 30
2520 32
2521 28
2522 39
2523 34
2524 37
2525 36
2526 35
2527 32
2528 35
2529 35
2530 32
2531 26
2532 59
2533 40
2534 37
2535 38
2536 35
2537 35
2538 44
2539 29
2540 31
2541 30
2542 27
2543 35
2544 27
2545 36
2546 36
2547 42
2548 33
2549 45
2550 36
2551 45
2552 19
2553 38
2554 24
2555 43
2556 26
2557 39
2558 36
2559 32
2560 34
2561 31
2562 33
2563 39
2564 44
2565 33
2566 32
2567 37
2568 37
2569 26
2570 24
2571 28
2572 32
2573 31
2574 42
2575 44
2576 36
2577 30
2578 29
2579 35
2580 39
2581 39
2582 37
2583 37
2584 35
2585 32
2586 34
2587 29
2588 26
2589 37
2590 36
2591 32
2592 38
2593 39
2594 36
2595 29
2596 46
2597 73
2598 74
2599 78
2600 92
2601 48
2602 43
2603 30
2604 40
2605 31
2606 32
2607 40
2608 28
2609 30
2610 23
2611 27
2612 30
2613 34
2614 40
2615 34
2616 28
2617 31
2618 36
2619 40
2620 29
2621 30
2622 37
2623 29
2624 30
2625 26
2626 24
2627 28
2628 29
2629 29
2630 24
2631 31
2632 27
2633 32
2634 35
2635 32
2636 32
2637 29
2638 30
2639 20
2640 36
2641 32
2642 38
2643 41
2644 28
2645 26
2646 32
2647 22
2648 28
2649 29
2650 36
2651 21
2652 28
2653 41
2654 34
2655 27
2656 19
2657 31
2658 29
2659 31
2660 40
2661 29
2662 37
2663 31
2664 29
2665 38
2666 25
2667 29
2668 26
2669 29
2670 34
2671 26
2672 26
2673 25
2674 35
2675 21
2676 33
2677 24
2678 29
2679 28
2680 27
2681 24
2682 26
2683 25
2684 34
2685 29
2686 32
2687 40
2688 39
2689 38
2690 32
2691 23
2692 18
2693 28
2694 32
2695 26
2696 38
2697 31
2698 35
2699 34
2700 39
2701 35
2702 25
2703 25
2704 26
2705 39
2706 34
2707 32
2708 26
2709 26
2710 35
2711 28
2712 31
2713 25
2714 32
2715 29
2716 27
2717 27
2718 27
2719 31
2720 28
2721 28
2722 24
2723 18
2724 27
2725 29
2726 29
2727 27
2728 30
2729 35
2730 25
2731 21
2732 29
2733 38
2734 26
2735 21
2736 25
2737 22
2738 33
2739 27
2740 23
2741 24
2742 25
2743 29
2744 24
2745 17
2746 25
2747 26
2748 26
2749 21
2750 31
2751 26
2752 23
2753 23
2754 27
2755 30
2756 23
2757 17
2758 21
2759 25
2760 23
2761 31
2762 22
2763 33
2764 15
2765 26
2766 26
2767 18
2768 23
2769 32
2770 24
2771 32
2772 22
2773 21
2774 12
2775 23
2776 24
2777 21
2778 25
2779 20
2780 21
2781 31
2782 24
2783 35
2784 24
2785 20
2786 18
2787 21
2788 24
2789 22
2790 20
2791 13
2792 31
2793 25
2794 17
2795 19
2796 19
2797 23
2798 27
2799 16
2800 15
2801 16
2802 23
2803 18
2804 20
2805 26
2806 8
2807 20
2808 25
2809 22
2810 16
2811 27
2812 12
2813 23
2814 18
2815 23
2816 22
2817 17
2818 22
2819 19
2820 17
2821 19
2822 18
2823 15
2824 17
2825 17
2826 19
2827 12
2828 20
2829 16
2830 26
2831 23
2832 23
2833 18
2834 14
2835 19
2836 11
2837 15
2838 15
2839 21
2840 12
2841 14
2842 13
2843 20
2844 17
2845 15
2846 20
2847 21
2848 20
2849 28
2850 21
2851 19
2852 15
2853 20
2854 20
2855 19
2856 15
2857 15
2858 13
2859 22
2860 23
2861 15
2862 20
2863 11
2864 16
2865 23
2866 10
2867 19
2868 18
2869 14
2870 16
2871 16
2872 21
2873 15
2874 20
2875 21
2876 22
2877 31
2878 53
2879 46
2880 52
2881 33
2882 26
2883 22
2884 21
2885 21
2886 13
2887 16
2888 13
2889 20
2890 10
2891 23
2892 20
2893 17
2894 16
2895 21
2896 18
2897 16
2898 15
2899 17
2900 16
2901 15
2902 18
2903 8
2904 19
2905 7
2906 11
2907 9
2908 18
2909 15
2910 14
2911 16
2912 12
2913 15
2914 11
2915 13
2916 10
2917 15
2918 13
2919 18
2920 16
2921 6
2922 15
2923 14
2924 14
2925 9
2926 21
2927 24
2928 13
2929 30
2930 36
2931 66
2932 91
2933 146
2934 155
2935 133
2936 103
2937 54
2938 21
2939 26
2940 16
2941 15
2942 13
2943 22
2944 22
2945 16
2946 18
2947 6
2948 7
2949 19
2950 16
2951 16
2952 15
2953 15
2954 6
2955 18
2956 15
2957 21
2958 14
2959 13
2960 18
2961 14
2962 14
2963 10
2964 12
2965 5
2966 17
2967 10
2968 17
2969 15
2970 12
2971 14
2972 14
2973 12
2974 7
2975 16
2976 16
2977 17
2978 13
2979 14
2980 5
2981 13
2982 7
2983 8
2984 11
2985 9
2986 15
2987 16
2988 16
2989 11
2990 14
2991 9
2992 16
2993 19
2994 16
2995 16
2996 10
2997 13
2998 14
2999 13
3000 27
3001 28
3002 45
3003 49
3004 62
3005 35
3006 19
3007 12
3008 13
3009 21
3010 14
3011 13
3012 10
3013 13
3014 8
3015 10
3016 8
3017 14
3018 7
3019 8
3020 10
3021 11
3022 7
3023 16
3024 9
3025 11
3026 12
3027 10
3028 13
3029 5
3030 6
3031 8
3032 17
3033 7
3034 6
3035 7
3036 9
3037 7
3038 10
3039 8
3040 10
3041 7
3042 11
3043 11
3044 6
3045 10
3046 8
3047 4
3048 20
3049 13
3050 8
3051 9
3052 7
3053 12
3054 16
3055 7
3056 7
3057 8
3058 9
3059 11
3060 11
3061 17
3062 22
3063 20
3064 16
3065 22
3066 18
3067 10
3068 8
3069 12
3070 7
3071 11
3072 16
3073 6
3074 10
3075 11
3076 9
3077 6
3078 11
3079 8
3080 7
3081 13
3082 6
3083 13
3084 18
3085 7
3086 7
3087 11
3088 8
3089 5
3090 7
3091 9
3092 2
3093 10
3094 9
3095 8
3096 7
3097 7
3098 18
3099 9
3100 19
3101 9
3102 18
3103 16
3104 19
3105 9
3106 13
3107 4
3108 18
3109 20
3110 11
3111 15
3112 14
3113 12
3114 12
3115 14
3116 10
3117 17
3118 15
3119 35
3120 46
3121 57
3122 64
3123 37
3124 22
3125 15
3126 11
3127 10
3128 9
3129 14
3130 10
3131 6
3132 8
3133 7
3134 6
3135 6
3136 8
3137 10
3138 12
3139 6
3140 5
3141 6
3142 6
3143 5
3144 4
3145 4
3146 16
3147 9
3148 6
3149 6
3150 6
3151 6
3152 12
3153 12
3154 4
3155 9
3156 6
3157 6
3158 9
3159 13
3160 10
3161 8
3162 15
3163 7
3164 10
3165 8
3166 7
3167 15
3168 13
3169 16
3170 23
3171 22
3172 23
3173 18
3174 14
3175 16
3176 10
3177 4
3178 11
3179 7
3180 15
3181 12
3182 10
3183 20
3184 14
3185 23
3186 21
3187 43
3188 59
3189 88
3190 157
3191 284
3192 355
3193 350
3194 296
3195 179
3196 91
3197 45
3198 36
3199 24
3200 13
3201 16
3202 11
3203 11
3204 12
3205 10
3206 9
3207 11
3208 4
3209 10
3210 10
3211 11
3212 6
3213 8
3214 9
3215 8
3216 10
3217 14
3218 6
3219 8
3220 7
3221 4
3222 9
3223 8
3224 8
3225 5
3226 12
3227 11
3228 2
3229 8
3230 5
3231 4
3232 3
3233 10
3234 8
3235 13
3236 8
3237 9
3238 16
3239 5
3240 9
3241 5
3242 8
3243 3
3244 2
3245 7
3246 7
3247 3
3248 6
3249 9
3250 3
3251 8
3252 4
3253 6
3254 4
3255 4
3256 3
3257 5
3258 5
3259 4
3260 10
3261 3
3262 15
3263 4
3264 4
3265 4
3266 8
3267 7
3268 11
3269 3
3270 12
3271 7
3272 6
3273 5
3274 4
3275 4
3276 4
3277 4
3278 6
3279 6
3280 4
3281 4
3282 4
3283 3
3284 4
3285 4
3286 8
3287 11
3288 5
3289 3
3290 7
3291 7
3292 7
3293 6
3294 11
3295 9
3296 8
3297 3
3298 5
3299 5
3300 1
3301 6
3302 3
3303 9
3304 4
3305 2
3306 8
3307 1
3308 7
3309 7
3310 6
3311 5
3312 3
3313 4
3314 2
3315 7
3316 7
3317 5
3318 5
3319 4
3320 6
3321 9
3322 6
3323 7
3324 3
3325 7
3326 3
3327 5
3328 1
3329 7
3330 2
3331 11
3332 3
3333 4
3334 6
3335 4
3336 1
3337 5
3338 1
3339 5
3340 2
3341 3
3342 7
3343 3
3344 5
3345 5
3346 2
3347 2
3348 1
3349 7
3350 4
3351 4
3352 4
3353 4
3354 3
3355 2
3356 6
3357 6
3358 6
3359 7
3360 7
3361 5
3362 4
3363 3
3364 1
3365 1
3366 5
3367 1
3368 3
3369 5
3370 5
3371 3
3372 5
3373 6
3374 3
3375 5
3376 3
3377 6
3378 3
3379 3
3380 3
3381 4
3382 6
3383 2
3384 1
3385 6
3386 5
3387 2
3388 4
3389 2
3390 3
3391 4
3392 5
3393 3
3394 8
3395 2
3396 8
3397 3
3398 2
3399 1
3400 4
3401 3
3402 6
3403 4
3404 2
3405 3
3406 3
3407 4
3408 2
3409 4
3410 3
3411 4
3412 1
3413 3
3414 2
3415 2
3416 5
3417 0
3418 4
3419 3
3420 2
3421 2
3422 4
3423 3
3424 0
3425 4
3426 3
3427 1
3428 1
3429 5
3430 4
3431 4
3432 3
3433 2
3434 2
3435 1
3436 3
3437 2
3438 5
3439 2
3440 2
3441 4
3442 5
3443 3
3444 3
3445 3
3446 2
3447 2
3448 1
3449 1
3450 3
3451 4
3452 3
3453 1
3454 5
3455 3
3456 2
3457 3
3458 3
3459 3
3460 6
3461 1
3462 3
3463 7
3464 3
3465 8
3466 5
3467 7
3468 3
3469 3
3470 2
3471 8
3472 4
3473 2
3474 7
3475 0
3476 5
3477 2
3478 3
3479 4
3480 4
3481 4
3482 5
3483 8
3484 6
3485 1
3486 1
3487 2
3488 5
3489 2
3490 3
3491 4
3492 4
3493 2
3494 5
3495 1
3496 3
3497 3
3498 4
3499 1
3500 3
3501 3
3502 3
3503 3
3504 4
3505 1
3506 4
3507 3
3508 7
3509 3
3510 2
3511 2
3512 5
3513 2
3514 2
3515 4
3516 4
3517 6
3518 3
3519 3
3520 2
3521 3
3522 5
3523 5
3524 3
3525 4
3526 5
3527 6
3528 9
3529 11
3530 16
3531 19
3532 27
3533 52
3534 59
3535 64
3536 48
3537 46
3538 23
3539 8
3540 5
3541 8
3542 4
3543 5
3544 4
3545 2
3546 5
3547 3
3548 5
3549 3
3550 3
3551 3
3552 5
3553 2
3554 4
3555 4
3556 4
3557 5
3558 1
3559 2
3560 3
3561 1
3562 2
3563 3
3564 3
3565 1
3566 6
3567 3
3568 4
3569 4
3570 7
3571 1
3572 0
3573 3
3574 3
3575 4
3576 3
3577 1
3578 2
3579 6
3580 5
3581 0
3582 3
3583 2
3584 0
3585 2
3586 3
3587 3
3588 1
3589 1
3590 2
3591 5
3592 6
3593 8
3594 9
3595 14
3596 7
3597 14
3598 3
3599 2
3600 0
3601 5
3602 3
3603 3
3604 2
3605 2
3606 0
3607 1
3608 3
3609 2
3610 1
3611 5
3612 4
3613 0
3614 2
3615 1
3616 1
3617 3
3618 3
3619 2
3620 2
3621 1
3622 3
3623 1
3624 0
3625 0
3626 1
3627 6
3628 3
3629 3
3630 3
3631 2
3632 3
3633 1
3634 3
3635 2
3636 3
3637 2
3638 0
3639 0
3640 2
3641 1
3642 2
3643 4
3644 1
3645 4
3646 1
3647 1
3648 1
3649 1
3650 2
3651 1
3652 3
3653 4
3654 1
3655 1
3656 4
3657 4
3658 2
3659 5
3660 2
3661 0
3662 1
3663 0
3664 4
3665 2
3666 1
3667 2
3668 2
3669 2
3670 3
3671 2
3672 2
3673 2
3674 3
3675 2
3676 1
3677 3
3678 1
3679 1
3680 1
3681 2
3682 1
3683 3
3684 2
3685 1
3686 0
3687 0
3688 1
3689 0
3690 1
3691 2
3692 1
3693 1
3694 2
3695 0
3696 1
3697 2
3698 5
3699 2
3700 2
3701 2
3702 2
3703 1
3704 1
3705 0
3706 1
3707 4
3708 2
3709 3
3710 1
3711 1
3712 1
3713 3
3714 3
3715 0
3716 0
3717 1
3718 3
3719 1
3720 4
3721 2
3722 2
3723 0
3724 2
3725 2
3726 1
3727 3
3728 0
3729 0
3730 1
3731 2
3732 3
3733 1
3734 3
3735 2
3736 3
3737 2
3738 0
3739 2
3740 5
3741 0
3742 1
3743 1
3744 2
3745 7
3746 0
3747 0
3748 2
3749 2
3750 2
3751 1
3752 0
3753 1
3754 2
3755 2
3756 1
3757 2
3758 2
3759 1
3760 1
3761 1
3762 2
3763 2
3764 0
3765 3
3766 2
3767 1
3768 1
3769 3
3770 1
3771 6
3772 1
3773 0
3774 0
3775 3
3776 4
3777 0
3778 5
3779 2
3780 2
3781 1
3782 4
3783 1
3784 2
3785 2
3786 2
3787 1
3788 2
3789 1
3790 0
3791 2
3792 0
3793 2
3794 2
3795 4
3796 2
3797 2
3798 1
3799 2
3800 0
3801 3
3802 0
3803 2
3804 1
3805 1
3806 3
3807 1
3808 1
3809 3
3810 2
3811 1
3812 1
3813 2
3814 1
3815 0
3816 0
3817 1
3818 1
3819 0
3820 3
3821 1
3822 0
3823 0
3824 1
3825 1
3826 0
3827 0
3828 3
3829 1
3830 1
3831 0
3832 0
3833 0
3834 1
3835 0
3836 1
3837 0
3838 2
3839 0
3840 0
3841 1
3842 0
3843 0
3844 2
3845 0
3846 2
3847 1
3848 1
3849 3
3850 3
3851 1
3852 1
3853 0
3854 2
3855 0
3856 2
3857 1
3858 1
3859 2
3860 1
3861 1
3862 1
3863 1
3864 1
3865 3
3866 1
3867 1
3868 0
3869 0
3870 2
3871 0
3872 0
3873 0
3874 0
3875 2
3876 0
3877 2
3878 2
3879 0
3880 2
3881 1
3882 0
3883 1
3884 3
3885 0
3886 1
3887 1
3888 1
3889 1
3890 1
3891 1
3892 0
3893 0
3894 1
3895 1
3896 1
3897 1
3898 0
3899 0
3900 0
3901 1
3902 0
3903 2
3904 0
3905 2
3906 2
3907 0
3908 1
3909 1
3910 1
3911 2
3912 0
3913 1
3914 1
3915 1
3916 1
3917 0
3918 0
3919 5
3920 3
3921 3
3922 1
3923 2
3924 2
3925 0
3926 0
3927 0
3928 0
3929 1
3930 0
3931 1
3932 2
3933 1
3934 0
3935 0
3936 1
3937 2
3938 2
3939 1
3940 0
3941 1
3942 1
3943 0
3944 0
3945 1
3946 5
3947 1
3948 2
3949 0
3950 0
3951 0
3952 1
3953 1
3954 1
3955 0
3956 0
3957 1
3958 0
3959 0
3960 0
3961 0
3962 2
3963 0
3964 0
3965 1
3966 0
3967 0
3968 0
3969 1
3970 1
3971 0
3972 0
3973 2
3974 0
3975 1
3976 0
3977 1
3978 0
3979 1
3980 2
3981 1
3982 1
3983 1
3984 1
3985 2
3986 0
3987 1
3988 0
3989 2
3990 2
3991 3
3992 4
3993 2
3994 1
3995 0
3996 1
3997 1
3998 3
3999 0
4000 1
4001 0
4002 0
4003 0
4004 0
4005 1
4006 2
4007 1
4008 1
4009 1
4010 0
4011 0
4012 3
4013 1
4014 1
4015 1
4016 0
4017 2
4018 1
4019 2
4020 3
4021 2
4022 1
4023 0
4024 0
4025 0
4026 1
4027 1
4028 1
4029 0
4030 0
4031 0
4032 1
4033 0
4034 1
4035 0
4036 1
4037 0
4038 0
4039 0
4040 1
4041 1
4042 1
4043 0
4044 0
4045 0
4046 0
4047 2
4048 0
4049 0
4050 2
4051 0
4052 1
4053 3
4054 1
4055 0
4056 1
4057 0
4058 2
4059 2
4060 1
4061 5
4062 0
4063 2
4064 0
4065 1
4066 1
4067 0
4068 1
4069 0
4070 0
4071 0
4072 1
4073 2
4074 0
4075 0
4076 2
4077 0
4078 1
4079 0
4080 2
4081 2
4082 0
4083 0
4084 0
4085 0
4086 1
4087 2
4088 0
4089 1
4090 0
4091 1
4092 1
4093 1
4094 0
4095 3
End
