ASCII channel-by-channel listing for 290_010.18
1139 - 57 - 853 started 2018-10-17 02:39:07.0 on counter 76
Generated Oct 17 2018 16.52.05, CRNG database/web system
Channel Data
0 150
1 167
2 0
3 0
4 0
5 0
6 0
7 0
8 0
9 0
10 0
11 0
12 0
13 0
14 0
15 0
16 0
17 0
18 0
19 0
20 0
21 0
22 0
23 0
24 0
25 0
26 0
27 0
28 0
29 0
30 0
31 0
32 0
33 0
34 0
35 0
36 0
37 0
38 0
39 0
40 0
41 0
42 0
43 0
44 0
45 0
46 0
47 0
48 0
49 0
50 0
51 0
52 0
53 0
54 0
55 0
56 0
57 0
58 0
59 0
60 0
61 0
62 0
63 0
64 0
65 0
66 0
67 0
68 0
69 0
70 0
71 0
72 0
73 0
74 0
75 0
76 0
77 0
78 0
79 0
80 12
81 90
82 363
83 1155
84 6474
85 10601
86 10625
87 10723
88 10584
89 10423
90 10374
91 10171
92 10311
93 10325
94 10189
95 10284
96 10053
97 10244
98 10042
99 10006
100 9977
101 9842
102 10027
103 9907
104 9904
105 9930
106 9800
107 9837
108 9923
109 9624
110 9653
111 9725
112 9724
113 9769
114 9544
115 9551
116 9683
117 9676
118 9839
119 9616
120 9660
121 9591
122 9423
123 9446
124 9361
125 9479
126 9666
127 9472
128 9489
129 9365
130 9329
131 9402
132 9511
133 9351
134 9467
135 9675
136 9450
137 9599
138 9589
139 9657
140 9659
141 9649
142 9651
143 9661
144 9644
145 9933
146 10275
147 9910
148 9810
149 10117
150 10872
151 10591
152 9708
153 9526
154 9772
155 9517
156 9741
157 9669
158 9813
159 9755
160 9682
161 9863
162 9847
163 9996
164 10123
165 9947
166 10184
167 10417
168 10360
169 10868
170 11059
171 10680
172 10502
173 11624
174 13591
175 11765
176 11351
177 13991
178 14331
179 11525
180 10864
181 10722
182 10943
183 10952
184 11049
185 11215
186 11425
187 11280
188 11139
189 11441
190 11456
191 11734
192 11627
193 11675
194 11897
195 11969
196 11747
197 11960
198 12125
199 12293
200 12210
201 12461
202 12344
203 12641
204 12560
205 12731
206 12782
207 12931
208 12963
209 13037
210 13269
211 13359
212 13056
213 13252
214 13340
215 13702
216 13475
217 13676
218 13718
219 13743
220 13877
221 13943
222 14032
223 14136
224 14349
225 14466
226 14231
227 14542
228 14627
229 14780
230 14669
231 14982
232 15002
233 14965
234 15203
235 16229
236 18590
237 17917
238 19209
239 27225
240 22346
241 15945
242 15399
243 15340
244 15537
245 15522
246 15282
247 15300
248 15633
249 15572
250 15537
251 15688
252 15800
253 15478
254 15564
255 15619
256 15929
257 15994
258 16085
259 16279
260 16330
261 16511
262 17022
263 17051
264 17162
265 17781
266 18394
267 17883
268 17607
269 17288
270 17300
271 17111
272 17065
273 17049
274 16894
275 16664
276 17208
277 16996
278 17105
279 17039
280 16870
281 17138
282 17091
283 17037
284 16965
285 16680
286 16629
287 16433
288 16365
289 16097
290 16332
291 15948
292 16328
293 16050
294 16340
295 16030
296 16148
297 15651
298 15682
299 15790
300 15529
301 15591
302 15370
303 15505
304 15361
305 15167
306 15070
307 14973
308 14923
309 14917
310 14654
311 14596
312 14771
313 14600
314 14491
315 14516
316 14222
317 14409
318 14074
319 13856
320 14237
321 13900
322 13846
323 13644
324 13473
325 13717
326 13856
327 13581
328 13406
329 13431
330 13523
331 13584
332 13313
333 13266
334 13229
335 13278
336 13207
337 13230
338 13747
339 13993
340 13413
341 12981
342 13062
343 13044
344 12931
345 13029
346 13177
347 12971
348 13009
349 13106
350 13114
351 12886
352 13029
353 12832
354 13013
355 13273
356 13700
357 13291
358 13614
359 13350
360 13244
361 12974
362 13120
363 13159
364 12940
365 12978
366 12930
367 12679
368 12723
369 12679
370 12712
371 12594
372 12603
373 12532
374 12812
375 12687
376 12200
377 12217
378 12166
379 12169
380 11867
381 11978
382 11946
383 11710
384 11764
385 11486
386 11442
387 11484
388 11367
389 11161
390 11220
391 10962
392 11044
393 10971
394 10793
395 10864
396 10724
397 10535
398 10513
399 10303
400 10388
401 10455
402 10579
403 10191
404 9963
405 9860
406 9777
407 9932
408 9866
409 9952
410 10112
411 13419
412 33702
413 67793
414 46213
415 15357
416 9854
417 9419
418 9154
419 8913
420 8944
421 8696
422 8348
423 8473
424 8294
425 8261
426 8239
427 8321
428 8115
429 8003
430 8008
431 7666
432 7776
433 7746
434 7751
435 7706
436 7670
437 7540
438 7488
439 7419
440 7375
441 7504
442 7477
443 7375
444 7165
445 7078
446 7104
447 7330
448 7158
449 7178
450 6822
451 7010
452 6881
453 6849
454 6720
455 6899
456 6740
457 6785
458 6800
459 6697
460 6649
461 6718
462 6596
463 6469
464 6545
465 6427
466 6542
467 6393
468 6359
469 6305
470 6393
471 6424
472 6373
473 6453
474 6327
475 6295
476 6280
477 6360
478 6294
479 6390
480 6194
481 6163
482 6221
483 6230
484 6218
485 6309
486 6111
487 6177
488 6142
489 6257
490 6034
491 6129
492 6146
493 6253
494 6010
495 5926
496 6036
497 6060
498 6020
499 6108
500 6018
501 6123
502 5950
503 6035
504 6055
505 6040
506 6375
507 8234
508 14782
509 17642
510 10627
511 6699
512 6049
513 6051
514 6200
515 6048
516 6100
517 5854
518 6036
519 6116
520 6032
521 5979
522 6064
523 6186
524 6219
525 6478
526 6584
527 7379
528 9532
529 22570
530 97347
531 228475
532 173752
533 44126
534 11837
535 10941
536 10841
537 8062
538 6596
539 6159
540 5975
541 5667
542 5721
543 5569
544 5567
545 5453
546 5364
547 5430
548 5321
549 5160
550 5455
551 6223
552 7016
553 6329
554 5356
555 5230
556 5075
557 5050
558 5106
559 5008
560 5008
561 4928
562 5111
563 5051
564 4960
565 4808
566 4842
567 4838
568 4869
569 4837
570 4871
571 4820
572 4801
573 4579
574 4808
575 4709
576 4796
577 4641
578 4482
579 4774
580 4474
581 4739
582 4587
583 4631
584 4585
585 4659
586 4707
587 4611
588 4667
589 4706
590 4618
591 4646
592 4642
593 4743
594 4933
595 5024
596 5367
597 6982
598 15014
599 52793
600 113266
601 87664
602 25214
603 7296
604 5505
605 5044
606 4807
607 4679
608 4700
609 4778
610 4601
611 4444
612 4271
613 4295
614 4183
615 4073
616 4116
617 4121
618 3995
619 4002
620 3987
621 4092
622 3899
623 3963
624 3990
625 3910
626 3754
627 3801
628 3972
629 3863
630 3732
631 3747
632 3757
633 3822
634 3745
635 3727
636 3696
637 3814
638 3741
639 3755
640 3639
641 3582
642 3634
643 3487
644 3669
645 3638
646 3550
647 3632
648 3593
649 3584
650 3481
651 3589
652 3512
653 3497
654 3407
655 3463
656 3605
657 4128
658 4176
659 3692
660 3449
661 3279
662 3398
663 3351
664 3365
665 3302
666 3307
667 3246
668 3282
669 3324
670 3322
671 3190
672 3351
673 3356
674 3264
675 3159
676 3193
677 3253
678 3196
679 3301
680 3087
681 3223
682 3118
683 3228
684 3188
685 3356
686 3443
687 3266
688 3138
689 3090
690 3104
691 3054
692 3010
693 3010
694 2942
695 2934
696 2956
697 2938
698 2899
699 2852
700 2794
701 2728
702 2839
703 2720
704 2858
705 2753
706 2720
707 2675
708 2808
709 2764
710 2759
711 2765
712 2702
713 2684
714 2722
715 2684
716 2763
717 2754
718 2659
719 2661
720 2751
721 2610
722 2787
723 2581
724 2740
725 2525
726 2640
727 2590
728 2582
729 2681
730 2627
731 2629
732 2678
733 2682
734 2575
735 2555
736 2607
737 2690
738 2490
739 2543
740 2589
741 2576
742 2439
743 2501
744 2452
745 2544
746 2623
747 2514
748 2454
749 2537
750 2537
751 2502
752 2501
753 2503
754 2592
755 2543
756 2502
757 2676
758 3861
759 6329
760 7335
761 4814
762 3005
763 2585
764 2524
765 2400
766 2467
767 2388
768 2539
769 2386
770 2480
771 2462
772 2513
773 2458
774 3000
775 3782
776 4214
777 3292
778 2560
779 2579
780 2441
781 2446
782 2291
783 2395
784 2388
785 2395
786 2363
787 2257
788 2286
789 2335
790 2273
791 2366
792 2351
793 2210
794 2506
795 3054
796 3659
797 3434
798 2727
799 2710
800 3047
801 2730
802 2334
803 2220
804 2184
805 2148
806 2083
807 2111
808 2081
809 2096
810 2035
811 2058
812 2107
813 2094
814 2097
815 1979
816 2140
817 2080
818 2040
819 1994
820 2066
821 2095
822 2076
823 2009
824 2005
825 2000
826 1916
827 1999
828 2018
829 1987
830 1987
831 1822
832 1941
833 1874
834 2005
835 1971
836 1939
837 2017
838 1993
839 1917
840 1905
841 1971
842 1925
843 1957
844 1856
845 1905
846 1879
847 1898
848 1865
849 1784
850 1893
851 1760
852 1727
853 1744
854 1737
855 1708
856 1673
857 1698
858 1617
859 1634
860 1586
861 1544
862 1619
863 1580
864 1640
865 1688
866 1688
867 1726
868 1614
869 1574
870 1543
871 1587
872 1560
873 1738
874 1614
875 1617
876 1509
877 1415
878 1427
879 1527
880 1508
881 1480
882 1488
883 1436
884 1471
885 1450
886 1486
887 1380
888 1455
889 1425
890 1383
891 1386
892 1503
893 1841
894 2610
895 2532
896 1856
897 1438
898 1396
899 1340
900 1434
901 1321
902 1389
903 1328
904 1374
905 1342
906 1358
907 1369
908 1369
909 1340
910 1318
911 1326
912 1378
913 1353
914 1364
915 1246
916 1368
917 1419
918 1575
919 1471
920 1392
921 1277
922 1264
923 1276
924 1258
925 1235
926 1281
927 1240
928 1320
929 1342
930 1456
931 1460
932 1360
933 1261
934 1272
935 1241
936 1253
937 1233
938 1180
939 1160
940 1212
941 1156
942 1199
943 1143
944 1196
945 1216
946 1144
947 1134
948 1161
949 1196
950 1178
951 1154
952 1146
953 1183
954 1286
955 1225
956 1256
957 1218
958 1244
959 1583
960 2504
961 3315
962 2833
963 1722
964 1447
965 1889
966 3711
967 5671
968 4763
969 2645
970 1837
971 1577
972 1423
973 1729
974 2306
975 1861
976 1291
977 1148
978 1130
979 1024
980 1062
981 990
982 1040
983 1071
984 1063
985 1065
986 1042
987 1091
988 1049
989 1074
990 1079
991 1091
992 1007
993 1011
994 1059
995 987
996 1004
997 988
998 1077
999 1028
1000 1009
1001 993
1002 928
1003 972
1004 989
1005 973
1006 970
1007 993
1008 954
1009 997
1010 1057
1011 1209
1012 1183
1013 1118
1014 1061
1015 964
1016 1036
1017 1183
1018 1352
1019 1529
1020 2016
1021 2248
1022 2491
1023 2274
1024 2052
1025 1698
1026 1317
1027 1208
1028 1143
1029 1183
1030 1151
1031 1256
1032 1548
1033 2503
1034 6830
1035 18821
1036 31161
1037 24978
1038 9862
1039 2816
1040 1403
1041 1237
1042 1203
1043 1152
1044 1060
1045 1071
1046 980
1047 986
1048 1011
1049 957
1050 1015
1051 1009
1052 1024
1053 960
1054 930
1055 1033
1056 1199
1057 1202
1058 1124
1059 949
1060 925
1061 979
1062 927
1063 973
1064 924
1065 879
1066 901
1067 884
1068 892
1069 882
1070 897
1071 847
1072 971
1073 861
1074 905
1075 900
1076 902
1077 912
1078 880
1079 916
1080 907
1081 852
1082 862
1083 859
1084 830
1085 860
1086 902
1087 884
1088 933
1089 939
1090 1192
1091 1716
1092 2130
1093 1884
1094 1245
1095 929
1096 910
1097 854
1098 878
1099 882
1100 930
1101 858
1102 872
1103 865
1104 858
1105 863
1106 873
1107 915
1108 883
1109 829
1110 846
1111 909
1112 892
1113 908
1114 904
1115 911
1116 893
1117 878
1118 832
1119 834
1120 884
1121 908
1122 957
1123 942
1124 987
1125 1118
1126 1151
1127 1107
1128 975
1129 927
1130 973
1131 982
1132 1237
1133 1784
1134 2026
1135 1578
1136 1131
1137 961
1138 1016
1139 1017
1140 1217
1141 1642
1142 3300
1143 8854
1144 17825
1145 19933
1146 11616
1147 3693
1148 1494
1149 1179
1150 1257
1151 1548
1152 2743
1153 6380
1154 10286
1155 9046
1156 4428
1157 1709
1158 1122
1159 1029
1160 978
1161 978
1162 987
1163 925
1164 906
1165 902
1166 885
1167 886
1168 892
1169 885
1170 833
1171 813
1172 824
1173 852
1174 879
1175 957
1176 980
1177 923
1178 898
1179 808
1180 833
1181 847
1182 756
1183 837
1184 829
1185 760
1186 805
1187 770
1188 777
1189 804
1190 818
1191 768
1192 756
1193 717
1194 758
1195 772
1196 755
1197 738
1198 796
1199 794
1200 755
1201 843
1202 803
1203 750
1204 903
1205 958
1206 1144
1207 1923
1208 3725
1209 5594
1210 5892
1211 6771
1212 15260
1213 29411
1214 33001
1215 18906
1216 6133
1217 1892
1218 1181
1219 1018
1220 990
1221 879
1222 928
1223 893
1224 837
1225 791
1226 809
1227 792
1228 689
1229 744
1230 737
1231 746
1232 671
1233 651
1234 694
1235 683
1236 657
1237 649
1238 615
1239 660
1240 659
1241 689
1242 898
1243 1183
1244 1338
1245 1130
1246 771
1247 618
1248 677
1249 645
1250 638
1251 667
1252 597
1253 605
1254 554
1255 578
1256 615
1257 625
1258 627
1259 581
1260 577
1261 583
1262 608
1263 590
1264 545
1265 585
1266 556
1267 598
1268 576
1269 606
1270 643
1271 518
1272 601
1273 535
1274 557
1275 542
1276 543
1277 498
1278 532
1279 511
1280 491
1281 525
1282 525
1283 503
1284 488
1285 496
1286 538
1287 497
1288 516
1289 484
1290 543
1291 492
1292 505
1293 485
1294 489
1295 472
1296 443
1297 493
1298 458
1299 471
1300 486
1301 482
1302 528
1303 525
1304 487
1305 524
1306 500
1307 496
1308 460
1309 481
1310 465
1311 500
1312 450
1313 450
1314 497
1315 448
1316 442
1317 458
1318 437
1319 463
1320 507
1321 440
1322 464
1323 459
1324 460
1325 484
1326 501
1327 549
1328 703
1329 1143
1330 2457
1331 4350
1332 5134
1333 3374
1334 1391
1335 651
1336 476
1337 460
1338 470
1339 445
1340 428
1341 452
1342 440
1343 412
1344 435
1345 390
1346 389
1347 384
1348 406
1349 393
1350 375
1351 418
1352 412
1353 378
1354 378
1355 357
1356 411
1357 392
1358 376
1359 367
1360 399
1361 384
1362 393
1363 388
1364 391
1365 436
1366 441
1367 592
1368 805
1369 902
1370 694
1371 450
1372 384
1373 350
1374 319
1375 370
1376 328
1377 374
1378 339
1379 359
1380 326
1381 347
1382 346
1383 316
1384 367
1385 322
1386 319
1387 324
1388 299
1389 353
1390 338
1391 352
1392 331
1393 340
1394 346
1395 344
1396 314
1397 314
1398 340
1399 335
1400 296
1401 313
1402 306
1403 339
1404 334
1405 315
1406 281
1407 289
1408 328
1409 300
1410 276
1411 294
1412 308
1413 280
1414 290
1415 291
1416 301
1417 291
1418 280
1419 296
1420 295
1421 317
1422 264
1423 301
1424 319
1425 306
1426 306
1427 288
1428 303
1429 301
1430 283
1431 285
1432 279
1433 273
1434 309
1435 360
1436 472
1437 718
1438 793
1439 616
1440 402
1441 279
1442 291
1443 260
1444 272
1445 229
1446 291
1447 247
1448 269
1449 260
1450 281
1451 253
1452 260
1453 279
1454 320
1455 325
1456 332
1457 338
1458 299
1459 296
1460 255
1461 267
1462 224
1463 227
1464 223
1465 254
1466 228
1467 228
1468 247
1469 265
1470 229
1471 248
1472 263
1473 217
1474 220
1475 293
1476 292
1477 274
1478 285
1479 244
1480 223
1481 221
1482 257
1483 235
1484 215
1485 205
1486 222
1487 227
1488 211
1489 248
1490 220
1491 243
1492 200
1493 234
1494 225
1495 200
1496 227
1497 221
1498 218
1499 246
1500 236
1501 237
1502 264
1503 263
1504 280
1505 250
1506 253
1507 208
1508 210
1509 206
1510 208
1511 207
1512 184
1513 196
1514 211
1515 216
1516 212
1517 215
1518 223
1519 202
1520 201
1521 215
1522 186
1523 256
1524 254
1525 243
1526 254
1527 231
1528 197
1529 210
1530 194
1531 201
1532 215
1533 205
1534 199
1535 209
1536 218
1537 215
1538 224
1539 246
1540 228
1541 260
1542 268
1543 299
1544 276
1545 339
1546 452
1547 602
1548 650
1549 532
1550 368
1551 292
1552 248
1553 293
1554 437
1555 584
1556 707
1557 511
1558 378
1559 285
1560 285
1561 367
1562 431
1563 690
1564 1548
1565 3634
1566 8061
1567 12361
1568 11439
1569 6003
1570 2059
1571 676
1572 408
1573 327
1574 292
1575 267
1576 243
1577 240
1578 219
1579 222
1580 225
1581 244
1582 226
1583 190
1584 208
1585 191
1586 221
1587 175
1588 176
1589 207
1590 200
1591 189
1592 201
1593 165
1594 159
1595 187
1596 174
1597 184
1598 158
1599 148
1600 185
1601 151
1602 172
1603 157
1604 155
1605 170
1606 152
1607 193
1608 154
1609 164
1610 168
1611 174
1612 199
1613 168
1614 162
1615 162
1616 188
1617 162
1618 172
1619 162
1620 158
1621 164
1622 159
1623 156
1624 180
1625 155
1626 147
1627 181
1628 179
1629 215
1630 321
1631 394
1632 433
1633 320
1634 258
1635 184
1636 188
1637 162
1638 146
1639 146
1640 152
1641 166
1642 147
1643 161
1644 176
1645 156
1646 158
1647 193
1648 222
1649 260
1650 278
1651 290
1652 322
1653 537
1654 1121
1655 2608
1656 4834
1657 5868
1658 4281
1659 1963
1660 663
1661 350
1662 222
1663 226
1664 225
1665 215
1666 207
1667 191
1668 225
1669 255
1670 305
1671 294
1672 207
1673 178
1674 145
1675 153
1676 168
1677 158
1678 130
1679 132
1680 107
1681 130
1682 164
1683 133
1684 122
1685 128
1686 140
1687 139
1688 182
1689 244
1690 293
1691 273
1692 189
1693 176
1694 143
1695 133
1696 133
1697 137
1698 130
1699 124
1700 132
1701 130
1702 109
1703 132
1704 113
1705 132
1706 130
1707 133
1708 125
1709 128
1710 123
1711 147
1712 125
1713 128
1714 121
1715 134
1716 126
1717 139
1718 118
1719 146
1720 124
1721 122
1722 132
1723 140
1724 136
1725 138
1726 133
1727 142
1728 115
1729 119
1730 118
1731 127
1732 134
1733 169
1734 155
1735 214
1736 220
1737 230
1738 258
1739 380
1740 765
1741 1682
1742 2847
1743 3451
1744 2494
1745 1300
1746 492
1747 254
1748 245
1749 277
1750 265
1751 195
1752 167
1753 116
1754 124
1755 117
1756 122
1757 104
1758 134
1759 109
1760 112
1761 132
1762 113
1763 113
1764 130
1765 102
1766 90
1767 111
1768 103
1769 93
1770 106
1771 119
1772 107
1773 102
1774 105
1775 105
1776 114
1777 105
1778 115
1779 117
1780 87
1781 125
1782 103
1783 107
1784 112
1785 104
1786 123
1787 121
1788 120
1789 157
1790 144
1791 137
1792 116
1793 104
1794 102
1795 107
1796 103
1797 102
1798 113
1799 105
1800 101
1801 110
1802 111
1803 95
1804 115
1805 144
1806 126
1807 174
1808 222
1809 413
1810 884
1811 1451
1812 1653
1813 1283
1814 649
1815 275
1816 161
1817 133
1818 95
1819 97
1820 118
1821 119
1822 101
1823 112
1824 105
1825 91
1826 104
1827 98
1828 103
1829 103
1830 104
1831 124
1832 131
1833 94
1834 110
1835 101
1836 107
1837 112
1838 115
1839 128
1840 125
1841 102
1842 100
1843 84
1844 93
1845 105
1846 96
1847 101
1848 124
1849 114
1850 171
1851 159
1852 156
1853 133
1854 91
1855 98
1856 97
1857 102
1858 94
1859 76
1860 85
1861 86
1862 95
1863 102
1864 100
1865 98
1866 106
1867 126
1868 100
1869 98
1870 89
1871 90
1872 99
1873 97
1874 103
1875 83
1876 78
1877 66
1878 87
1879 105
1880 80
1881 84
1882 73
1883 95
1884 87
1885 79
1886 100
1887 83
1888 88
1889 93
1890 89
1891 87
1892 76
1893 84
1894 74
1895 80
1896 72
1897 81
1898 79
1899 93
1900 103
1901 84
1902 98
1903 81
1904 81
1905 70
1906 84
1907 85
1908 56
1909 75
1910 91
1911 79
1912 60
1913 69
1914 75
1915 81
1916 94
1917 94
1918 82
1919 93
1920 88
1921 92
1922 97
1923 82
1924 80
1925 89
1926 113
1927 145
1928 230
1929 335
1930 398
1931 333
1932 166
1933 143
1934 83
1935 79
1936 78
1937 84
1938 70
1939 74
1940 74
1941 79
1942 66
1943 85
1944 70
1945 61
1946 73
1947 83
1948 67
1949 83
1950 63
1951 65
1952 72
1953 71
1954 62
1955 67
1956 67
1957 65
1958 64
1959 69
1960 64
1961 76
1962 71
1963 65
1964 80
1965 77
1966 83
1967 92
1968 132
1969 127
1970 104
1971 103
1972 76
1973 78
1974 61
1975 59
1976 72
1977 44
1978 70
1979 69
1980 73
1981 63
1982 58
1983 62
1984 66
1985 67
1986 64
1987 65
1988 83
1989 69
1990 65
1991 68
1992 57
1993 56
1994 60
1995 52
1996 71
1997 44
1998 57
1999 62
2000 45
2001 56
2002 60
2003 63
2004 54
2005 53
2006 63
2007 70
2008 66
2009 70
2010 55
2011 62
2012 54
2013 53
2014 55
2015 55
2016 49
2017 62
2018 57
2019 51
2020 58
2021 58
2022 57
2023 51
2024 50
2025 58
2026 54
2027 58
2028 60
2029 41
2030 55
2031 72
2032 56
2033 44
2034 70
2035 57
2036 55
2037 60
2038 49
2039 55
2040 60
2041 48
2042 55
2043 49
2044 57
2045 67
2046 41
2047 55
2048 46
2049 63
2050 52
2051 54
2052 40
2053 58
2054 47
2055 52
2056 43
2057 37
2058 56
2059 35
2060 48
2061 40
2062 40
2063 48
2064 47
2065 47
2066 44
2067 37
2068 42
2069 53
2070 46
2071 58
2072 46
2073 50
2074 54
2075 61
2076 62
2077 79
2078 73
2079 67
2080 47
2081 45
2082 56
2083 47
2084 49
2085 44
2086 35
2087 44
2088 47
2089 46
2090 38
2091 47
2092 42
2093 39
2094 52
2095 50
2096 51
2097 44
2098 46
2099 43
2100 60
2101 50
2102 58
2103 99
2104 85
2105 82
2106 72
2107 49
2108 56
2109 34
2110 38
2111 37
2112 33
2113 45
2114 51
2115 39
2116 33
2117 43
2118 49
2119 40
2120 47
2121 42
2122 38
2123 41
2124 37
2125 40
2126 41
2127 42
2128 33
2129 45
2130 36
2131 36
2132 45
2133 41
2134 45
2135 50
2136 35
2137 51
2138 40
2139 33
2140 41
2141 39
2142 39
2143 54
2144 34
2145 38
2146 31
2147 21
2148 52
2149 33
2150 39
2151 50
2152 34
2153 34
2154 45
2155 36
2156 35
2157 50
2158 41
2159 39
2160 27
2161 32
2162 26
2163 33
2164 40
2165 36
2166 27
2167 35
2168 29
2169 42
2170 32
2171 46
2172 39
2173 54
2174 28
2175 35
2176 28
2177 28
2178 38
2179 25
2180 42
2181 39
2182 31
2183 34
2184 33
2185 35
2186 38
2187 40
2188 44
2189 30
2190 27
2191 22
2192 26
2193 25
2194 32
2195 28
2196 27
2197 33
2198 35
2199 26
2200 46
2201 47
2202 37
2203 43
2204 46
2205 48
2206 28
2207 41
2208 29
2209 31
2210 24
2211 32
2212 21
2213 32
2214 35
2215 47
2216 31
2217 36
2218 34
2219 25
2220 38
2221 30
2222 31
2223 27
2224 31
2225 28
2226 38
2227 25
2228 28
2229 27
2230 21
2231 24
2232 40
2233 26
2234 27
2235 27
2236 38
2237 27
2238 30
2239 22
2240 28
2241 36
2242 33
2243 24
2244 25
2245 36
2246 30
2247 30
2248 35
2249 27
2250 38
2251 38
2252 21
2253 33
2254 19
2255 35
2256 30
2257 24
2258 22
2259 26
2260 36
2261 19
2262 32
2263 25
2264 35
2265 33
2266 30
2267 24
2268 29
2269 28
2270 26
2271 38
2272 32
2273 24
2274 42
2275 41
2276 50
2277 52
2278 81
2279 86
2280 63
2281 65
2282 38
2283 29
2284 32
2285 40
2286 20
2287 29
2288 35
2289 43
2290 33
2291 41
2292 33
2293 28
2294 47
2295 75
2296 121
2297 197
2298 385
2299 439
2300 461
2301 301
2302 140
2303 68
2304 38
2305 32
2306 33
2307 30
2308 30
2309 42
2310 25
2311 27
2312 47
2313 32
2314 25
2315 21
2316 34
2317 38
2318 42
2319 35
2320 28
2321 28
2322 29
2323 25
2324 24
2325 29
2326 23
2327 22
2328 27
2329 38
2330 33
2331 32
2332 34
2333 17
2334 30
2335 36
2336 30
2337 43
2338 35
2339 49
2340 70
2341 109
2342 131
2343 178
2344 152
2345 117
2346 91
2347 163
2348 147
2349 122
2350 80
2351 61
2352 37
2353 36
2354 25
2355 34
2356 35
2357 42
2358 38
2359 51
2360 60
2361 50
2362 55
2363 70
2364 100
2365 183
2366 342
2367 574
2368 724
2369 676
2370 430
2371 212
2372 96
2373 66
2374 46
2375 39
2376 32
2377 28
2378 27
2379 29
2380 27
2381 31
2382 34
2383 32
2384 31
2385 35
2386 28
2387 21
2388 35
2389 25
2390 25
2391 29
2392 28
2393 23
2394 29
2395 32
2396 23
2397 16
2398 30
2399 23
2400 24
2401 20
2402 22
2403 25
2404 38
2405 28
2406 26
2407 24
2408 31
2409 24
2410 32
2411 35
2412 27
2413 27
2414 35
2415 27
2416 22
2417 25
2418 32
2419 29
2420 27
2421 28
2422 29
2423 21
2424 29
2425 39
2426 43
2427 73
2428 73
2429 78
2430 65
2431 41
2432 30
2433 21
2434 18
2435 16
2436 19
2437 30
2438 24
2439 21
2440 14
2441 25
2442 31
2443 18
2444 16
2445 28
2446 26
2447 16
2448 21
2449 19
2450 18
2451 31
2452 21
2453 34
2454 33
2455 25
2456 25
2457 22
2458 15
2459 27
2460 21
2461 20
2462 28
2463 47
2464 58
2465 85
2466 78
2467 75
2468 61
2469 37
2470 39
2471 19
2472 25
2473 22
2474 13
2475 30
2476 19
2477 17
2478 17
2479 23
2480 24
2481 23
2482 28
2483 18
2484 16
2485 25
2486 23
2487 26
2488 18
2489 24
2490 17
2491 25
2492 24
2493 28
2494 23
2495 27
2496 21
2497 22
2498 31
2499 15
2500 27
2501 22
2502 22
2503 23
2504 23
2505 19
2506 19
2507 13
2508 24
2509 18
2510 18
2511 18
2512 26
2513 25
2514 27
2515 23
2516 21
2517 19
2518 19
2519 19
2520 16
2521 13
2522 15
2523 25
2524 20
2525 28
2526 24
2527 14
2528 22
2529 17
2530 20
2531 19
2532 23
2533 23
2534 24
2535 24
2536 22
2537 28
2538 24
2539 12
2540 27
2541 19
2542 14
2543 14
2544 27
2545 33
2546 32
2547 41
2548 20
2549 24
2550 27
2551 24
2552 13
2553 15
2554 14
2555 11
2556 21
2557 27
2558 20
2559 22
2560 28
2561 22
2562 22
2563 19
2564 20
2565 17
2566 17
2567 23
2568 18
2569 25
2570 13
2571 23
2572 13
2573 29
2574 24
2575 18
2576 16
2577 19
2578 22
2579 20
2580 22
2581 23
2582 25
2583 19
2584 19
2585 27
2586 14
2587 18
2588 31
2589 29
2590 23
2591 22
2592 26
2593 28
2594 27
2595 26
2596 32
2597 40
2598 53
2599 56
2600 49
2601 40
2602 23
2603 10
2604 26
2605 25
2606 22
2607 14
2608 26
2609 14
2610 31
2611 19
2612 19
2613 22
2614 24
2615 18
2616 25
2617 18
2618 14
2619 23
2620 18
2621 16
2622 22
2623 25
2624 17
2625 15
2626 26
2627 16
2628 18
2629 9
2630 22
2631 23
2632 27
2633 16
2634 27
2635 17
2636 17
2637 14
2638 22
2639 18
2640 30
2641 20
2642 23
2643 15
2644 20
2645 17
2646 20
2647 26
2648 21
2649 26
2650 19
2651 16
2652 33
2653 20
2654 13
2655 24
2656 20
2657 17
2658 17
2659 19
2660 20
2661 22
2662 22
2663 26
2664 22
2665 18
2666 19
2667 26
2668 30
2669 16
2670 18
2671 27
2672 12
2673 26
2674 22
2675 13
2676 34
2677 17
2678 20
2679 21
2680 27
2681 28
2682 18
2683 29
2684 26
2685 25
2686 15
2687 14
2688 19
2689 19
2690 25
2691 17
2692 21
2693 20
2694 20
2695 25
2696 13
2697 19
2698 29
2699 15
2700 20
2701 21
2702 13
2703 20
2704 25
2705 26
2706 18
2707 15
2708 29
2709 17
2710 13
2711 22
2712 22
2713 25
2714 16
2715 26
2716 17
2717 19
2718 14
2719 21
2720 23
2721 18
2722 17
2723 18
2724 16
2725 21
2726 16
2727 19
2728 21
2729 14
2730 15
2731 13
2732 13
2733 17
2734 21
2735 23
2736 27
2737 14
2738 19
2739 21
2740 18
2741 18
2742 13
2743 14
2744 14
2745 23
2746 16
2747 16
2748 13
2749 23
2750 22
2751 13
2752 19
2753 16
2754 18
2755 15
2756 16
2757 18
2758 17
2759 14
2760 26
2761 10
2762 20
2763 16
2764 15
2765 17
2766 9
2767 19
2768 13
2769 14
2770 16
2771 15
2772 14
2773 20
2774 17
2775 18
2776 12
2777 13
2778 16
2779 10
2780 23
2781 11
2782 16
2783 15
2784 15
2785 14
2786 13
2787 19
2788 16
2789 10
2790 12
2791 12
2792 14
2793 8
2794 12
2795 21
2796 7
2797 9
2798 10
2799 9
2800 11
2801 10
2802 17
2803 14
2804 19
2805 5
2806 9
2807 16
2808 7
2809 17
2810 14
2811 13
2812 8
2813 12
2814 21
2815 12
2816 17
2817 13
2818 10
2819 16
2820 16
2821 11
2822 11
2823 14
2824 11
2825 8
2826 14
2827 14
2828 13
2829 10
2830 7
2831 9
2832 11
2833 14
2834 14
2835 8
2836 8
2837 11
2838 23
2839 10
2840 14
2841 11
2842 14
2843 9
2844 10
2845 6
2846 11
2847 13
2848 9
2849 12
2850 11
2851 10
2852 12
2853 14
2854 11
2855 12
2856 12
2857 10
2858 13
2859 8
2860 9
2861 11
2862 6
2863 13
2864 5
2865 6
2866 11
2867 17
2868 9
2869 21
2870 17
2871 13
2872 12
2873 7
2874 12
2875 15
2876 18
2877 32
2878 30
2879 27
2880 41
2881 25
2882 30
2883 16
2884 15
2885 18
2886 11
2887 14
2888 8
2889 8
2890 11
2891 7
2892 8
2893 7
2894 15
2895 13
2896 8
2897 12
2898 8
2899 14
2900 11
2901 9
2902 17
2903 6
2904 2
2905 10
2906 14
2907 10
2908 6
2909 10
2910 11
2911 6
2912 12
2913 9
2914 9
2915 10
2916 8
2917 10
2918 12
2919 9
2920 7
2921 12
2922 19
2923 7
2924 12
2925 7
2926 7
2927 11
2928 15
2929 17
2930 20
2931 46
2932 65
2933 109
2934 99
2935 102
2936 74
2937 49
2938 15
2939 11
2940 12
2941 8
2942 8
2943 12
2944 4
2945 12
2946 13
2947 7
2948 2
2949 6
2950 9
2951 4
2952 5
2953 10
2954 8
2955 17
2956 8
2957 9
2958 11
2959 9
2960 16
2961 7
2962 8
2963 14
2964 11
2965 5
2966 7
2967 5
2968 4
2969 7
2970 11
2971 4
2972 4
2973 8
2974 19
2975 9
2976 9
2977 5
2978 8
2979 2
2980 7
2981 3
2982 8
2983 4
2984 6
2985 5
2986 4
2987 5
2988 7
2989 13
2990 6
2991 7
2992 3
2993 12
2994 9
2995 7
2996 5
2997 13
2998 10
2999 5
3000 11
3001 28
3002 33
3003 35
3004 27
3005 18
3006 17
3007 6
3008 5
3009 3
3010 10
3011 8
3012 3
3013 6
3014 6
3015 6
3016 3
3017 11
3018 4
3019 10
3020 2
3021 3
3022 6
3023 7
3024 4
3025 6
3026 5
3027 4
3028 11
3029 2
3030 2
3031 7
3032 4
3033 4
3034 2
3035 4
3036 4
3037 9
3038 2
3039 4
3040 3
3041 6
3042 7
3043 6
3044 0
3045 9
3046 8
3047 1
3048 7
3049 2
3050 8
3051 4
3052 3
3053 6
3054 5
3055 7
3056 5
3057 16
3058 7
3059 6
3060 8
3061 8
3062 11
3063 11
3064 11
3065 8
3066 15
3067 6
3068 8
3069 5
3070 10
3071 5
3072 6
3073 1
3074 2
3075 5
3076 7
3077 4
3078 11
3079 8
3080 4
3081 3
3082 8
3083 6
3084 14
3085 7
3086 3
3087 5
3088 4
3089 3
3090 6
3091 2
3092 5
3093 5
3094 11
3095 2
3096 7
3097 4
3098 5
3099 12
3100 8
3101 6
3102 8
3103 15
3104 8
3105 7
3106 5
3107 4
3108 4
3109 3
3110 7
3111 3
3112 3
3113 4
3114 10
3115 8
3116 7
3117 16
3118 10
3119 20
3120 45
3121 36
3122 22
3123 23
3124 14
3125 12
3126 8
3127 5
3128 5
3129 5
3130 2
3131 5
3132 5
3133 6
3134 5
3135 3
3136 4
3137 3
3138 4
3139 7
3140 2
3141 4
3142 4
3143 4
3144 3
3145 6
3146 4
3147 5
3148 7
3149 5
3150 3
3151 3
3152 8
3153 0
3154 1
3155 6
3156 5
3157 8
3158 3
3159 1
3160 7
3161 1
3162 3
3163 8
3164 4
3165 8
3166 5
3167 5
3168 10
3169 9
3170 5
3171 9
3172 13
3173 11
3174 9
3175 9
3176 6
3177 5
3178 7
3179 2
3180 4
3181 9
3182 8
3183 2
3184 15
3185 15
3186 27
3187 42
3188 65
3189 123
3190 202
3191 288
3192 359
3193 362
3194 294
3195 196
3196 75
3197 27
3198 16
3199 12
3200 18
3201 10
3202 12
3203 12
3204 6
3205 6
3206 4
3207 7
3208 7
3209 10
3210 3
3211 1
3212 8
3213 3
3214 8
3215 7
3216 4
3217 7
3218 7
3219 6
3220 3
3221 3
3222 2
3223 3
3224 4
3225 3
3226 5
3227 4
3228 0
3229 3
3230 3
3231 6
3232 8
3233 4
3234 1
3235 2
3236 3
3237 3
3238 3
3239 4
3240 4
3241 2
3242 3
3243 0
3244 3
3245 3
3246 3
3247 2
3248 3
3249 3
3250 4
3251 4
3252 5
3253 7
3254 2
3255 1
3256 7
3257 4
3258 9
3259 1
3260 2
3261 3
3262 1
3263 4
3264 4
3265 1
3266 1
3267 4
3268 5
3269 5
3270 4
3271 3
3272 4
3273 3
3274 1
3275 3
3276 6
3277 3
3278 2
3279 5
3280 5
3281 0
3282 3
3283 3
3284 1
3285 0
3286 3
3287 0
3288 3
3289 4
3290 2
3291 4
3292 4
3293 1
3294 2
3295 3
3296 5
3297 1
3298 5
3299 2
3300 0
3301 3
3302 0
3303 0
3304 2
3305 0
3306 1
3307 2
3308 4
3309 4
3310 0
3311 3
3312 2
3313 3
3314 2
3315 2
3316 3
3317 2
3318 3
3319 2
3320 1
3321 1
3322 3
3323 3
3324 2
3325 1
3326 1
3327 3
3328 3
3329 1
3330 4
3331 1
3332 2
3333 4
3334 4
3335 3
3336 2
3337 3
3338 4
3339 1
3340 4
3341 0
3342 2
3343 1
3344 3
3345 2
3346 2
3347 1
3348 5
3349 2
3350 3
3351 1
3352 2
3353 1
3354 2
3355 4
3356 4
3357 2
3358 3
3359 1
3360 1
3361 3
3362 1
3363 2
3364 0
3365 2
3366 3
3367 2
3368 0
3369 0
3370 2
3371 2
3372 0
3373 0
3374 0
3375 4
3376 0
3377 1
3378 1
3379 3
3380 3
3381 2
3382 2
3383 2
3384 2
3385 3
3386 1
3387 0
3388 1
3389 2
3390 2
3391 1
3392 2
3393 3
3394 3
3395 1
3396 2
3397 3
3398 1
3399 3
3400 1
3401 1
3402 1
3403 1
3404 0
3405 1
3406 2
3407 1
3408 2
3409 1
3410 1
3411 1
3412 2
3413 1
3414 3
3415 1
3416 1
3417 1
3418 1
3419 3
3420 2
3421 2
3422 3
3423 2
3424 5
3425 1
3426 3
3427 0
3428 1
3429 2
3430 1
3431 0
3432 0
3433 4
3434 3
3435 0
3436 1
3437 1
3438 0
3439 3
3440 4
3441 2
3442 4
3443 2
3444 4
3445 0
3446 1
3447 2
3448 0
3449 1
3450 1
3451 3
3452 3
3453 3
3454 0
3455 3
3456 0
3457 3
3458 0
3459 1
3460 2
3461 0
3462 2
3463 1
3464 2
3465 1
3466 2
3467 1
3468 0
3469 1
3470 4
3471 2
3472 3
3473 0
3474 3
3475 1
3476 1
3477 0
3478 0
3479 0
3480 1
3481 1
3482 1
3483 1
3484 0
3485 1
3486 0
3487 1
3488 2
3489 0
3490 1
3491 1
3492 3
3493 2
3494 1
3495 0
3496 0
3497 1
3498 0
3499 0
3500 1
3501 2
3502 1
3503 0
3504 2
3505 4
3506 2
3507 2
3508 2
3509 0
3510 1
3511 1
3512 1
3513 0
3514 0
3515 2
3516 2
3517 0
3518 1
3519 0
3520 3
3521 2
3522 1
3523 2
3524 3
3525 2
3526 2
3527 3
3528 4
3529 4
3530 9
3531 15
3532 25
3533 36
3534 48
3535 47
3536 20
3537 18
3538 8
3539 4
3540 7
3541 1
3542 4
3543 1
3544 4
3545 1
3546 1
3547 1
3548 1
3549 1
3550 2
3551 1
3552 0
3553 1
3554 0
3555 3
3556 0
3557 0
3558 1
3559 0
3560 1
3561 0
3562 2
3563 2
3564 1
3565 2
3566 1
3567 0
3568 0
3569 3
3570 1
3571 2
3572 0
3573 1
3574 1
3575 0
3576 1
3577 0
3578 2
3579 2
3580 0
3581 0
3582 0
3583 0
3584 2
3585 1
3586 1
3587 1
3588 2
3589 1
3590 4
3591 1
3592 1
3593 4
3594 4
3595 5
3596 7
3597 8
3598 4
3599 0
3600 0
3601 0
3602 3
3603 0
3604 0
3605 1
3606 1
3607 2
3608 1
3609 2
3610 1
3611 1
3612 0
3613 2
3614 1
3615 3
3616 1
3617 2
3618 0
3619 3
3620 1
3621 1
3622 1
3623 1
3624 1
3625 1
3626 0
3627 1
3628 0
3629 0
3630 1
3631 1
3632 0
3633 0
3634 1
3635 3
3636 1
3637 1
3638 1
3639 1
3640 3
3641 0
3642 2
3643 2
3644 0
3645 1
3646 0
3647 0
3648 2
3649 4
3650 2
3651 2
3652 0
3653 1
3654 0
3655 1
3656 2
3657 1
3658 2
3659 0
3660 0
3661 0
3662 1
3663 2
3664 0
3665 0
3666 2
3667 1
3668 0
3669 0
3670 4
3671 0
3672 0
3673 0
3674 0
3675 0
3676 1
3677 2
3678 2
3679 1
3680 2
3681 3
3682 0
3683 3
3684 0
3685 1
3686 1
3687 0
3688 1
3689 1
3690 3
3691 3
3692 3
3693 1
3694 0
3695 1
3696 0
3697 2
3698 0
3699 0
3700 0
3701 2
3702 1
3703 1
3704 2
3705 0
3706 0
3707 2
3708 1
3709 0
3710 0
3711 2
3712 2
3713 0
3714 1
3715 2
3716 1
3717 0
3718 2
3719 2
3720 0
3721 0
3722 0
3723 2
3724 0
3725 2
3726 1
3727 0
3728 0
3729 0
3730 1
3731 0
3732 0
3733 1
3734 0
3735 3
3736 0
3737 1
3738 0
3739 1
3740 0
3741 1
3742 0
3743 0
3744 3
3745 1
3746 1
3747 2
3748 1
3749 1
3750 0
3751 1
3752 1
3753 0
3754 2
3755 0
3756 1
3757 1
3758 0
3759 1
3760 0
3761 2
3762 1
3763 0
3764 2
3765 1
3766 0
3767 1
3768 2
3769 1
3770 1
3771 2
3772 2
3773 1
3774 1
3775 0
3776 1
3777 0
3778 0
3779 0
3780 1
3781 0
3782 0
3783 1
3784 0
3785 0
3786 1
3787 0
3788 1
3789 0
3790 1
3791 1
3792 0
3793 0
3794 0
3795 0
3796 0
3797 0
3798 0
3799 1
3800 0
3801 1
3802 0
3803 1
3804 0
3805 1
3806 0
3807 1
3808 1
3809 0
3810 2
3811 0
3812 1
3813 0
3814 1
3815 1
3816 1
3817 0
3818 0
3819 1
3820 0
3821 1
3822 0
3823 1
3824 0
3825 0
3826 3
3827 0
3828 0
3829 0
3830 0
3831 1
3832 0
3833 0
3834 2
3835 0
3836 1
3837 0
3838 3
3839 1
3840 1
3841 1
3842 1
3843 1
3844 0
3845 1
3846 0
3847 0
3848 3
3849 2
3850 1
3851 0
3852 0
3853 0
3854 0
3855 0
3856 2
3857 1
3858 0
3859 0
3860 1
3861 0
3862 0
3863 0
3864 2
3865 0
3866 0
3867 1
3868 0
3869 1
3870 0
3871 0
3872 0
3873 2
3874 0
3875 0
3876 2
3877 0
3878 0
3879 1
3880 1
3881 0
3882 0
3883 1
3884 0
3885 1
3886 0
3887 1
3888 0
3889 0
3890 1
3891 0
3892 1
3893 1
3894 1
3895 1
3896 0
3897 0
3898 0
3899 0
3900 0
3901 0
3902 1
3903 0
3904 0
3905 0
3906 2
3907 0
3908 0
3909 1
3910 0
3911 0
3912 0
3913 1
3914 0
3915 0
3916 0
3917 1
3918 0
3919 0
3920 0
3921 0
3922 1
3923 1
3924 2
3925 0
3926 1
3927 0
3928 0
3929 1
3930 0
3931 0
3932 0
3933 1
3934 0
3935 2
3936 2
3937 1
3938 0
3939 1
3940 1
3941 0
3942 1
3943 1
3944 3
3945 1
3946 1
3947 0
3948 0
3949 1
3950 0
3951 1
3952 0
3953 2
3954 1
3955 1
3956 2
3957 0
3958 0
3959 0
3960 3
3961 0
3962 0
3963 0
3964 0
3965 0
3966 0
3967 0
3968 0
3969 1
3970 2
3971 0
3972 1
3973 1
3974 1
3975 2
3976 0
3977 0
3978 0
3979 0
3980 1
3981 1
3982 0
3983 0
3984 0
3985 0
3986 2
3987 0
3988 1
3989 1
3990 0
3991 0
3992 0
3993 0
3994 2
3995 0
3996 0
3997 1
3998 0
3999 0
4000 0
4001 0
4002 1
4003 1
4004 0
4005 0
4006 0
4007 0
4008 1
4009 0
4010 1
4011 0
4012 1
4013 1
4014 0
4015 0
4016 0
4017 2
4018 1
4019 1
4020 2
4021 2
4022 0
4023 1
4024 1
4025 1
4026 1
4027 1
4028 2
4029 2
4030 0
4031 0
4032 1
4033 3
4034 0
4035 0
4036 0
4037 0
4038 1
4039 0
4040 1
4041 1
4042 0
4043 3
4044 1
4045 1
4046 1
4047 1
4048 1
4049 0
4050 0
4051 1
4052 1
4053 1
4054 0
4055 1
4056 0
4057 1
4058 0
4059 0
4060 0
4061 0
4062 1
4063 0
4064 1
4065 0
4066 0
4067 1
4068 0
4069 1
4070 1
4071 1
4072 1
4073 1
4074 1
4075 0
4076 0
4077 1
4078 0
4079 0
4080 0
4081 0
4082 0
4083 1
4084 0
4085 0
4086 1
4087 1
4088 1
4089 1
4090 1
4091 0
4092 0
4093 0
4094 0
4095 0
End
