ASCII channel-by-channel listing for 290_013.18
1139 - 57 - 190 started 2018-10-17 03:30:57.0 on counter 76
Generated Oct 17 2018 16.53.14, CRNG database/web system
Channel Data
0 300
1 339
2 0
3 0
4 0
5 0
6 0
7 0
8 0
9 0
10 0
11 0
12 0
13 0
14 0
15 0
16 0
17 0
18 0
19 0
20 0
21 0
22 0
23 0
24 0
25 0
26 0
27 0
28 0
29 0
30 0
31 0
32 0
33 0
34 0
35 0
36 0
37 0
38 0
39 0
40 0
41 0
42 0
43 0
44 0
45 0
46 0
47 0
48 0
49 0
50 0
51 0
52 0
53 0
54 0
55 0
56 0
57 0
58 0
59 0
60 0
61 0
62 0
63 0
64 0
65 0
66 0
67 0
68 0
69 0
70 0
71 0
72 0
73 0
74 0
75 0
76 0
77 0
78 0
79 0
80 34
81 239
82 815
83 2297
84 12390
85 20221
86 20240
87 20207
88 20284
89 20120
90 19904
91 19758
92 19793
93 19536
94 19645
95 19394
96 19574
97 19277
98 19246
99 19364
100 19207
101 19130
102 18853
103 19002
104 18947
105 18844
106 18808
107 18775
108 18615
109 18736
110 18591
111 18607
112 18538
113 18402
114 18473
115 19241
116 23685
117 29639
118 21912
119 18100
120 18074
121 18155
122 18120
123 18030
124 18210
125 17963
126 18187
127 18107
128 18341
129 17981
130 17973
131 18281
132 18228
133 18213
134 18216
135 18188
136 18286
137 18212
138 18409
139 18199
140 18174
141 18154
142 18359
143 18204
144 18685
145 18869
146 19682
147 18692
148 18439
149 19078
150 20542
151 19368
152 18233
153 17976
154 18473
155 18150
156 18071
157 18285
158 18442
159 18383
160 18516
161 18242
162 18470
163 18712
164 18641
165 18842
166 18461
167 19185
168 19629
169 20117
170 20480
171 19699
172 19506
173 19945
174 21262
175 25318
176 31061
177 25019
178 21310
179 19859
180 20141
181 20206
182 20312
183 20620
184 20557
185 20699
186 20865
187 20790
188 20785
189 21281
190 21059
191 21078
192 21179
193 21857
194 24946
195 25891
196 22647
197 21834
198 21790
199 21838
200 22035
201 21811
202 22236
203 22478
204 22603
205 22604
206 22982
207 22837
208 23085
209 23170
210 23333
211 23512
212 23563
213 24423
214 24354
215 24379
216 24809
217 24814
218 24894
219 24862
220 25412
221 25244
222 25229
223 25416
224 25717
225 25623
226 25775
227 26124
228 26033
229 26120
230 26329
231 26366
232 26351
233 26513
234 26377
235 26834
236 27669
237 27526
238 27779
239 29235
240 28619
241 26981
242 26691
243 26660
244 26636
245 26504
246 27009
247 28120
248 28279
249 26990
250 26851
251 26966
252 26987
253 27041
254 27051
255 27600
256 26974
257 27304
258 27512
259 28173
260 33115
261 57904
262 71224
263 40426
264 28817
265 27728
266 27709
267 27547
268 27592
269 27298
270 27636
271 27422
272 27534
273 27125
274 27491
275 27379
276 27610
277 27318
278 27182
279 27405
280 27260
281 27649
282 27294
283 27405
284 27474
285 27705
286 27385
287 27059
288 27202
289 27068
290 27194
291 26848
292 26985
293 26810
294 26969
295 26979
296 26902
297 26767
298 26373
299 26739
300 26896
301 26304
302 26588
303 26305
304 26647
305 26343
306 26367
307 26263
308 26403
309 26624
310 30830
311 37805
312 32774
313 26859
314 26041
315 25498
316 25442
317 25340
318 25197
319 24988
320 24969
321 24917
322 24964
323 24897
324 24930
325 24694
326 24950
327 24609
328 24811
329 24673
330 24834
331 24536
332 24798
333 24641
334 24724
335 24412
336 24644
337 24813
338 25307
339 25192
340 24892
341 25104
342 25076
343 25279
344 25540
345 25254
346 25470
347 25516
348 25944
349 25215
350 25122
351 25365
352 25163
353 25122
354 25424
355 25537
356 25908
357 27443
358 27170
359 25199
360 24957
361 25195
362 26988
363 41616
364 90433
365 94131
366 42610
367 25702
368 24247
369 24249
370 23446
371 23495
372 23505
373 23074
374 22977
375 22866
376 22919
377 22982
378 22827
379 23358
380 25086
381 24279
382 22957
383 22464
384 22233
385 23993
386 25424
387 23828
388 22039
389 21821
390 21690
391 21604
392 21239
393 21574
394 21273
395 21112
396 21280
397 20993
398 21210
399 21089
400 20668
401 21228
402 21074
403 20604
404 20696
405 20847
406 20639
407 20491
408 20563
409 20200
410 20381
411 21199
412 26203
413 34487
414 29093
415 21150
416 20136
417 19514
418 19642
419 19621
420 19580
421 19364
422 19642
423 19600
424 19689
425 19145
426 19119
427 19077
428 18970
429 18661
430 18760
431 18940
432 19601
433 20899
434 22994
435 21006
436 18918
437 18189
438 18358
439 18279
440 18177
441 18123
442 18002
443 18105
444 18090
445 17376
446 17574
447 17474
448 17405
449 17508
450 17560
451 17020
452 16903
453 16960
454 16947
455 17062
456 17212
457 17569
458 17361
459 16790
460 16676
461 16523
462 16419
463 16725
464 16552
465 16360
466 16219
467 16374
468 16392
469 15877
470 16341
471 16077
472 16196
473 16416
474 16196
475 16069
476 15833
477 15880
478 15732
479 15650
480 15815
481 15564
482 15734
483 15652
484 15570
485 15475
486 15668
487 15500
488 15329
489 15356
490 15356
491 15336
492 15000
493 15241
494 15254
495 15108
496 15388
497 16245
498 17227
499 16161
500 15268
501 14906
502 15343
503 16506
504 16218
505 15174
506 14841
507 15398
508 18108
509 19078
510 16350
511 14740
512 14742
513 14875
514 14600
515 14483
516 14355
517 14562
518 14503
519 14376
520 14466
521 14875
522 16169
523 17475
524 15732
525 14664
526 14567
527 14493
528 15095
529 18825
530 36986
531 69029
532 56473
533 24017
534 15676
535 15901
536 17217
537 16350
538 14927
539 13974
540 14158
541 13810
542 13867
543 13949
544 13937
545 13888
546 13603
547 13814
548 13803
549 13752
550 13768
551 14407
552 15521
553 14775
554 14010
555 13962
556 15974
557 22217
558 25724
559 19186
560 14326
561 13484
562 13554
563 13700
564 13703
565 13946
566 13688
567 13204
568 13459
569 13491
570 13487
571 13602
572 13326
573 13631
574 13445
575 13565
576 13739
577 13379
578 13982
579 16536
580 19847
581 18611
582 16258
583 15270
584 13683
585 13441
586 13306
587 13404
588 13957
589 13922
590 13317
591 13243
592 13117
593 13036
594 13418
595 13841
596 14001
597 13730
598 15755
599 25198
600 39737
601 34234
602 19013
603 14945
604 17787
605 20418
606 17588
607 14218
608 13075
609 12777
610 12675
611 13251
612 13608
613 13307
614 13445
615 13573
616 13084
617 12438
618 12256
619 12217
620 12201
621 12161
622 12194
623 12055
624 11966
625 12051
626 11875
627 11720
628 12011
629 11945
630 11847
631 12041
632 12007
633 11792
634 11782
635 11796
636 11958
637 12209
638 12153
639 12086
640 11889
641 11601
642 11805
643 11647
644 11431
645 11546
646 11589
647 11363
648 11635
649 11467
650 11552
651 11633
652 11779
653 11414
654 11646
655 11387
656 11732
657 12019
658 12276
659 12631
660 12379
661 11748
662 11057
663 11392
664 11215
665 11270
666 11087
667 11120
668 10821
669 11106
670 11012
671 10967
672 10687
673 10815
674 10723
675 10592
676 10687
677 10817
678 11458
679 11065
680 10441
681 10044
682 9896
683 9687
684 9617
685 9796
686 9436
687 9458
688 9183
689 9088
690 9086
691 9608
692 11605
693 13580
694 11598
695 9413
696 8634
697 8414
698 8425
699 8468
700 8580
701 8275
702 8184
703 7991
704 7956
705 8076
706 8104
707 8011
708 7958
709 7659
710 7882
711 7772
712 7724
713 7711
714 7440
715 7730
716 7465
717 7408
718 7398
719 7575
720 7475
721 7515
722 7542
723 7383
724 7223
725 7136
726 7273
727 7405
728 8134
729 8367
730 7662
731 7059
732 6841
733 6804
734 7118
735 7085
736 7365
737 7191
738 6879
739 6873
740 6771
741 6868
742 6985
743 7878
744 8770
745 7979
746 7097
747 6967
748 6907
749 6701
750 6408
751 6200
752 6384
753 6429
754 6391
755 6278
756 6321
757 6166
758 6465
759 6968
760 7403
761 6814
762 6169
763 5945
764 6014
765 6050
766 6250
767 6217
768 6130
769 5919
770 5906
771 6000
772 5907
773 5776
774 5942
775 6132
776 6280
777 5830
778 5683
779 5943
780 5810
781 5753
782 5726
783 5501
784 5643
785 5792
786 5419
787 5378
788 5246
789 5272
790 5250
791 5261
792 5164
793 5169
794 5323
795 5707
796 6046
797 5555
798 5190
799 5126
800 5254
801 4985
802 4925
803 4969
804 4832
805 4769
806 4857
807 4969
808 5150
809 5796
810 6284
811 5454
812 4825
813 4855
814 4834
815 4777
816 4730
817 4597
818 4625
819 4785
820 4982
821 5311
822 5701
823 5870
824 5444
825 4804
826 4533
827 4460
828 4517
829 4459
830 4503
831 4556
832 4505
833 4411
834 4318
835 4370
836 4279
837 4589
838 4562
839 4702
840 4484
841 4330
842 4286
843 4264
844 4297
845 4629
846 4809
847 4703
848 4538
849 4533
850 4389
851 4221
852 4366
853 4147
854 4101
855 4098
856 4011
857 4069
858 4134
859 4032
860 4290
861 4344
862 4157
863 4681
864 5618
865 6832
866 6518
867 4803
868 4108
869 3867
870 3961
871 3888
872 4061
873 3986
874 3901
875 4004
876 3912
877 3924
878 4031
879 3809
880 3882
881 3639
882 3775
883 3858
884 3842
885 3837
886 4109
887 4480
888 5095
889 5152
890 4613
891 4110
892 3992
893 4024
894 4197
895 4104
896 3910
897 3715
898 3628
899 3780
900 3622
901 3856
902 3909
903 4054
904 3969
905 3973
906 4353
907 4378
908 4035
909 3656
910 3564
911 3596
912 3550
913 3582
914 3556
915 3672
916 3611
917 3697
918 3641
919 3824
920 3769
921 3900
922 3922
923 3873
924 3941
925 4499
926 6301
927 14294
928 40905
929 74033
930 63776
931 25745
932 7909
933 4575
934 4043
935 3912
936 3755
937 3653
938 3745
939 3776
940 3526
941 3535
942 3538
943 3660
944 3694
945 3607
946 3543
947 3609
948 3640
949 4134
950 5222
951 6408
952 7763
953 14818
954 28660
955 30875
956 16775
957 6796
958 5356
959 5708
960 5590
961 5631
962 4865
963 3877
964 3489
965 3421
966 3983
967 4358
968 4221
969 3595
970 3421
971 3291
972 3360
973 3632
974 3829
975 3634
976 3403
977 3203
978 3148
979 3002
980 3111
981 3142
982 3033
983 3156
984 3106
985 3140
986 3163
987 3058
988 3156
989 3230
990 3450
991 3621
992 3781
993 3747
994 3572
995 3245
996 3408
997 3663
998 3712
999 3454
1000 3219
1001 3114
1002 3277
1003 3330
1004 3367
1005 3212
1006 3361
1007 3278
1008 3648
1009 3726
1010 3894
1011 3996
1012 4323
1013 4926
1014 5893
1015 7951
1016 11971
1017 19777
1018 34939
1019 60751
1020 96267
1021 125389
1022 131948
1023 117111
1024 90419
1025 58954
1026 34794
1027 19797
1028 11819
1029 8074
1030 6665
1031 7207
1032 7933
1033 6756
1034 5623
1035 7880
1036 10612
1037 9163
1038 5187
1039 3333
1040 2897
1041 2741
1042 2660
1043 2683
1044 2741
1045 2818
1046 3271
1047 4189
1048 4479
1049 3537
1050 2682
1051 2383
1052 2307
1053 2438
1054 2347
1055 2469
1056 2432
1057 2337
1058 2341
1059 2225
1060 2175
1061 2327
1062 2245
1063 2167
1064 2166
1065 2173
1066 2202
1067 2129
1068 2224
1069 2324
1070 2343
1071 2373
1072 2190
1073 2074
1074 2132
1075 2124
1076 2161
1077 2181
1078 2514
1079 3936
1080 6714
1081 8722
1082 7662
1083 5002
1084 3193
1085 2320
1086 2124
1087 1960
1088 2004
1089 1989
1090 2035
1091 2118
1092 2321
1093 2359
1094 2139
1095 1999
1096 2015
1097 1946
1098 2138
1099 1964
1100 1923
1101 1937
1102 1937
1103 1842
1104 1909
1105 1958
1106 1997
1107 2123
1108 1949
1109 1926
1110 1893
1111 1970
1112 2084
1113 2022
1114 2006
1115 1981
1116 1800
1117 1750
1118 1894
1119 2058
1120 2135
1121 2062
1122 1906
1123 1800
1124 1846
1125 1873
1126 2051
1127 1947
1128 2053
1129 2327
1130 2972
1131 3352
1132 4228
1133 7614
1134 12740
1135 12243
1136 6941
1137 3269
1138 2555
1139 2379
1140 2130
1141 2044
1142 2545
1143 3833
1144 6142
1145 6510
1146 4433
1147 2576
1148 1941
1149 1856
1150 1850
1151 1864
1152 2279
1153 3146
1154 4044
1155 3684
1156 2545
1157 1804
1158 1747
1159 1658
1160 1739
1161 1883
1162 2010
1163 1937
1164 1759
1165 1766
1166 1688
1167 1587
1168 1797
1169 1918
1170 2060
1171 1774
1172 1650
1173 1584
1174 1595
1175 1604
1176 1650
1177 1596
1178 1513
1179 1589
1180 1628
1181 1535
1182 1737
1183 1687
1184 1660
1185 1611
1186 1670
1187 1601
1188 1589
1189 1501
1190 1731
1191 2172
1192 2332
1193 2139
1194 1927
1195 1797
1196 1631
1197 1489
1198 1491
1199 1496
1200 1426
1201 1467
1202 1629
1203 1700
1204 1748
1205 1709
1206 1701
1207 1892
1208 2676
1209 3641
1210 3706
1211 3393
1212 5152
1213 8495
1214 9466
1215 6257
1216 2902
1217 1636
1218 1507
1219 1479
1220 1506
1221 1534
1222 1987
1223 2527
1224 2750
1225 2179
1226 1686
1227 1513
1228 1425
1229 1522
1230 1483
1231 1567
1232 1572
1233 1674
1234 2179
1235 3153
1236 3912
1237 3470
1238 2410
1239 1676
1240 1509
1241 1632
1242 2152
1243 2672
1244 2548
1245 2099
1246 1618
1247 1523
1248 1366
1249 1320
1250 1329
1251 1333
1252 1367
1253 1321
1254 1386
1255 1258
1256 1358
1257 1363
1258 1417
1259 1304
1260 1524
1261 1470
1262 1588
1263 1562
1264 2165
1265 2892
1266 3007
1267 2218
1268 1675
1269 1395
1270 1311
1271 1256
1272 1223
1273 1280
1274 1218
1275 1284
1276 1226
1277 1247
1278 1283
1279 1320
1280 1274
1281 1282
1282 1227
1283 1231
1284 1243
1285 1191
1286 1258
1287 1428
1288 1649
1289 2100
1290 2253
1291 1773
1292 1401
1293 1205
1294 1199
1295 1139
1296 1176
1297 1193
1298 1163
1299 1176
1300 1107
1301 1179
1302 1168
1303 1176
1304 1226
1305 1227
1306 1314
1307 1472
1308 1516
1309 1442
1310 1248
1311 1267
1312 1158
1313 1134
1314 1199
1315 1191
1316 1135
1317 1179
1318 1128
1319 1141
1320 1181
1321 1222
1322 1343
1323 1557
1324 2374
1325 4240
1326 6235
1327 5681
1328 3527
1329 2013
1330 1847
1331 2148
1332 2350
1333 2024
1334 1534
1335 1441
1336 1386
1337 1322
1338 1202
1339 1105
1340 1139
1341 1124
1342 1070
1343 1137
1344 1190
1345 1086
1346 1107
1347 983
1348 1054
1349 1044
1350 1053
1351 1050
1352 1114
1353 1183
1354 1282
1355 1331
1356 1402
1357 1340
1358 1223
1359 1186
1360 1139
1361 1145
1362 1058
1363 1033
1364 1088
1365 1099
1366 1104
1367 1256
1368 1277
1369 1379
1370 1229
1371 1082
1372 1089
1373 1041
1374 1022
1375 1080
1376 1280
1377 1689
1378 2369
1379 2832
1380 2427
1381 1565
1382 1106
1383 1038
1384 1023
1385 1080
1386 1059
1387 999
1388 946
1389 996
1390 941
1391 948
1392 1002
1393 1216
1394 1274
1395 1420
1396 1450
1397 1209
1398 1078
1399 1029
1400 1093
1401 981
1402 1017
1403 930
1404 945
1405 965
1406 944
1407 894
1408 883
1409 940
1410 914
1411 988
1412 937
1413 1018
1414 1025
1415 1046
1416 999
1417 916
1418 899
1419 895
1420 916
1421 974
1422 1034
1423 1084
1424 1041
1425 979
1426 862
1427 896
1428 889
1429 879
1430 834
1431 828
1432 938
1433 931
1434 962
1435 994
1436 1007
1437 995
1438 984
1439 952
1440 904
1441 908
1442 866
1443 843
1444 812
1445 818
1446 819
1447 816
1448 808
1449 843
1450 828
1451 903
1452 804
1453 855
1454 814
1455 833
1456 773
1457 816
1458 820
1459 829
1460 828
1461 817
1462 813
1463 843
1464 854
1465 818
1466 825
1467 799
1468 844
1469 838
1470 837
1471 792
1472 851
1473 838
1474 886
1475 790
1476 815
1477 836
1478 825
1479 823
1480 842
1481 925
1482 949
1483 891
1484 826
1485 782
1486 813
1487 768
1488 769
1489 794
1490 810
1491 759
1492 759
1493 798
1494 866
1495 866
1496 870
1497 817
1498 818
1499 847
1500 849
1501 823
1502 905
1503 858
1504 808
1505 842
1506 879
1507 889
1508 914
1509 879
1510 857
1511 830
1512 756
1513 793
1514 773
1515 765
1516 699
1517 789
1518 798
1519 761
1520 792
1521 758
1522 721
1523 732
1524 740
1525 765
1526 721
1527 773
1528 748
1529 778
1530 835
1531 789
1532 777
1533 769
1534 718
1535 713
1536 744
1537 713
1538 727
1539 755
1540 786
1541 767
1542 717
1543 726
1544 738
1545 822
1546 825
1547 828
1548 856
1549 844
1550 797
1551 771
1552 677
1553 708
1554 778
1555 804
1556 834
1557 816
1558 824
1559 803
1560 702
1561 794
1562 780
1563 883
1564 1068
1565 1777
1566 3077
1567 4697
1568 5830
1569 5509
1570 4133
1571 2403
1572 1207
1573 882
1574 757
1575 789
1576 663
1577 725
1578 688
1579 675
1580 700
1581 682
1582 715
1583 711
1584 663
1585 709
1586 681
1587 676
1588 726
1589 700
1590 645
1591 705
1592 682
1593 684
1594 646
1595 676
1596 648
1597 733
1598 709
1599 678
1600 678
1601 681
1602 673
1603 707
1604 736
1605 723
1606 627
1607 708
1608 728
1609 692
1610 708
1611 706
1612 706
1613 691
1614 716
1615 683
1616 691
1617 710
1618 774
1619 746
1620 765
1621 762
1622 731
1623 754
1624 765
1625 701
1626 693
1627 669
1628 678
1629 672
1630 825
1631 867
1632 962
1633 1013
1634 939
1635 770
1636 722
1637 706
1638 877
1639 967
1640 851
1641 714
1642 670
1643 680
1644 707
1645 625
1646 635
1647 648
1648 673
1649 687
1650 659
1651 701
1652 685
1653 726
1654 852
1655 1197
1656 1906
1657 2100
1658 1984
1659 1370
1660 984
1661 753
1662 651
1663 676
1664 642
1665 614
1666 583
1667 644
1668 703
1669 749
1670 766
1671 687
1672 623
1673 570
1674 573
1675 624
1676 656
1677 673
1678 648
1679 600
1680 590
1681 653
1682 722
1683 757
1684 674
1685 618
1686 647
1687 567
1688 660
1689 705
1690 792
1691 943
1692 1102
1693 1105
1694 806
1695 682
1696 573
1697 549
1698 550
1699 613
1700 568
1701 605
1702 571
1703 564
1704 541
1705 527
1706 590
1707 549
1708 565
1709 560
1710 566
1711 567
1712 600
1713 594
1714 638
1715 717
1716 890
1717 985
1718 983
1719 805
1720 725
1721 631
1722 689
1723 693
1724 739
1725 749
1726 718
1727 606
1728 543
1729 514
1730 570
1731 567
1732 555
1733 590
1734 694
1735 713
1736 689
1737 614
1738 607
1739 595
1740 649
1741 894
1742 1246
1743 1384
1744 1127
1745 839
1746 612
1747 577
1748 639
1749 675
1750 658
1751 588
1752 596
1753 597
1754 620
1755 589
1756 559
1757 570
1758 575
1759 590
1760 609
1761 653
1762 798
1763 886
1764 825
1765 680
1766 584
1767 528
1768 482
1769 525
1770 503
1771 486
1772 513
1773 574
1774 583
1775 585
1776 660
1777 574
1778 535
1779 488
1780 467
1781 532
1782 486
1783 508
1784 506
1785 564
1786 508
1787 533
1788 515
1789 506
1790 487
1791 499
1792 466
1793 506
1794 483
1795 603
1796 777
1797 1308
1798 1862
1799 2258
1800 1801
1801 1133
1802 699
1803 600
1804 522
1805 520
1806 504
1807 513
1808 485
1809 572
1810 639
1811 858
1812 925
1813 880
1814 702
1815 555
1816 490
1817 454
1818 500
1819 479
1820 487
1821 499
1822 540
1823 522
1824 545
1825 536
1826 556
1827 509
1828 476
1829 474
1830 506
1831 489
1832 460
1833 484
1834 474
1835 444
1836 520
1837 524
1838 519
1839 552
1840 469
1841 486
1842 442
1843 506
1844 493
1845 471
1846 479
1847 516
1848 451
1849 508
1850 491
1851 481
1852 514
1853 448
1854 494
1855 458
1856 419
1857 447
1858 495
1859 503
1860 526
1861 519
1862 519
1863 498
1864 453
1865 481
1866 479
1867 497
1868 424
1869 457
1870 446
1871 467
1872 433
1873 471
1874 463
1875 448
1876 479
1877 446
1878 484
1879 475
1880 481
1881 489
1882 542
1883 502
1884 512
1885 498
1886 580
1887 633
1888 593
1889 506
1890 477
1891 440
1892 501
1893 414
1894 418
1895 454
1896 425
1897 488
1898 438
1899 518
1900 628
1901 744
1902 730
1903 720
1904 575
1905 449
1906 440
1907 428
1908 417
1909 411
1910 416
1911 395
1912 472
1913 422
1914 403
1915 420
1916 426
1917 439
1918 415
1919 409
1920 421
1921 452
1922 488
1923 498
1924 475
1925 431
1926 459
1927 497
1928 493
1929 529
1930 546
1931 541
1932 555
1933 596
1934 534
1935 561
1936 468
1937 453
1938 454
1939 477
1940 425
1941 491
1942 473
1943 531
1944 676
1945 714
1946 685
1947 540
1948 477
1949 451
1950 452
1951 433
1952 451
1953 455
1954 470
1955 444
1956 452
1957 444
1958 448
1959 419
1960 428
1961 448
1962 388
1963 437
1964 429
1965 484
1966 519
1967 613
1968 649
1969 565
1970 520
1971 459
1972 425
1973 410
1974 453
1975 457
1976 481
1977 591
1978 719
1979 950
1980 1137
1981 1039
1982 882
1983 621
1984 494
1985 452
1986 452
1987 445
1988 454
1989 458
1990 473
1991 468
1992 424
1993 416
1994 424
1995 403
1996 461
1997 397
1998 425
1999 419
2000 423
2001 380
2002 400
2003 370
2004 417
2005 422
2006 409
2007 431
2008 458
2009 478
2010 437
2011 370
2012 395
2013 387
2014 414
2015 379
2016 427
2017 433
2018 440
2019 401
2020 411
2021 420
2022 395
2023 433
2024 356
2025 360
2026 385
2027 394
2028 390
2029 401
2030 435
2031 465
2032 538
2033 509
2034 453
2035 433
2036 383
2037 408
2038 415
2039 449
2040 445
2041 385
2042 438
2043 488
2044 506
2045 497
2046 477
2047 430
2048 361
2049 359
2050 367
2051 373
2052 427
2053 363
2054 350
2055 387
2056 375
2057 423
2058 453
2059 491
2060 690
2061 1106
2062 1826
2063 2608
2064 2813
2065 2031
2066 1137
2067 649
2068 400
2069 406
2070 417
2071 412
2072 478
2073 489
2074 453
2075 466
2076 415
2077 392
2078 372
2079 412
2080 390
2081 374
2082 365
2083 366
2084 357
2085 411
2086 404
2087 386
2088 440
2089 520
2090 663
2091 837
2092 1204
2093 1408
2094 1275
2095 940
2096 560
2097 410
2098 391
2099 359
2100 372
2101 389
2102 359
2103 360
2104 348
2105 341
2106 361
2107 344
2108 328
2109 351
2110 377
2111 344
2112 375
2113 367
2114 313
2115 348
2116 335
2117 340
2118 355
2119 344
2120 381
2121 395
2122 410
2123 401
2124 407
2125 354
2126 350
2127 335
2128 342
2129 385
2130 299
2131 345
2132 358
2133 358
2134 334
2135 350
2136 376
2137 339
2138 335
2139 322
2140 327
2141 326
2142 335
2143 339
2144 391
2145 353
2146 353
2147 350
2148 327
2149 369
2150 319
2151 341
2152 347
2153 357
2154 361
2155 359
2156 360
2157 331
2158 327
2159 342
2160 393
2161 395
2162 390
2163 400
2164 395
2165 378
2166 341
2167 320
2168 340
2169 361
2170 387
2171 436
2172 381
2173 391
2174 330
2175 273
2176 301
2177 308
2178 339
2179 320
2180 362
2181 421
2182 531
2183 546
2184 482
2185 531
2186 433
2187 407
2188 339
2189 325
2190 299
2191 319
2192 320
2193 361
2194 333
2195 327
2196 319
2197 307
2198 335
2199 430
2200 481
2201 434
2202 396
2203 343
2204 365
2205 314
2206 313
2207 309
2208 282
2209 295
2210 295
2211 312
2212 317
2213 314
2214 335
2215 345
2216 338
2217 328
2218 332
2219 326
2220 302
2221 308
2222 331
2223 328
2224 288
2225 300
2226 294
2227 321
2228 273
2229 272
2230 250
2231 311
2232 292
2233 299
2234 282
2235 300
2236 267
2237 318
2238 324
2239 295
2240 298
2241 307
2242 312
2243 298
2244 334
2245 307
2246 307
2247 284
2248 272
2249 321
2250 305
2251 280
2252 329
2253 323
2254 328
2255 340
2256 381
2257 415
2258 411
2259 390
2260 406
2261 381
2262 344
2263 310
2264 287
2265 288
2266 295
2267 257
2268 315
2269 297
2270 306
2271 291
2272 284
2273 280
2274 284
2275 299
2276 279
2277 331
2278 319
2279 295
2280 328
2281 291
2282 317
2283 284
2284 286
2285 293
2286 316
2287 292
2288 291
2289 295
2290 282
2291 293
2292 284
2293 292
2294 278
2295 271
2296 323
2297 328
2298 360
2299 393
2300 362
2301 376
2302 370
2303 395
2304 378
2305 358
2306 377
2307 391
2308 402
2309 399
2310 360
2311 360
2312 328
2313 291
2314 282
2315 296
2316 273
2317 282
2318 282
2319 303
2320 313
2321 326
2322 304
2323 291
2324 299
2325 288
2326 267
2327 318
2328 299
2329 293
2330 286
2331 299
2332 268
2333 329
2334 303
2335 314
2336 283
2337 329
2338 341
2339 318
2340 304
2341 348
2342 375
2343 386
2344 431
2345 407
2346 384
2347 375
2348 325
2349 332
2350 324
2351 297
2352 294
2353 269
2354 261
2355 263
2356 300
2357 287
2358 289
2359 269
2360 322
2361 316
2362 330
2363 340
2364 380
2365 433
2366 539
2367 613
2368 574
2369 501
2370 427
2371 379
2372 322
2373 307
2374 324
2375 337
2376 353
2377 334
2378 358
2379 361
2380 356
2381 360
2382 336
2383 348
2384 309
2385 340
2386 296
2387 301
2388 309
2389 339
2390 366
2391 395
2392 461
2393 443
2394 385
2395 376
2396 377
2397 434
2398 516
2399 565
2400 632
2401 558
2402 448
2403 335
2404 291
2405 291
2406 270
2407 276
2408 260
2409 266
2410 300
2411 274
2412 334
2413 344
2414 393
2415 418
2416 422
2417 381
2418 330
2419 360
2420 333
2421 319
2422 367
2423 403
2424 432
2425 442
2426 442
2427 441
2428 375
2429 347
2430 285
2431 301
2432 287
2433 289
2434 308
2435 281
2436 325
2437 367
2438 326
2439 383
2440 581
2441 785
2442 958
2443 1005
2444 863
2445 543
2446 378
2447 315
2448 272
2449 282
2450 316
2451 311
2452 303
2453 312
2454 285
2455 250
2456 276
2457 250
2458 264
2459 289
2460 286
2461 299
2462 276
2463 295
2464 288
2465 305
2466 355
2467 357
2468 387
2469 354
2470 300
2471 296
2472 275
2473 291
2474 345
2475 313
2476 343
2477 324
2478 288
2479 303
2480 303
2481 322
2482 340
2483 320
2484 334
2485 334
2486 322
2487 304
2488 308
2489 282
2490 317
2491 330
2492 364
2493 352
2494 391
2495 374
2496 334
2497 345
2498 324
2499 291
2500 350
2501 296
2502 343
2503 360
2504 324
2505 305
2506 314
2507 321
2508 280
2509 273
2510 285
2511 294
2512 297
2513 302
2514 319
2515 339
2516 385
2517 409
2518 395
2519 334
2520 284
2521 289
2522 288
2523 282
2524 287
2525 316
2526 311
2527 336
2528 284
2529 347
2530 416
2531 360
2532 361
2533 308
2534 304
2535 303
2536 249
2537 265
2538 242
2539 300
2540 317
2541 323
2542 307
2543 325
2544 292
2545 275
2546 286
2547 251
2548 278
2549 252
2550 281
2551 304
2552 303
2553 293
2554 322
2555 323
2556 341
2557 334
2558 305
2559 285
2560 290
2561 256
2562 273
2563 315
2564 292
2565 306
2566 298
2567 286
2568 327
2569 262
2570 317
2571 279
2572 326
2573 321
2574 374
2575 411
2576 405
2577 304
2578 332
2579 260
2580 268
2581 257
2582 240
2583 228
2584 253
2585 237
2586 279
2587 286
2588 305
2589 307
2590 297
2591 258
2592 254
2593 265
2594 238
2595 258
2596 248
2597 255
2598 264
2599 256
2600 255
2601 282
2602 265
2603 252
2604 259
2605 247
2606 258
2607 241
2608 243
2609 288
2610 288
2611 260
2612 255
2613 259
2614 256
2615 292
2616 279
2617 266
2618 282
2619 293
2620 311
2621 277
2622 288
2623 242
2624 284
2625 230
2626 250
2627 264
2628 246
2629 274
2630 287
2631 272
2632 280
2633 288
2634 254
2635 249
2636 243
2637 234
2638 238
2639 234
2640 262
2641 259
2642 231
2643 260
2644 258
2645 242
2646 253
2647 240
2648 234
2649 270
2650 235
2651 230
2652 252
2653 227
2654 225
2655 267
2656 221
2657 235
2658 239
2659 212
2660 230
2661 237
2662 234
2663 239
2664 238
2665 286
2666 268
2667 252
2668 246
2669 236
2670 270
2671 257
2672 243
2673 223
2674 236
2675 243
2676 228
2677 231
2678 246
2679 237
2680 278
2681 269
2682 224
2683 263
2684 275
2685 294
2686 304
2687 295
2688 239
2689 291
2690 228
2691 226
2692 242
2693 246
2694 261
2695 248
2696 281
2697 250
2698 269
2699 256
2700 218
2701 238
2702 234
2703 234
2704 248
2705 233
2706 216
2707 217
2708 239
2709 230
2710 207
2711 264
2712 212
2713 219
2714 214
2715 247
2716 238
2717 226
2718 272
2719 216
2720 226
2721 246
2722 270
2723 273
2724 323
2725 356
2726 317
2727 275
2728 291
2729 267
2730 231
2731 240
2732 238
2733 221
2734 236
2735 208
2736 248
2737 215
2738 208
2739 230
2740 234
2741 215
2742 226
2743 231
2744 207
2745 185
2746 220
2747 224
2748 237
2749 226
2750 262
2751 278
2752 340
2753 429
2754 469
2755 493
2756 435
2757 305
2758 282
2759 287
2760 259
2761 247
2762 256
2763 185
2764 192
2765 206
2766 220
2767 202
2768 200
2769 179
2770 200
2771 229
2772 192
2773 214
2774 193
2775 203
2776 178
2777 202
2778 225
2779 193
2780 193
2781 224
2782 206
2783 200
2784 201
2785 204
2786 194
2787 193
2788 230
2789 219
2790 242
2791 218
2792 253
2793 264
2794 275
2795 275
2796 252
2797 253
2798 227
2799 244
2800 250
2801 228
2802 227
2803 241
2804 222
2805 211
2806 229
2807 232
2808 232
2809 233
2810 213
2811 229
2812 199
2813 222
2814 230
2815 254
2816 236
2817 232
2818 213
2819 201
2820 181
2821 175
2822 167
2823 192
2824 210
2825 190
2826 175
2827 187
2828 203
2829 183
2830 188
2831 215
2832 182
2833 179
2834 219
2835 193
2836 229
2837 195
2838 175
2839 209
2840 212
2841 203
2842 220
2843 184
2844 205
2845 206
2846 214
2847 173
2848 171
2849 203
2850 205
2851 179
2852 193
2853 194
2854 195
2855 215
2856 191
2857 194
2858 200
2859 205
2860 209
2861 230
2862 272
2863 323
2864 329
2865 325
2866 314
2867 245
2868 224
2869 212
2870 169
2871 199
2872 187
2873 199
2874 196
2875 205
2876 202
2877 219
2878 228
2879 239
2880 209
2881 233
2882 240
2883 186
2884 222
2885 189
2886 154
2887 186
2888 169
2889 192
2890 196
2891 199
2892 206
2893 185
2894 195
2895 187
2896 187
2897 173
2898 174
2899 164
2900 156
2901 180
2902 200
2903 202
2904 177
2905 168
2906 194
2907 203
2908 171
2909 184
2910 202
2911 203
2912 194
2913 193
2914 172
2915 190
2916 208
2917 194
2918 181
2919 204
2920 189
2921 227
2922 177
2923 182
2924 164
2925 170
2926 175
2927 184
2928 233
2929 237
2930 284
2931 297
2932 264
2933 243
2934 220
2935 211
2936 185
2937 182
2938 172
2939 183
2940 186
2941 198
2942 177
2943 227
2944 208
2945 179
2946 211
2947 187
2948 172
2949 171
2950 160
2951 158
2952 181
2953 164
2954 162
2955 178
2956 177
2957 197
2958 181
2959 148
2960 186
2961 188
2962 170
2963 166
2964 205
2965 190
2966 186
2967 186
2968 163
2969 184
2970 154
2971 153
2972 164
2973 173
2974 168
2975 167
2976 189
2977 162
2978 157
2979 177
2980 183
2981 177
2982 207
2983 194
2984 197
2985 181
2986 298
2987 353
2988 456
2989 627
2990 622
2991 546
2992 423
2993 334
2994 261
2995 240
2996 248
2997 303
2998 455
2999 580
3000 776
3001 831
3002 777
3003 584
3004 395
3005 242
3006 202
3007 167
3008 160
3009 201
3010 171
3011 185
3012 190
3013 193
3014 192
3015 191
3016 170
3017 156
3018 197
3019 175
3020 172
3021 143
3022 160
3023 174
3024 176
3025 157
3026 166
3027 156
3028 151
3029 162
3030 152
3031 181
3032 168
3033 164
3034 171
3035 174
3036 195
3037 167
3038 192
3039 160
3040 195
3041 224
3042 262
3043 237
3044 237
3045 183
3046 186
3047 175
3048 201
3049 222
3050 264
3051 330
3052 413
3053 492
3054 467
3055 375
3056 294
3057 192
3058 203
3059 161
3060 184
3061 177
3062 177
3063 188
3064 236
3065 282
3066 378
3067 394
3068 396
3069 415
3070 278
3071 233
3072 175
3073 153
3074 156
3075 166
3076 161
3077 165
3078 151
3079 156
3080 164
3081 146
3082 182
3083 152
3084 176
3085 157
3086 163
3087 135
3088 136
3089 159
3090 183
3091 164
3092 134
3093 150
3094 173
3095 168
3096 156
3097 174
3098 159
3099 157
3100 153
3101 164
3102 150
3103 165
3104 179
3105 173
3106 160
3107 160
3108 172
3109 192
3110 171
3111 194
3112 179
3113 181
3114 181
3115 189
3116 245
3117 174
3118 198
3119 177
3120 161
3121 161
3122 169
3123 169
3124 148
3125 163
3126 170
3127 154
3128 165
3129 151
3130 157
3131 155
3132 141
3133 152
3134 161
3135 148
3136 132
3137 154
3138 159
3139 136
3140 146
3141 163
3142 159
3143 150
3144 161
3145 171
3146 189
3147 206
3148 184
3149 183
3150 136
3151 176
3152 159
3153 131
3154 127
3155 165
3156 155
3157 162
3158 174
3159 185
3160 214
3161 218
3162 261
3163 332
3164 333
3165 336
3166 280
3167 338
3168 391
3169 423
3170 435
3171 410
3172 307
3173 216
3174 177
3175 185
3176 165
3177 131
3178 141
3179 179
3180 182
3181 169
3182 192
3183 197
3184 233
3185 216
3186 185
3187 209
3188 202
3189 240
3190 303
3191 333
3192 435
3193 394
3194 362
3195 281
3196 213
3197 169
3198 164
3199 168
3200 191
3201 184
3202 198
3203 220
3204 311
3205 307
3206 487
3207 671
3208 685
3209 733
3210 554
3211 380
3212 214
3213 198
3214 196
3215 143
3216 202
3217 215
3218 182
3219 171
3220 162
3221 175
3222 145
3223 164
3224 161
3225 163
3226 139
3227 151
3228 158
3229 154
3230 130
3231 156
3232 153
3233 146
3234 147
3235 169
3236 178
3237 177
3238 179
3239 149
3240 151
3241 170
3242 184
3243 142
3244 168
3245 156
3246 163
3247 148
3248 172
3249 170
3250 143
3251 175
3252 152
3253 146
3254 143
3255 144
3256 127
3257 139
3258 161
3259 128
3260 151
3261 161
3262 129
3263 137
3264 135
3265 123
3266 150
3267 129
3268 143
3269 154
3270 152
3271 176
3272 186
3273 197
3274 197
3275 177
3276 163
3277 160
3278 149
3279 143
3280 188
3281 177
3282 161
3283 172
3284 134
3285 176
3286 141
3287 175
3288 156
3289 154
3290 171
3291 137
3292 183
3293 173
3294 170
3295 179
3296 169
3297 170
3298 184
3299 134
3300 161
3301 136
3302 164
3303 161
3304 178
3305 187
3306 193
3307 225
3308 197
3309 163
3310 169
3311 147
3312 152
3313 159
3314 136
3315 136
3316 145
3317 185
3318 146
3319 168
3320 146
3321 154
3322 146
3323 145
3324 152
3325 141
3326 180
3327 193
3328 226
3329 234
3330 219
3331 205
3332 182
3333 162
3334 135
3335 136
3336 146
3337 148
3338 125
3339 158
3340 134
3341 154
3342 167
3343 144
3344 168
3345 164
3346 156
3347 165
3348 137
3349 145
3350 137
3351 172
3352 148
3353 146
3354 165
3355 173
3356 179
3357 180
3358 142
3359 169
3360 172
3361 130
3362 153
3363 160
3364 150
3365 158
3366 164
3367 171
3368 165
3369 144
3370 148
3371 140
3372 151
3373 133
3374 147
3375 131
3376 148
3377 149
3378 131
3379 124
3380 115
3381 122
3382 132
3383 140
3384 112
3385 123
3386 157
3387 133
3388 135
3389 134
3390 141
3391 125
3392 123
3393 151
3394 148
3395 146
3396 149
3397 146
3398 149
3399 141
3400 145
3401 147
3402 132
3403 115
3404 133
3405 129
3406 143
3407 125
3408 142
3409 138
3410 128
3411 136
3412 148
3413 133
3414 153
3415 144
3416 134
3417 138
3418 121
3419 122
3420 126
3421 120
3422 132
3423 129
3424 121
3425 138
3426 117
3427 128
3428 123
3429 112
3430 139
3431 98
3432 110
3433 107
3434 145
3435 147
3436 129
3437 172
3438 209
3439 221
3440 285
3441 254
3442 228
3443 210
3444 128
3445 134
3446 121
3447 128
3448 134
3449 127
3450 130
3451 136
3452 156
3453 125
3454 140
3455 133
3456 141
3457 111
3458 124
3459 100
3460 119
3461 136
3462 157
3463 146
3464 172
3465 162
3466 145
3467 147
3468 138
3469 125
3470 124
3471 119
3472 124
3473 134
3474 108
3475 118
3476 117
3477 133
3478 115
3479 123
3480 135
3481 111
3482 124
3483 115
3484 124
3485 111
3486 106
3487 117
3488 98
3489 102
3490 98
3491 105
3492 106
3493 110
3494 87
3495 134
3496 86
3497 116
3498 110
3499 105
3500 114
3501 106
3502 107
3503 110
3504 108
3505 117
3506 125
3507 125
3508 137
3509 138
3510 141
3511 135
3512 136
3513 130
3514 157
3515 102
3516 102
3517 115
3518 124
3519 111
3520 92
3521 94
3522 120
3523 91
3524 102
3525 117
3526 104
3527 105
3528 120
3529 106
3530 130
3531 96
3532 109
3533 123
3534 142
3535 148
3536 173
3537 204
3538 228
3539 228
3540 223
3541 207
3542 180
3543 151
3544 104
3545 112
3546 113
3547 129
3548 112
3549 110
3550 101
3551 120
3552 99
3553 96
3554 112
3555 118
3556 96
3557 95
3558 109
3559 121
3560 132
3561 121
3562 136
3563 155
3564 192
3565 172
3566 149
3567 141
3568 120
3569 83
3570 97
3571 95
3572 109
3573 100
3574 111
3575 112
3576 105
3577 92
3578 112
3579 101
3580 87
3581 95
3582 107
3583 103
3584 95
3585 111
3586 124
3587 76
3588 134
3589 114
3590 77
3591 102
3592 112
3593 99
3594 105
3595 96
3596 89
3597 115
3598 121
3599 111
3600 125
3601 128
3602 129
3603 91
3604 115
3605 122
3606 115
3607 112
3608 119
3609 135
3610 135
3611 125
3612 93
3613 92
3614 96
3615 94
3616 105
3617 82
3618 91
3619 93
3620 101
3621 95
3622 96
3623 105
3624 94
3625 106
3626 109
3627 117
3628 88
3629 87
3630 102
3631 98
3632 88
3633 90
3634 82
3635 88
3636 82
3637 80
3638 108
3639 94
3640 110
3641 99
3642 104
3643 119
3644 138
3645 130
3646 125
3647 161
3648 175
3649 171
3650 155
3651 121
3652 114
3653 93
3654 67
3655 81
3656 92
3657 108
3658 88
3659 82
3660 98
3661 95
3662 105
3663 99
3664 93
3665 96
3666 88
3667 106
3668 93
3669 91
3670 97
3671 89
3672 95
3673 85
3674 97
3675 115
3676 99
3677 89
3678 80
3679 89
3680 95
3681 93
3682 73
3683 82
3684 88
3685 92
3686 94
3687 84
3688 98
3689 97
3690 113
3691 103
3692 94
3693 109
3694 81
3695 101
3696 104
3697 91
3698 81
3699 74
3700 104
3701 106
3702 125
3703 138
3704 140
3705 148
3706 150
3707 140
3708 112
3709 100
3710 103
3711 93
3712 102
3713 97
3714 94
3715 82
3716 101
3717 99
3718 91
3719 92
3720 97
3721 94
3722 114
3723 90
3724 85
3725 82
3726 84
3727 86
3728 79
3729 96
3730 86
3731 86
3732 94
3733 93
3734 72
3735 79
3736 100
3737 80
3738 72
3739 74
3740 84
3741 72
3742 80
3743 84
3744 72
3745 91
3746 60
3747 99
3748 93
3749 90
3750 81
3751 89
3752 114
3753 115
3754 112
3755 110
3756 98
3757 80
3758 85
3759 86
3760 88
3761 70
3762 82
3763 85
3764 87
3765 101
3766 71
3767 90
3768 58
3769 80
3770 91
3771 101
3772 95
3773 138
3774 141
3775 165
3776 170
3777 126
3778 111
3779 81
3780 108
3781 81
3782 94
3783 66
3784 80
3785 84
3786 75
3787 94
3788 79
3789 92
3790 78
3791 107
3792 92
3793 84
3794 89
3795 68
3796 72
3797 84
3798 100
3799 97
3800 94
3801 77
3802 94
3803 76
3804 69
3805 85
3806 82
3807 82
3808 83
3809 91
3810 79
3811 86
3812 134
3813 141
3814 159
3815 220
3816 387
3817 590
3818 841
3819 1004
3820 1194
3821 1060
3822 823
3823 511
3824 288
3825 158
3826 116
3827 94
3828 92
3829 85
3830 71
3831 72
3832 69
3833 66
3834 85
3835 69
3836 94
3837 104
3838 89
3839 88
3840 89
3841 119
3842 127
3843 121
3844 118
3845 119
3846 97
3847 93
3848 83
3849 65
3850 72
3851 83
3852 82
3853 86
3854 71
3855 100
3856 87
3857 109
3858 132
3859 89
3860 84
3861 85
3862 93
3863 100
3864 85
3865 65
3866 97
3867 72
3868 81
3869 73
3870 69
3871 56
3872 75
3873 83
3874 84
3875 80
3876 94
3877 71
3878 81
3879 74
3880 51
3881 80
3882 89
3883 89
3884 99
3885 109
3886 85
3887 87
3888 83
3889 58
3890 60
3891 56
3892 63
3893 76
3894 78
3895 71
3896 92
3897 82
3898 72
3899 76
3900 87
3901 67
3902 59
3903 69
3904 57
3905 61
3906 57
3907 60
3908 46
3909 52
3910 51
3911 63
3912 59
3913 52
3914 55
3915 56
3916 63
3917 60
3918 72
3919 85
3920 74
3921 63
3922 72
3923 84
3924 81
3925 82
3926 67
3927 72
3928 84
3929 75
3930 61
3931 56
3932 59
3933 71
3934 74
3935 69
3936 73
3937 71
3938 71
3939 80
3940 91
3941 76
3942 64
3943 54
3944 43
3945 58
3946 55
3947 65
3948 59
3949 55
3950 58
3951 49
3952 58
3953 58
3954 73
3955 58
3956 51
3957 53
3958 46
3959 62
3960 44
3961 45
3962 43
3963 50
3964 59
3965 56
3966 41
3967 39
3968 46
3969 66
3970 58
3971 53
3972 62
3973 45
3974 50
3975 52
3976 45
3977 51
3978 58
3979 56
3980 50
3981 56
3982 56
3983 57
3984 48
3985 47
3986 63
3987 54
3988 40
3989 55
3990 39
3991 50
3992 51
3993 80
3994 74
3995 79
3996 99
3997 99
3998 95
3999 78
4000 67
4001 60
4002 52
4003 68
4004 46
4005 56
4006 58
4007 55
4008 47
4009 49
4010 55
4011 47
4012 44
4013 42
4014 56
4015 49
4016 58
4017 56
4018 37
4019 55
4020 39
4021 57
4022 54
4023 43
4024 46
4025 48
4026 52
4027 43
4028 54
4029 53
4030 56
4031 70
4032 77
4033 90
4034 105
4035 117
4036 145
4037 156
4038 165
4039 111
4040 88
4041 61
4042 64
4043 66
4044 41
4045 61
4046 48
4047 50
4048 59
4049 40
4050 58
4051 54
4052 51
4053 31
4054 50
4055 50
4056 60
4057 51
4058 49
4059 52
4060 68
4061 66
4062 64
4063 69
4064 44
4065 51
4066 41
4067 28
4068 34
4069 37
4070 55
4071 42
4072 41
4073 55
4074 63
4075 45
4076 69
4077 59
4078 88
4079 76
4080 104
4081 150
4082 138
4083 133
4084 105
4085 102
4086 102
4087 108
4088 81
4089 109
4090 87
4091 92
4092 72
4093 59
4094 55
4095 72
End
