ASCII channel-by-channel listing for 290_015.18
1139 - 57 - 371 started 2018-10-17 04:42:05.0 on counter 76
Generated Oct 17 2018 16.53.40, CRNG database/web system
Channel Data
0 300
1 343
2 0
3 0
4 0
5 0
6 0
7 0
8 0
9 0
10 0
11 0
12 0
13 0
14 0
15 0
16 0
17 0
18 0
19 0
20 0
21 0
22 0
23 0
24 0
25 0
26 0
27 0
28 0
29 0
30 0
31 0
32 0
33 0
34 0
35 0
36 0
37 0
38 0
39 0
40 0
41 0
42 0
43 0
44 0
45 0
46 0
47 0
48 0
49 0
50 0
51 0
52 0
53 0
54 0
55 0
56 0
57 0
58 0
59 0
60 0
61 0
62 0
63 0
64 0
65 0
66 0
67 0
68 0
69 0
70 0
71 0
72 0
73 0
74 0
75 0
76 0
77 0
78 0
79 0
80 31
81 252
82 1035
83 3158
84 15295
85 23700
86 24035
87 23856
88 23870
89 23656
90 23682
91 23104
92 23000
93 23030
94 22933
95 22955
96 23003
97 22997
98 22848
99 22434
100 22635
101 22473
102 22348
103 22396
104 22380
105 22189
106 22077
107 22370
108 21960
109 22214
110 22018
111 21618
112 21819
113 21806
114 21559
115 22058
116 25717
117 27786
118 23137
119 21650
120 21634
121 21552
122 21624
123 21182
124 21472
125 21321
126 21196
127 21064
128 21493
129 21099
130 21345
131 21332
132 21408
133 21131
134 21439
135 21284
136 21230
137 21479
138 21751
139 21661
140 21439
141 21505
142 21296
143 21811
144 21657
145 22486
146 22910
147 21831
148 21799
149 22803
150 24265
151 22414
152 21787
153 21507
154 21541
155 21532
156 21459
157 21809
158 21738
159 21935
160 21945
161 21832
162 22017
163 22056
164 21985
165 22112
166 22585
167 22781
168 23044
169 23573
170 24031
171 23349
172 23130
173 24368
174 26627
175 27819
176 30238
177 28821
178 26830
179 23949
180 23702
181 23813
182 24065
183 23995
184 23998
185 24218
186 24443
187 24397
188 24257
189 24539
190 24815
191 24876
192 24910
193 25476
194 27447
195 27287
196 25703
197 25715
198 25571
199 25931
200 26261
201 26165
202 26174
203 26498
204 26442
205 26874
206 27067
207 26921
208 27220
209 27575
210 27782
211 27919
212 27872
213 27968
214 28172
215 28206
216 28439
217 28765
218 28884
219 28739
220 28922
221 29072
222 28880
223 29244
224 29485
225 29361
226 29732
227 30122
228 29578
229 29980
230 30364
231 30795
232 30560
233 30741
234 31185
235 32194
236 34559
237 33382
238 35981
239 43032
240 37418
241 31991
242 31250
243 31759
244 31422
245 31991
246 32174
247 34390
248 34780
249 32737
250 32060
251 32375
252 32018
253 32262
254 32053
255 32536
256 32423
257 32647
258 32898
259 33422
260 37884
261 53579
262 57183
263 39385
264 34537
265 35097
266 35270
267 34567
268 34336
269 33955
270 33752
271 33469
272 33583
273 33693
274 33440
275 33601
276 33443
277 33516
278 33588
279 33744
280 33318
281 33375
282 33303
283 33234
284 33355
285 32609
286 33122
287 33031
288 32880
289 32746
290 32586
291 32276
292 32374
293 32326
294 32196
295 32208
296 32348
297 31935
298 31853
299 31465
300 31756
301 31479
302 31850
303 31419
304 31452
305 30925
306 31013
307 31037
308 31313
309 30409
310 30917
311 30623
312 30703
313 30528
314 30322
315 30180
316 30305
317 30187
318 29910
319 30068
320 29998
321 29826
322 29722
323 29538
324 30092
325 30422
326 29541
327 29698
328 29176
329 29074
330 28978
331 29055
332 29489
333 29125
334 28868
335 29266
336 29051
337 29247
338 30130
339 30276
340 29948
341 30085
342 30260
343 30270
344 30615
345 30591
346 30955
347 31180
348 31356
349 31140
350 30973
351 31253
352 31032
353 31342
354 31056
355 31642
356 32221
357 32919
358 32699
359 31052
360 30733
361 30901
362 30522
363 30587
364 30207
365 30462
366 30061
367 30236
368 30037
369 29959
370 29899
371 29446
372 29727
373 29352
374 29466
375 29292
376 29229
377 28671
378 28826
379 28714
380 28795
381 28182
382 28121
383 27853
384 28034
385 27565
386 27378
387 27618
388 27350
389 27275
390 26661
391 26819
392 26707
393 26479
394 26320
395 25919
396 25793
397 25863
398 25811
399 25562
400 25308
401 25557
402 25345
403 25189
404 24941
405 24323
406 24596
407 24379
408 24581
409 24446
410 24973
411 28362
412 50758
413 80460
414 54926
415 28416
416 23890
417 23248
418 23132
419 23108
420 22617
421 22350
422 22374
423 22240
424 22235
425 21942
426 21642
427 21618
428 21661
429 21322
430 21572
431 22007
432 22524
433 22110
434 20857
435 20951
436 20750
437 20372
438 20486
439 20490
440 20448
441 20484
442 20611
443 20040
444 20308
445 19668
446 19894
447 19667
448 19659
449 19490
450 19614
451 19428
452 19239
453 19156
454 19074
455 18831
456 19244
457 19164
458 19181
459 18827
460 18857
461 18876
462 18643
463 18749
464 18467
465 18669
466 18346
467 18305
468 18182
469 18087
470 17884
471 17929
472 18174
473 17927
474 18149
475 17717
476 17842
477 17733
478 17766
479 17720
480 17722
481 17742
482 17534
483 17666
484 17514
485 17592
486 17473
487 17506
488 17413
489 17521
490 17399
491 17318
492 17233
493 17129
494 17160
495 17327
496 17470
497 17891
498 18628
499 18104
500 17017
501 17166
502 17173
503 17138
504 17171
505 17061
506 17539
507 19579
508 26785
509 28811
510 21312
511 17415
512 16781
513 16857
514 16665
515 16771
516 16958
517 16568
518 16783
519 17040
520 16820
521 16921
522 17668
523 18344
524 17573
525 16901
526 17171
527 17890
528 20548
529 37060
530 118599
531 234869
532 164707
533 48687
534 22263
535 22138
536 22696
537 20601
538 17852
539 16639
540 16575
541 16153
542 16056
543 16333
544 15997
545 15781
546 15562
547 15690
548 15665
549 15688
550 16330
551 16332
552 17367
553 16448
554 15647
555 15707
556 16851
557 20147
558 21510
559 17621
560 15612
561 15287
562 14971
563 15052
564 15072
565 15012
566 15233
567 14995
568 14942
569 14738
570 14906
571 14940
572 15067
573 14892
574 14813
575 14911
576 14847
577 14859
578 15028
579 16344
580 17799
581 17447
582 16368
583 15601
584 15033
585 14591
586 14651
587 14818
588 15096
589 14996
590 14687
591 14522
592 14702
593 14469
594 14738
595 14849
596 15087
597 16919
598 26494
599 66953
600 120363
601 88833
602 32704
603 17800
604 17934
605 18376
606 16354
607 15061
608 14616
609 14306
610 14354
611 13923
612 14256
613 14198
614 14607
615 14561
616 13939
617 13778
618 13607
619 13757
620 13871
621 13699
622 13917
623 13879
624 13485
625 13534
626 13586
627 13667
628 13467
629 13482
630 13857
631 13450
632 13434
633 13384
634 13128
635 13442
636 13170
637 13420
638 13434
639 13603
640 13426
641 13200
642 13383
643 13075
644 13307
645 12953
646 13186
647 13202
648 13203
649 13183
650 13312
651 13157
652 13168
653 13213
654 13244
655 13268
656 13453
657 13884
658 13869
659 13150
660 12984
661 12896
662 13070
663 12898
664 12783
665 12738
666 12980
667 12753
668 12710
669 12453
670 12601
671 12413
672 12350
673 12342
674 12393
675 12147
676 12145
677 12198
678 12355
679 11871
680 11682
681 11191
682 10900
683 10761
684 10639
685 10604
686 10702
687 10261
688 10111
689 10096
690 10023
691 10202
692 11431
693 12151
694 10837
695 9571
696 9308
697 9277
698 9043
699 9135
700 9195
701 8779
702 8989
703 8834
704 8635
705 8664
706 8632
707 8422
708 8630
709 8388
710 8421
711 8257
712 8429
713 8238
714 8289
715 8308
716 7980
717 8037
718 7903
719 8210
720 7985
721 7982
722 8052
723 7749
724 7707
725 7549
726 7840
727 7851
728 8386
729 8325
730 7791
731 7697
732 7537
733 7761
734 7519
735 7415
736 7465
737 7380
738 7344
739 7322
740 7426
741 7348
742 7289
743 7287
744 7337
745 7397
746 7726
747 7824
748 7399
749 7298
750 7025
751 7328
752 6894
753 7001
754 7086
755 6937
756 6720
757 7067
758 7995
759 10651
760 11561
761 8712
762 7119
763 6725
764 6721
765 6775
766 6562
767 6543
768 6374
769 6577
770 6646
771 6532
772 6423
773 6354
774 6983
775 7755
776 7922
777 7060
778 6468
779 6357
780 6334
781 6342
782 5993
783 6148
784 6079
785 6119
786 5933
787 6002
788 6048
789 5998
790 5965
791 5868
792 5798
793 5955
794 6059
795 6560
796 7300
797 6900
798 6118
799 6024
800 6349
801 6141
802 5710
803 5445
804 5544
805 5373
806 5484
807 5446
808 5721
809 6140
810 6076
811 5624
812 5310
813 5201
814 5474
815 5287
816 5216
817 5056
818 5093
819 5123
820 5258
821 5359
822 5235
823 5084
824 5105
825 4965
826 5061
827 4921
828 5020
829 4875
830 4917
831 5091
832 5058
833 4878
834 5073
835 4856
836 4836
837 4915
838 5068
839 4873
840 4810
841 4825
842 4750
843 4604
844 4742
845 4919
846 4901
847 4851
848 4645
849 4628
850 4629
851 4457
852 4554
853 4545
854 4347
855 4418
856 4427
857 4413
858 4377
859 4314
860 4338
861 4318
862 4359
863 4390
864 5244
865 6084
866 5560
867 4795
868 4334
869 4318
870 4205
871 4202
872 4178
873 4322
874 4274
875 4282
876 4168
877 4153
878 4105
879 4174
880 4089
881 4126
882 4040
883 4111
884 4147
885 4069
886 4107
887 4316
888 4708
889 4852
890 4417
891 4061
892 4107
893 4442
894 5243
895 5070
896 4502
897 3985
898 3886
899 3806
900 3838
901 3995
902 3836
903 3844
904 3858
905 4084
906 4071
907 4230
908 4002
909 3911
910 3769
911 3756
912 3663
913 3750
914 3824
915 3682
916 3828
917 3821
918 4080
919 3953
920 3810
921 3847
922 3745
923 3725
924 3779
925 3734
926 3617
927 3723
928 3858
929 4308
930 4114
931 4057
932 3736
933 3647
934 3640
935 3564
936 3617
937 3579
938 3612
939 3484
940 3602
941 3497
942 3596
943 3605
944 3600
945 3563
946 3609
947 3641
948 3722
949 3945
950 4611
951 5247
952 6132
953 10295
954 18079
955 18326
956 10316
957 5150
958 4089
959 4768
960 6717
961 8684
962 7438
963 4846
964 4093
965 4414
966 6299
967 8019
968 6934
969 4886
970 4268
971 3961
972 3997
973 4625
974 5157
975 4584
976 3883
977 3542
978 3561
979 3565
980 3514
981 3476
982 3565
983 3463
984 3336
985 3514
986 3511
987 3569
988 3694
989 3690
990 3844
991 4152
992 4788
993 4875
994 4391
995 3739
996 3694
997 3723
998 3660
999 3663
1000 3755
1001 3675
1002 3776
1003 3967
1004 3828
1005 3968
1006 3898
1007 4018
1008 4206
1009 4455
1010 4705
1011 5015
1012 5472
1013 6532
1014 8450
1015 11819
1016 18527
1017 31102
1018 55837
1019 96122
1020 147339
1021 188609
1022 200546
1023 181336
1024 139590
1025 91100
1026 52890
1027 29176
1028 17542
1029 11516
1030 8602
1031 6912
1032 6324
1033 6627
1034 10729
1035 22559
1036 33453
1037 26364
1038 11732
1039 5219
1040 3997
1041 3648
1042 3499
1043 3401
1044 3446
1045 3293
1046 3616
1047 4118
1048 4149
1049 3556
1050 3142
1051 2894
1052 2741
1053 2790
1054 2787
1055 2873
1056 2973
1057 2937
1058 2918
1059 2695
1060 2616
1061 2619
1062 2522
1063 2643
1064 2510
1065 2480
1066 2493
1067 2383
1068 2424
1069 2452
1070 2506
1071 2453
1072 2436
1073 2348
1074 2465
1075 2325
1076 2346
1077 2342
1078 2300
1079 2301
1080 2384
1081 2762
1082 3180
1083 3158
1084 2757
1085 2367
1086 2227
1087 2254
1088 2190
1089 2246
1090 2472
1091 3075
1092 3577
1093 3212
1094 2478
1095 2161
1096 2226
1097 2142
1098 2154
1099 2110
1100 2113
1101 2151
1102 2161
1103 1935
1104 2086
1105 2059
1106 2115
1107 2122
1108 2071
1109 2019
1110 2082
1111 2051
1112 2187
1113 2131
1114 2045
1115 2134
1116 2034
1117 1996
1118 2053
1119 2106
1120 2218
1121 2195
1122 2147
1123 2058
1124 2127
1125 2495
1126 2655
1127 2606
1128 2358
1129 2315
1130 2598
1131 2659
1132 2579
1133 3090
1134 3282
1135 2944
1136 2452
1137 2130
1138 2118
1139 2168
1140 2315
1141 2744
1142 4488
1143 10169
1144 18621
1145 19980
1146 11441
1147 4741
1148 2590
1149 2273
1150 2282
1151 2591
1152 3917
1153 7194
1154 11042
1155 9438
1156 5126
1157 2624
1158 2099
1159 2056
1160 1990
1161 2122
1162 2137
1163 1961
1164 2024
1165 1828
1166 1916
1167 1881
1168 2022
1169 2021
1170 2024
1171 1890
1172 1912
1173 1933
1174 1870
1175 1981
1176 2114
1177 1895
1178 1796
1179 1822
1180 1793
1181 1679
1182 1778
1183 1807
1184 1816
1185 1883
1186 1774
1187 1733
1188 1726
1189 1663
1190 1839
1191 2027
1192 2143
1193 2084
1194 1938
1195 1811
1196 1803
1197 1660
1198 1639
1199 1724
1200 1722
1201 1645
1202 1746
1203 1768
1204 1785
1205 2020
1206 2409
1207 3812
1208 7471
1209 11725
1210 11859
1211 10146
1212 16821
1213 30147
1214 32195
1215 18723
1216 6620
1217 2785
1218 2040
1219 2011
1220 1873
1221 1879
1222 2070
1223 2378
1224 2441
1225 2112
1226 1736
1227 1613
1228 1670
1229 1632
1230 1699
1231 1585
1232 1603
1233 1639
1234 2028
1235 2488
1236 2936
1237 2553
1238 1947
1239 1702
1240 1632
1241 1742
1242 2141
1243 2605
1244 2730
1245 2117
1246 1656
1247 1524
1248 1443
1249 1482
1250 1449
1251 1451
1252 1405
1253 1380
1254 1395
1255 1405
1256 1358
1257 1395
1258 1339
1259 1469
1260 1490
1261 1528
1262 1468
1263 1604
1264 1869
1265 2224
1266 2245
1267 1835
1268 1536
1269 1457
1270 1365
1271 1384
1272 1280
1273 1342
1274 1306
1275 1323
1276 1349
1277 1332
1278 1318
1279 1224
1280 1270
1281 1236
1282 1236
1283 1263
1284 1242
1285 1267
1286 1325
1287 1348
1288 1512
1289 1737
1290 1649
1291 1435
1292 1277
1293 1256
1294 1195
1295 1188
1296 1174
1297 1184
1298 1169
1299 1193
1300 1171
1301 1203
1302 1165
1303 1173
1304 1190
1305 1189
1306 1197
1307 1306
1308 1180
1309 1190
1310 1181
1311 1132
1312 1158
1313 1157
1314 1069
1315 1187
1316 1141
1317 1144
1318 1080
1319 1216
1320 1127
1321 1127
1322 1094
1323 1093
1324 1178
1325 1186
1326 1214
1327 1236
1328 1455
1329 1887
1330 3176
1331 5110
1332 5693
1333 3873
1334 2246
1335 1556
1336 1480
1337 1376
1338 1246
1339 1209
1340 1130
1341 1134
1342 1121
1343 1071
1344 1031
1345 1032
1346 1077
1347 1068
1348 1083
1349 1001
1350 1044
1351 947
1352 1059
1353 1091
1354 1140
1355 1093
1356 1237
1357 1134
1358 1098
1359 1067
1360 1002
1361 1037
1362 1005
1363 1059
1364 999
1365 1071
1366 1175
1367 1286
1368 1565
1369 1626
1370 1393
1371 1093
1372 1036
1373 983
1374 1042
1375 1024
1376 978
1377 1343
1378 1669
1379 1916
1380 1685
1381 1284
1382 1036
1383 991
1384 932
1385 861
1386 905
1387 931
1388 924
1389 964
1390 847
1391 873
1392 934
1393 942
1394 1031
1395 972
1396 895
1397 828
1398 864
1399 954
1400 910
1401 825
1402 854
1403 830
1404 811
1405 859
1406 840
1407 825
1408 837
1409 819
1410 862
1411 780
1412 840
1413 894
1414 874
1415 868
1416 815
1417 840
1418 866
1419 771
1420 773
1421 794
1422 893
1423 896
1424 944
1425 852
1426 864
1427 817
1428 762
1429 764
1430 834
1431 752
1432 756
1433 757
1434 797
1435 909
1436 986
1437 1197
1438 1237
1439 1072
1440 860
1441 809
1442 746
1443 714
1444 694
1445 712
1446 745
1447 688
1448 697
1449 685
1450 768
1451 719
1452 706
1453 759
1454 742
1455 754
1456 756
1457 763
1458 774
1459 693
1460 756
1461 667
1462 642
1463 700
1464 684
1465 627
1466 720
1467 663
1468 681
1469 647
1470 688
1471 664
1472 735
1473 732
1474 683
1475 680
1476 649
1477 728
1478 737
1479 717
1480 720
1481 684
1482 683
1483 741
1484 715
1485 644
1486 685
1487 664
1488 656
1489 630
1490 656
1491 601
1492 614
1493 660
1494 656
1495 675
1496 659
1497 643
1498 621
1499 682
1500 692
1501 674
1502 695
1503 728
1504 735
1505 627
1506 689
1507 690
1508 709
1509 663
1510 663
1511 659
1512 561
1513 669
1514 600
1515 626
1516 621
1517 590
1518 620
1519 628
1520 572
1521 587
1522 624
1523 597
1524 612
1525 603
1526 636
1527 606
1528 622
1529 640
1530 620
1531 628
1532 585
1533 624
1534 640
1535 605
1536 557
1537 593
1538 619
1539 602
1540 663
1541 663
1542 644
1543 644
1544 691
1545 730
1546 837
1547 1047
1548 1070
1549 967
1550 707
1551 714
1552 643
1553 652
1554 779
1555 1003
1556 1031
1557 837
1558 740
1559 718
1560 695
1561 737
1562 801
1563 1089
1564 1829
1565 4115
1566 8643
1567 12821
1568 12525
1569 8184
1570 4025
1571 1867
1572 1046
1573 774
1574 697
1575 674
1576 604
1577 618
1578 612
1579 595
1580 602
1581 582
1582 547
1583 563
1584 539
1585 564
1586 551
1587 550
1588 499
1589 514
1590 474
1591 561
1592 497
1593 533
1594 467
1595 524
1596 547
1597 575
1598 532
1599 511
1600 512
1601 501
1602 571
1603 571
1604 550
1605 493
1606 496
1607 512
1608 515
1609 528
1610 523
1611 533
1612 483
1613 469
1614 504
1615 498
1616 501
1617 490
1618 522
1619 564
1620 592
1621 535
1622 549
1623 552
1624 545
1625 471
1626 452
1627 526
1628 499
1629 566
1630 656
1631 826
1632 888
1633 762
1634 556
1635 479
1636 427
1637 534
1638 571
1639 608
1640 560
1641 540
1642 463
1643 466
1644 476
1645 458
1646 477
1647 463
1648 502
1649 585
1650 597
1651 523
1652 651
1653 823
1654 1408
1655 2941
1656 4961
1657 6051
1658 4598
1659 2394
1660 1082
1661 668
1662 541
1663 558
1664 534
1665 521
1666 487
1667 487
1668 547
1669 640
1670 631
1671 613
1672 505
1673 442
1674 467
1675 452
1676 431
1677 436
1678 462
1679 440
1680 443
1681 470
1682 462
1683 526
1684 437
1685 460
1686 455
1687 454
1688 494
1689 597
1690 681
1691 686
1692 771
1693 714
1694 567
1695 442
1696 383
1697 426
1698 396
1699 372
1700 419
1701 379
1702 401
1703 381
1704 402
1705 422
1706 410
1707 370
1708 368
1709 402
1710 399
1711 399
1712 425
1713 410
1714 431
1715 452
1716 565
1717 566
1718 541
1719 487
1720 391
1721 407
1722 414
1723 438
1724 522
1725 461
1726 464
1727 396
1728 406
1729 377
1730 398
1731 396
1732 388
1733 451
1734 508
1735 547
1736 504
1737 499
1738 549
1739 664
1740 965
1741 1971
1742 3124
1743 3577
1744 2668
1745 1419
1746 749
1747 580
1748 672
1749 714
1750 661
1751 548
1752 489
1753 438
1754 442
1755 452
1756 404
1757 358
1758 419
1759 373
1760 401
1761 364
1762 377
1763 348
1764 365
1765 349
1766 346
1767 330
1768 349
1769 325
1770 335
1771 344
1772 335
1773 330
1774 371
1775 365
1776 358
1777 391
1778 356
1779 315
1780 360
1781 338
1782 322
1783 400
1784 352
1785 356
1786 334
1787 366
1788 392
1789 396
1790 381
1791 331
1792 329
1793 328
1794 344
1795 315
1796 355
1797 344
1798 328
1799 341
1800 344
1801 358
1802 356
1803 352
1804 386
1805 348
1806 373
1807 383
1808 442
1809 613
1810 1020
1811 1658
1812 1896
1813 1480
1814 850
1815 510
1816 356
1817 335
1818 308
1819 323
1820 325
1821 360
1822 363
1823 346
1824 364
1825 342
1826 348
1827 329
1828 303
1829 315
1830 366
1831 351
1832 317
1833 351
1834 313
1835 303
1836 311
1837 281
1838 390
1839 382
1840 374
1841 331
1842 333
1843 342
1844 321
1845 294
1846 323
1847 352
1848 322
1849 383
1850 379
1851 378
1852 354
1853 354
1854 321
1855 292
1856 328
1857 294
1858 301
1859 298
1860 304
1861 349
1862 325
1863 312
1864 292
1865 310
1866 346
1867 303
1868 343
1869 331
1870 283
1871 325
1872 306
1873 329
1874 278
1875 315
1876 285
1877 303
1878 303
1879 294
1880 305
1881 284
1882 280
1883 277
1884 289
1885 277
1886 366
1887 339
1888 364
1889 350
1890 277
1891 299
1892 280
1893 291
1894 314
1895 293
1896 312
1897 288
1898 335
1899 318
1900 362
1901 409
1902 462
1903 417
1904 344
1905 274
1906 296
1907 271
1908 283
1909 288
1910 290
1911 260
1912 285
1913 276
1914 258
1915 299
1916 290
1917 285
1918 293
1919 272
1920 303
1921 293
1922 309
1923 330
1924 315
1925 302
1926 326
1927 358
1928 435
1929 500
1930 569
1931 500
1932 405
1933 310
1934 319
1935 288
1936 286
1937 268
1938 289
1939 239
1940 307
1941 316
1942 305
1943 361
1944 380
1945 445
1946 353
1947 307
1948 282
1949 253
1950 262
1951 277
1952 287
1953 278
1954 249
1955 276
1956 287
1957 301
1958 261
1959 249
1960 247
1961 270
1962 275
1963 265
1964 286
1965 294
1966 349
1967 423
1968 416
1969 382
1970 370
1971 297
1972 279
1973 278
1974 243
1975 274
1976 249
1977 326
1978 422
1979 572
1980 625
1981 616
1982 451
1983 317
1984 257
1985 256
1986 270
1987 281
1988 255
1989 264
1990 244
1991 278
1992 262
1993 266
1994 256
1995 269
1996 225
1997 263
1998 240
1999 269
2000 271
2001 252
2002 243
2003 278
2004 256
2005 217
2006 212
2007 262
2008 297
2009 272
2010 276
2011 280
2012 232
2013 224
2014 219
2015 243
2016 237
2017 236
2018 264
2019 281
2020 245
2021 237
2022 265
2023 224
2024 238
2025 276
2026 245
2027 249
2028 236
2029 261
2030 256
2031 277
2032 306
2033 325
2034 259
2035 305
2036 268
2037 276
2038 283
2039 261
2040 279
2041 267
2042 306
2043 283
2044 300
2045 277
2046 269
2047 251
2048 222
2049 222
2050 245
2051 204
2052 221
2053 235
2054 199
2055 210
2056 228
2057 199
2058 217
2059 207
2060 209
2061 190
2062 219
2063 208
2064 190
2065 206
2066 204
2067 202
2068 194
2069 198
2070 214
2071 192
2072 220
2073 192
2074 213
2075 241
2076 229
2077 236
2078 240
2079 221
2080 198
2081 224
2082 176
2083 204
2084 207
2085 220
2086 211
2087 223
2088 223
2089 233
2090 258
2091 262
2092 211
2093 217
2094 218
2095 225
2096 196
2097 236
2098 197
2099 190
2100 196
2101 216
2102 220
2103 236
2104 249
2105 228
2106 237
2107 184
2108 184
2109 174
2110 184
2111 178
2112 178
2113 189
2114 164
2115 172
2116 186
2117 178
2118 175
2119 187
2120 214
2121 197
2122 219
2123 241
2124 235
2125 202
2126 206
2127 192
2128 208
2129 173
2130 165
2131 196
2132 206
2133 192
2134 193
2135 182
2136 164
2137 199
2138 180
2139 172
2140 176
2141 170
2142 175
2143 194
2144 187
2145 202
2146 217
2147 210
2148 193
2149 172
2150 171
2151 197
2152 182
2153 209
2154 217
2155 220
2156 172
2157 196
2158 190
2159 179
2160 190
2161 212
2162 211
2163 207
2164 195
2165 192
2166 171
2167 190
2168 211
2169 212
2170 208
2171 215
2172 223
2173 200
2174 204
2175 182
2176 180
2177 166
2178 183
2179 197
2180 173
2181 237
2182 285
2183 285
2184 286
2185 276
2186 207
2187 186
2188 208
2189 202
2190 169
2191 168
2192 161
2193 146
2194 166
2195 168
2196 190
2197 179
2198 209
2199 241
2200 235
2201 233
2202 202
2203 223
2204 171
2205 166
2206 171
2207 172
2208 163
2209 151
2210 177
2211 143
2212 183
2213 167
2214 157
2215 188
2216 184
2217 174
2218 163
2219 176
2220 164
2221 173
2222 157
2223 154
2224 171
2225 157
2226 147
2227 173
2228 162
2229 168
2230 173
2231 144
2232 164
2233 167
2234 151
2235 173
2236 154
2237 137
2238 125
2239 152
2240 162
2241 186
2242 150
2243 167
2244 140
2245 151
2246 136
2247 165
2248 128
2249 137
2250 174
2251 165
2252 152
2253 164
2254 177
2255 186
2256 202
2257 202
2258 215
2259 191
2260 185
2261 213
2262 172
2263 131
2264 148
2265 165
2266 138
2267 147
2268 160
2269 146
2270 148
2271 154
2272 154
2273 141
2274 157
2275 136
2276 168
2277 173
2278 197
2279 183
2280 196
2281 166
2282 143
2283 171
2284 145
2285 152
2286 137
2287 152
2288 138
2289 149
2290 156
2291 159
2292 150
2293 172
2294 154
2295 196
2296 218
2297 314
2298 481
2299 563
2300 540
2301 433
2302 291
2303 199
2304 205
2305 208
2306 195
2307 190
2308 190
2309 215
2310 205
2311 217
2312 171
2313 165
2314 169
2315 143
2316 140
2317 174
2318 156
2319 146
2320 171
2321 146
2322 161
2323 140
2324 144
2325 133
2326 132
2327 152
2328 158
2329 130
2330 128
2331 147
2332 160
2333 129
2334 184
2335 179
2336 178
2337 181
2338 192
2339 185
2340 214
2341 230
2342 281
2343 313
2344 306
2345 283
2346 249
2347 291
2348 291
2349 247
2350 222
2351 160
2352 170
2353 145
2354 143
2355 160
2356 169
2357 157
2358 168
2359 156
2360 181
2361 162
2362 186
2363 197
2364 236
2365 373
2366 539
2367 808
2368 905
2369 817
2370 575
2371 322
2372 235
2373 181
2374 154
2375 174
2376 123
2377 165
2378 167
2379 149
2380 169
2381 183
2382 172
2383 160
2384 155
2385 138
2386 157
2387 127
2388 164
2389 153
2390 147
2391 202
2392 207
2393 208
2394 173
2395 179
2396 194
2397 202
2398 244
2399 327
2400 293
2401 271
2402 262
2403 175
2404 126
2405 129
2406 140
2407 143
2408 108
2409 167
2410 138
2411 166
2412 160
2413 167
2414 156
2415 172
2416 162
2417 187
2418 159
2419 164
2420 178
2421 173
2422 197
2423 238
2424 231
2425 258
2426 261
2427 279
2428 269
2429 223
2430 200
2431 161
2432 162
2433 137
2434 171
2435 138
2436 143
2437 145
2438 137
2439 138
2440 151
2441 157
2442 153
2443 163
2444 149
2445 150
2446 140
2447 117
2448 131
2449 140
2450 138
2451 120
2452 129
2453 137
2454 140
2455 128
2456 139
2457 132
2458 132
2459 156
2460 147
2461 130
2462 145
2463 163
2464 185
2465 214
2466 242
2467 266
2468 209
2469 180
2470 161
2471 131
2472 160
2473 141
2474 151
2475 127
2476 153
2477 148
2478 152
2479 151
2480 126
2481 142
2482 149
2483 159
2484 136
2485 121
2486 160
2487 149
2488 154
2489 171
2490 192
2491 180
2492 147
2493 136
2494 137
2495 142
2496 134
2497 171
2498 151
2499 159
2500 151
2501 186
2502 159
2503 194
2504 183
2505 141
2506 143
2507 137
2508 130
2509 149
2510 137
2511 133
2512 124
2513 138
2514 154
2515 199
2516 190
2517 233
2518 180
2519 155
2520 150
2521 124
2522 146
2523 142
2524 158
2525 130
2526 120
2527 129
2528 145
2529 165
2530 146
2531 142
2532 132
2533 151
2534 141
2535 141
2536 130
2537 117
2538 137
2539 118
2540 173
2541 138
2542 137
2543 153
2544 142
2545 138
2546 138
2547 137
2548 132
2549 121
2550 144
2551 142
2552 153
2553 164
2554 155
2555 166
2556 166
2557 167
2558 127
2559 140
2560 134
2561 116
2562 135
2563 139
2564 142
2565 129
2566 140
2567 136
2568 135
2569 132
2570 146
2571 126
2572 145
2573 187
2574 195
2575 202
2576 195
2577 174
2578 160
2579 130
2580 123
2581 139
2582 119
2583 114
2584 113
2585 134
2586 128
2587 142
2588 153
2589 174
2590 146
2591 125
2592 120
2593 123
2594 103
2595 95
2596 131
2597 140
2598 165
2599 160
2600 136
2601 138
2602 131
2603 131
2604 128
2605 123
2606 127
2607 107
2608 136
2609 127
2610 115
2611 121
2612 115
2613 96
2614 121
2615 98
2616 111
2617 121
2618 109
2619 155
2620 128
2621 139
2622 100
2623 116
2624 113
2625 127
2626 150
2627 127
2628 143
2629 147
2630 106
2631 144
2632 119
2633 124
2634 123
2635 144
2636 124
2637 123
2638 108
2639 110
2640 124
2641 131
2642 122
2643 149
2644 132
2645 120
2646 120
2647 105
2648 100
2649 123
2650 85
2651 105
2652 113
2653 115
2654 98
2655 108
2656 112
2657 107
2658 97
2659 112
2660 121
2661 100
2662 101
2663 106
2664 95
2665 105
2666 124
2667 115
2668 126
2669 112
2670 124
2671 110
2672 96
2673 116
2674 123
2675 98
2676 99
2677 103
2678 103
2679 95
2680 100
2681 109
2682 104
2683 116
2684 94
2685 106
2686 112
2687 113
2688 112
2689 115
2690 88
2691 97
2692 108
2693 125
2694 106
2695 111
2696 144
2697 130
2698 125
2699 125
2700 105
2701 112
2702 110
2703 94
2704 123
2705 109
2706 115
2707 109
2708 89
2709 87
2710 106
2711 97
2712 97
2713 89
2714 95
2715 100
2716 107
2717 110
2718 100
2719 96
2720 107
2721 107
2722 109
2723 124
2724 138
2725 158
2726 135
2727 137
2728 111
2729 101
2730 92
2731 106
2732 112
2733 91
2734 106
2735 102
2736 97
2737 114
2738 99
2739 125
2740 90
2741 104
2742 101
2743 82
2744 90
2745 93
2746 89
2747 102
2748 90
2749 107
2750 95
2751 132
2752 190
2753 219
2754 230
2755 195
2756 186
2757 163
2758 110
2759 107
2760 97
2761 102
2762 69
2763 75
2764 75
2765 78
2766 77
2767 90
2768 72
2769 67
2770 86
2771 78
2772 86
2773 77
2774 79
2775 78
2776 73
2777 79
2778 83
2779 85
2780 89
2781 80
2782 89
2783 80
2784 81
2785 90
2786 86
2787 82
2788 97
2789 84
2790 103
2791 96
2792 85
2793 97
2794 94
2795 103
2796 85
2797 100
2798 88
2799 82
2800 66
2801 76
2802 92
2803 82
2804 71
2805 87
2806 89
2807 96
2808 100
2809 87
2810 80
2811 100
2812 74
2813 91
2814 96
2815 99
2816 80
2817 87
2818 68
2819 53
2820 84
2821 65
2822 80
2823 71
2824 81
2825 68
2826 70
2827 65
2828 76
2829 60
2830 72
2831 76
2832 69
2833 72
2834 75
2835 70
2836 73
2837 76
2838 69
2839 67
2840 84
2841 89
2842 82
2843 74
2844 88
2845 75
2846 109
2847 110
2848 121
2849 139
2850 125
2851 104
2852 109
2853 86
2854 74
2855 85
2856 81
2857 82
2858 88
2859 69
2860 97
2861 110
2862 115
2863 134
2864 193
2865 170
2866 167
2867 107
2868 75
2869 82
2870 78
2871 80
2872 87
2873 79
2874 79
2875 72
2876 66
2877 87
2878 86
2879 99
2880 88
2881 82
2882 87
2883 61
2884 70
2885 72
2886 69
2887 72
2888 60
2889 69
2890 65
2891 61
2892 57
2893 76
2894 66
2895 76
2896 68
2897 58
2898 87
2899 72
2900 66
2901 63
2902 66
2903 60
2904 74
2905 65
2906 66
2907 63
2908 69
2909 61
2910 79
2911 84
2912 70
2913 65
2914 50
2915 78
2916 70
2917 65
2918 71
2919 66
2920 73
2921 69
2922 63
2923 76
2924 60
2925 78
2926 66
2927 88
2928 88
2929 127
2930 136
2931 157
2932 167
2933 168
2934 157
2935 146
2936 103
2937 84
2938 54
2939 69
2940 65
2941 69
2942 82
2943 66
2944 75
2945 87
2946 76
2947 73
2948 73
2949 67
2950 59
2951 55
2952 64
2953 62
2954 77
2955 59
2956 58
2957 41
2958 52
2959 60
2960 63
2961 56
2962 61
2963 78
2964 63
2965 95
2966 94
2967 103
2968 100
2969 92
2970 72
2971 56
2972 72
2973 65
2974 66
2975 72
2976 84
2977 59
2978 56
2979 70
2980 71
2981 63
2982 69
2983 72
2984 68
2985 109
2986 111
2987 169
2988 229
2989 267
2990 295
2991 279
2992 182
2993 137
2994 106
2995 83
2996 130
2997 127
2998 204
2999 318
3000 390
3001 454
3002 399
3003 328
3004 181
3005 117
3006 72
3007 75
3008 69
3009 71
3010 64
3011 60
3012 55
3013 65
3014 65
3015 76
3016 76
3017 65
3018 49
3019 57
3020 50
3021 46
3022 42
3023 67
3024 61
3025 53
3026 45
3027 46
3028 52
3029 64
3030 43
3031 51
3032 52
3033 37
3034 48
3035 60
3036 61
3037 52
3038 71
3039 65
3040 62
3041 71
3042 117
3043 85
3044 93
3045 76
3046 64
3047 62
3048 63
3049 87
3050 98
3051 160
3052 210
3053 232
3054 232
3055 155
3056 124
3057 62
3058 46
3059 56
3060 66
3061 50
3062 59
3063 58
3064 59
3065 60
3066 40
3067 65
3068 66
3069 51
3070 58
3071 56
3072 50
3073 56
3074 42
3075 51
3076 67
3077 33
3078 54
3079 55
3080 58
3081 55
3082 47
3083 53
3084 47
3085 61
3086 48
3087 51
3088 61
3089 62
3090 65
3091 53
3092 47
3093 57
3094 40
3095 39
3096 51
3097 56
3098 48
3099 62
3100 46
3101 46
3102 47
3103 64
3104 59
3105 57
3106 75
3107 87
3108 113
3109 150
3110 179
3111 160
3112 137
3113 93
3114 70
3115 81
3116 84
3117 80
3118 75
3119 70
3120 85
3121 82
3122 94
3123 62
3124 55
3125 51
3126 53
3127 45
3128 51
3129 40
3130 42
3131 46
3132 47
3133 48
3134 39
3135 66
3136 44
3137 63
3138 47
3139 43
3140 44
3141 40
3142 50
3143 52
3144 52
3145 51
3146 64
3147 64
3148 69
3149 65
3150 52
3151 38
3152 58
3153 46
3154 47
3155 52
3156 35
3157 56
3158 39
3159 58
3160 42
3161 51
3162 38
3163 55
3164 50
3165 86
3166 89
3167 140
3168 196
3169 208
3170 187
3171 178
3172 141
3173 80
3174 55
3175 38
3176 44
3177 48
3178 60
3179 43
3180 49
3181 44
3182 60
3183 75
3184 59
3185 77
3186 86
3187 99
3188 127
3189 187
3190 366
3191 510
3192 607
3193 610
3194 510
3195 326
3196 206
3197 97
3198 58
3199 67
3200 49
3201 44
3202 50
3203 53
3204 55
3205 43
3206 44
3207 36
3208 46
3209 42
3210 48
3211 43
3212 51
3213 46
3214 55
3215 53
3216 56
3217 58
3218 47
3219 51
3220 56
3221 39
3222 42
3223 51
3224 44
3225 41
3226 45
3227 54
3228 38
3229 33
3230 41
3231 35
3232 44
3233 29
3234 36
3235 37
3236 50
3237 38
3238 54
3239 53
3240 43
3241 47
3242 48
3243 48
3244 42
3245 37
3246 36
3247 47
3248 38
3249 42
3250 24
3251 32
3252 39
3253 37
3254 32
3255 39
3256 34
3257 36
3258 39
3259 35
3260 30
3261 32
3262 34
3263 41
3264 39
3265 24
3266 39
3267 36
3268 35
3269 29
3270 42
3271 54
3272 55
3273 64
3274 70
3275 55
3276 62
3277 45
3278 37
3279 40
3280 63
3281 50
3282 44
3283 50
3284 36
3285 32
3286 41
3287 36
3288 27
3289 45
3290 26
3291 40
3292 38
3293 43
3294 38
3295 48
3296 35
3297 26
3298 36
3299 41
3300 34
3301 35
3302 41
3303 43
3304 54
3305 51
3306 64
3307 67
3308 52
3309 54
3310 60
3311 37
3312 29
3313 41
3314 33
3315 42
3316 55
3317 50
3318 54
3319 35
3320 45
3321 35
3322 32
3323 28
3324 39
3325 54
3326 45
3327 68
3328 83
3329 83
3330 89
3331 74
3332 44
3333 36
3334 37
3335 35
3336 29
3337 32
3338 37
3339 37
3340 42
3341 31
3342 33
3343 38
3344 31
3345 30
3346 35
3347 34
3348 36
3349 21
3350 41
3351 40
3352 40
3353 41
3354 34
3355 46
3356 41
3357 49
3358 62
3359 32
3360 29
3361 26
3362 24
3363 30
3364 29
3365 39
3366 47
3367 38
3368 41
3369 37
3370 42
3371 41
3372 36
3373 26
3374 39
3375 35
3376 29
3377 35
3378 32
3379 33
3380 19
3381 34
3382 54
3383 30
3384 33
3385 37
3386 30
3387 33
3388 29
3389 26
3390 29
3391 32
3392 37
3393 44
3394 47
3395 47
3396 42
3397 56
3398 43
3399 27
3400 30
3401 37
3402 42
3403 25
3404 31
3405 31
3406 26
3407 28
3408 29
3409 39
3410 41
3411 29
3412 36
3413 35
3414 33
3415 36
3416 35
3417 28
3418 21
3419 23
3420 28
3421 30
3422 42
3423 28
3424 30
3425 35
3426 26
3427 40
3428 37
3429 28
3430 37
3431 22
3432 30
3433 37
3434 35
3435 37
3436 47
3437 53
3438 59
3439 86
3440 102
3441 120
3442 86
3443 64
3444 48
3445 44
3446 38
3447 40
3448 34
3449 30
3450 32
3451 35
3452 36
3453 36
3454 37
3455 39
3456 26
3457 34
3458 35
3459 41
3460 42
3461 35
3462 63
3463 89
3464 74
3465 69
3466 76
3467 48
3468 45
3469 26
3470 30
3471 25
3472 32
3473 25
3474 30
3475 29
3476 27
3477 26
3478 33
3479 23
3480 28
3481 24
3482 26
3483 19
3484 20
3485 30
3486 20
3487 26
3488 16
3489 23
3490 27
3491 27
3492 20
3493 27
3494 13
3495 22
3496 30
3497 31
3498 27
3499 25
3500 24
3501 21
3502 38
3503 39
3504 29
3505 15
3506 23
3507 22
3508 24
3509 20
3510 26
3511 22
3512 32
3513 22
3514 23
3515 29
3516 22
3517 25
3518 17
3519 30
3520 31
3521 17
3522 27
3523 22
3524 22
3525 25
3526 22
3527 27
3528 27
3529 35
3530 34
3531 29
3532 54
3533 54
3534 78
3535 82
3536 98
3537 85
3538 72
3539 112
3540 76
3541 71
3542 61
3543 42
3544 37
3545 38
3546 38
3547 32
3548 40
3549 39
3550 31
3551 29
3552 26
3553 36
3554 20
3555 20
3556 19
3557 28
3558 24
3559 28
3560 34
3561 46
3562 46
3563 69
3564 66
3565 63
3566 60
3567 44
3568 46
3569 19
3570 14
3571 28
3572 19
3573 13
3574 20
3575 26
3576 23
3577 28
3578 22
3579 22
3580 22
3581 21
3582 25
3583 18
3584 23
3585 14
3586 17
3587 18
3588 22
3589 22
3590 24
3591 25
3592 22
3593 26
3594 21
3595 21
3596 25
3597 31
3598 25
3599 22
3600 29
3601 27
3602 20
3603 19
3604 16
3605 26
3606 16
3607 19
3608 24
3609 19
3610 20
3611 13
3612 22
3613 19
3614 14
3615 23
3616 13
3617 25
3618 20
3619 20
3620 18
3621 20
3622 22
3623 24
3624 16
3625 18
3626 11
3627 19
3628 18
3629 19
3630 17
3631 15
3632 16
3633 15
3634 16
3635 17
3636 20
3637 16
3638 15
3639 19
3640 24
3641 26
3642 12
3643 30
3644 21
3645 26
3646 18
3647 25
3648 21
3649 23
3650 20
3651 11
3652 19
3653 23
3654 16
3655 20
3656 18
3657 21
3658 26
3659 27
3660 19
3661 16
3662 27
3663 15
3664 20
3665 17
3666 16
3667 15
3668 21
3669 31
3670 10
3671 21
3672 20
3673 33
3674 31
3675 31
3676 26
3677 20
3678 21
3679 27
3680 16
3681 23
3682 29
3683 20
3684 19
3685 15
3686 20
3687 21
3688 14
3689 16
3690 14
3691 9
3692 18
3693 22
3694 13
3695 23
3696 16
3697 25
3698 18
3699 18
3700 27
3701 24
3702 42
3703 32
3704 38
3705 38
3706 44
3707 28
3708 33
3709 13
3710 20
3711 10
3712 22
3713 14
3714 22
3715 19
3716 21
3717 17
3718 16
3719 17
3720 14
3721 19
3722 21
3723 15
3724 13
3725 16
3726 13
3727 23
3728 13
3729 19
3730 13
3731 29
3732 24
3733 14
3734 14
3735 15
3736 13
3737 13
3738 19
3739 16
3740 32
3741 17
3742 14
3743 9
3744 14
3745 19
3746 23
3747 25
3748 12
3749 20
3750 21
3751 13
3752 16
3753 23
3754 25
3755 29
3756 14
3757 11
3758 11
3759 17
3760 13
3761 13
3762 15
3763 18
3764 17
3765 14
3766 27
3767 16
3768 15
3769 16
3770 27
3771 22
3772 43
3773 51
3774 60
3775 74
3776 68
3777 47
3778 31
3779 28
3780 23
3781 11
3782 20
3783 15
3784 19
3785 22
3786 13
3787 13
3788 16
3789 15
3790 14
3791 14
3792 19
3793 17
3794 13
3795 14
3796 18
3797 21
3798 20
3799 24
3800 21
3801 14
3802 18
3803 13
3804 16
3805 12
3806 19
3807 15
3808 19
3809 17
3810 23
3811 14
3812 15
3813 18
3814 9
3815 11
3816 11
3817 16
3818 17
3819 15
3820 23
3821 19
3822 20
3823 11
3824 4
3825 11
3826 15
3827 9
3828 11
3829 9
3830 8
3831 19
3832 18
3833 15
3834 10
3835 13
3836 16
3837 16
3838 9
3839 11
3840 9
3841 9
3842 15
3843 10
3844 9
3845 12
3846 15
3847 23
3848 10
3849 11
3850 11
3851 6
3852 7
3853 17
3854 13
3855 7
3856 20
3857 9
3858 15
3859 12
3860 20
3861 21
3862 27
3863 29
3864 34
3865 26
3866 22
3867 14
3868 12
3869 15
3870 14
3871 8
3872 15
3873 6
3874 8
3875 12
3876 15
3877 12
3878 18
3879 12
3880 12
3881 11
3882 17
3883 25
3884 32
3885 22
3886 15
3887 13
3888 15
3889 14
3890 6
3891 11
3892 14
3893 12
3894 6
3895 16
3896 7
3897 16
3898 11
3899 3
3900 10
3901 7
3902 10
3903 13
3904 12
3905 10
3906 12
3907 7
3908 10
3909 12
3910 6
3911 11
3912 12
3913 10
3914 8
3915 7
3916 10
3917 17
3918 21
3919 29
3920 23
3921 27
3922 15
3923 27
3924 24
3925 22
3926 17
3927 18
3928 14
3929 25
3930 7
3931 5
3932 12
3933 13
3934 9
3935 14
3936 10
3937 15
3938 6
3939 4
3940 10
3941 8
3942 13
3943 10
3944 18
3945 11
3946 6
3947 10
3948 12
3949 7
3950 7
3951 9
3952 7
3953 7
3954 7
3955 2
3956 8
3957 13
3958 12
3959 9
3960 10
3961 11
3962 10
3963 10
3964 10
3965 2
3966 6
3967 17
3968 6
3969 6
3970 7
3971 4
3972 4
3973 8
3974 2
3975 9
3976 8
3977 5
3978 6
3979 10
3980 13
3981 5
3982 8
3983 10
3984 12
3985 9
3986 12
3987 11
3988 23
3989 16
3990 27
3991 39
3992 15
3993 22
3994 11
3995 11
3996 5
3997 5
3998 12
3999 8
4000 4
4001 7
4002 7
4003 12
4004 8
4005 10
4006 9
4007 12
4008 8
4009 9
4010 4
4011 7
4012 5
4013 5
4014 10
4015 14
4016 10
4017 6
4018 9
4019 6
4020 9
4021 6
4022 8
4023 6
4024 5
4025 2
4026 12
4027 8
4028 13
4029 11
4030 7
4031 18
4032 17
4033 32
4034 47
4035 61
4036 56
4037 71
4038 74
4039 41
4040 28
4041 20
4042 12
4043 10
4044 6
4045 6
4046 10
4047 4
4048 6
4049 3
4050 7
4051 8
4052 6
4053 5
4054 10
4055 9
4056 7
4057 19
4058 17
4059 13
4060 13
4061 25
4062 22
4063 7
4064 12
4065 9
4066 10
4067 2
4068 6
4069 13
4070 11
4071 8
4072 9
4073 7
4074 5
4075 4
4076 9
4077 8
4078 15
4079 8
4080 9
4081 8
4082 13
4083 10
4084 12
4085 19
4086 17
4087 33
4088 32
4089 35
4090 35
4091 31
4092 17
4093 11
4094 11
4095 5
End
