ASCII channel-by-channel listing for 290_016.18
1139 - 57 - 465 started 2018-10-17 05:19:14.0 on counter 76
Generated Oct 17 2018 16.53.50, CRNG database/web system
Channel Data
0 300
1 345
2 0
3 0
4 0
5 0
6 0
7 0
8 0
9 0
10 0
11 0
12 0
13 0
14 0
15 0
16 0
17 0
18 0
19 0
20 0
21 0
22 0
23 0
24 0
25 0
26 0
27 0
28 0
29 0
30 0
31 0
32 0
33 0
34 0
35 0
36 0
37 0
38 0
39 0
40 0
41 0
42 0
43 0
44 0
45 0
46 0
47 0
48 0
49 0
50 0
51 0
52 0
53 0
54 0
55 0
56 0
57 0
58 0
59 0
60 0
61 0
62 0
63 0
64 0
65 0
66 0
67 0
68 0
69 0
70 0
71 0
72 0
73 0
74 0
75 0
76 0
77 0
78 0
79 0
80 31
81 264
82 1090
83 3386
84 16283
85 25137
86 24721
87 24723
88 24934
89 25075
90 24649
91 24831
92 24461
93 24576
94 24420
95 24138
96 23986
97 23984
98 24048
99 23769
100 23649
101 23720
102 23723
103 23899
104 23629
105 23283
106 23208
107 23218
108 23171
109 23125
110 23031
111 22761
112 22894
113 22925
114 23053
115 22719
116 23089
117 23055
118 23109
119 22477
120 22478
121 22454
122 23016
123 22642
124 22681
125 22419
126 22556
127 22094
128 22598
129 22542
130 22963
131 22617
132 22688
133 22524
134 22798
135 22603
136 22435
137 22591
138 22660
139 22691
140 22797
141 22696
142 22768
143 22658
144 23041
145 23676
146 24285
147 23265
148 22917
149 23724
150 25712
151 23978
152 22425
153 22518
154 22788
155 22823
156 22498
157 22840
158 22854
159 22924
160 22892
161 23190
162 23117
163 23240
164 23336
165 23687
166 23505
167 23817
168 23771
169 25020
170 25879
171 24856
172 24501
173 26223
174 29115
175 26792
176 26463
177 30440
178 29940
179 25931
180 25004
181 25010
182 25346
183 25429
184 25361
185 25501
186 25382
187 25886
188 25719
189 25942
190 26417
191 26300
192 26652
193 26577
194 26938
195 27108
196 27184
197 27187
198 27697
199 27505
200 27558
201 28085
202 28140
203 28355
204 28618
205 28738
206 28816
207 28941
208 29074
209 29554
210 29358
211 29761
212 29815
213 29833
214 29927
215 30498
216 30808
217 30751
218 31026
219 30595
220 31301
221 31377
222 31673
223 31407
224 31686
225 31962
226 31936
227 32140
228 32334
229 32792
230 32583
231 32950
232 33353
233 33123
234 33733
235 35240
236 38958
237 37357
238 40865
239 52434
240 44008
241 35423
242 34134
243 34348
244 34699
245 34238
246 34607
247 35184
248 35789
249 34757
250 34815
251 34705
252 34857
253 34756
254 34852
255 35200
256 35448
257 35429
258 35667
259 35850
260 36699
261 38590
262 38253
263 37529
264 37466
265 38222
266 39072
267 38160
268 37466
269 37341
270 36751
271 37133
272 37421
273 36785
274 36747
275 36777
276 36517
277 36752
278 36730
279 36871
280 37074
281 37080
282 36806
283 36753
284 36630
285 36410
286 36378
287 35882
288 35785
289 35849
290 35860
291 36173
292 35915
293 35747
294 35635
295 35432
296 35513
297 35112
298 34788
299 34688
300 34316
301 34751
302 34391
303 33837
304 33678
305 33897
306 33770
307 33751
308 33654
309 33634
310 33083
311 33025
312 33119
313 33046
314 32986
315 32932
316 32664
317 32520
318 32566
319 31985
320 31796
321 31901
322 32127
323 31787
324 32309
325 32643
326 31896
327 31399
328 31611
329 31089
330 31046
331 31189
332 31447
333 31077
334 30672
335 30902
336 30977
337 31267
338 31932
339 31961
340 31805
341 31802
342 31863
343 32008
344 32208
345 32358
346 32131
347 32757
348 32242
349 32507
350 32406
351 32162
352 32188
353 32368
354 32444
355 32868
356 33338
357 33255
358 32973
359 32599
360 32090
361 32262
362 32365
363 32336
364 32101
365 32003
366 32014
367 31705
368 31666
369 31410
370 31581
371 31007
372 31048
373 31441
374 31216
375 30934
376 30702
377 30284
378 30052
379 30015
380 29880
381 29684
382 29504
383 29349
384 28977
385 28597
386 28909
387 28871
388 28322
389 28232
390 27927
391 27679
392 27817
393 27763
394 27354
395 26918
396 27202
397 26849
398 27053
399 26669
400 26526
401 26771
402 26591
403 25897
404 25627
405 25771
406 25253
407 25008
408 25168
409 25163
410 25757
411 31227
412 63805
413 110858
414 76179
415 32778
416 25025
417 24374
418 23754
419 23124
420 23115
421 22985
422 22689
423 22395
424 22416
425 22172
426 22038
427 22059
428 21635
429 21581
430 21315
431 21467
432 21835
433 21646
434 21233
435 20916
436 20650
437 20554
438 20513
439 20564
440 20668
441 20418
442 20684
443 20207
444 19998
445 19593
446 19605
447 19593
448 19706
449 19699
450 19275
451 19327
452 19392
453 19192
454 19096
455 19040
456 18962
457 18820
458 18754
459 18606
460 18787
461 18549
462 18309
463 18054
464 18404
465 18417
466 18219
467 18098
468 18220
469 18234
470 18117
471 18005
472 17823
473 18083
474 17942
475 17807
476 17631
477 17854
478 17567
479 17606
480 17492
481 17553
482 17594
483 17409
484 17681
485 17518
486 17426
487 17344
488 17052
489 17341
490 17047
491 17126
492 17154
493 17246
494 17102
495 17208
496 16896
497 17203
498 17183
499 16983
500 17046
501 16990
502 16855
503 17100
504 17096
505 16876
506 17252
507 19673
508 27563
509 30342
510 22219
511 17714
512 16972
513 16937
514 16878
515 16715
516 16645
517 16694
518 16590
519 16598
520 16932
521 16864
522 16997
523 17164
524 17154
525 17387
526 17700
527 18634
528 21793
529 43954
530 165147
531 351352
532 257906
533 71844
534 26346
535 24871
536 25149
537 21340
538 18097
539 17112
540 16860
541 16446
542 16285
543 16179
544 15892
545 15764
546 15532
547 15758
548 15419
549 15492
550 15615
551 16560
552 17481
553 16775
554 15443
555 15181
556 15262
557 15573
558 15437
559 15084
560 14901
561 15032
562 15033
563 14901
564 14925
565 15147
566 14893
567 14753
568 14613
569 14526
570 14574
571 14567
572 14608
573 14621
574 14519
575 14547
576 14641
577 14474
578 14500
579 14485
580 14569
581 14615
582 14712
583 14551
584 14340
585 14473
586 14363
587 14418
588 14393
589 14464
590 14387
591 14519
592 14252
593 14595
594 14569
595 14844
596 15546
597 18087
598 31412
599 91177
600 176952
601 134376
602 44497
603 19003
604 16115
605 15831
606 14903
607 14493
608 14557
609 14759
610 14375
611 14049
612 13756
613 13554
614 13644
615 13969
616 13436
617 13517
618 13462
619 13356
620 13361
621 13374
622 13328
623 13252
624 13392
625 13372
626 13280
627 13195
628 13145
629 12956
630 13109
631 13051
632 13110
633 12973
634 13124
635 12953
636 13000
637 13019
638 13188
639 12915
640 12844
641 12970
642 12619
643 12859
644 12745
645 12815
646 12632
647 12777
648 12584
649 12926
650 12783
651 12712
652 12730
653 12659
654 12521
655 12686
656 12993
657 13538
658 13847
659 12783
660 12639
661 12413
662 12362
663 12317
664 12534
665 12183
666 12242
667 12270
668 12066
669 12081
670 12209
671 12039
672 11931
673 12101
674 11831
675 11633
676 11701
677 11510
678 11539
679 11463
680 11064
681 10985
682 10776
683 10471
684 10321
685 10471
686 10674
687 10622
688 10192
689 9803
690 9799
691 9632
692 9811
693 9520
694 9422
695 9158
696 9305
697 9132
698 9079
699 9071
700 9011
701 8886
702 8789
703 8611
704 8773
705 8748
706 8711
707 8667
708 8565
709 8378
710 8306
711 8280
712 8213
713 8288
714 8322
715 8202
716 7991
717 8050
718 8024
719 8114
720 8012
721 7969
722 8000
723 7838
724 7940
725 7757
726 7938
727 7781
728 7723
729 7881
730 7566
731 7522
732 7833
733 7739
734 7912
735 7600
736 7548
737 7470
738 7425
739 7404
740 7449
741 7419
742 7252
743 7310
744 7406
745 7214
746 7393
747 7286
748 7313
749 7267
750 7211
751 7102
752 7085
753 7262
754 6899
755 6962
756 7253
757 7443
758 9066
759 12769
760 14273
761 10394
762 7515
763 6879
764 6819
765 6895
766 6714
767 6811
768 6850
769 6820
770 6819
771 6784
772 6494
773 6683
774 7223
775 8786
776 9166
777 7735
778 6980
779 6574
780 6569
781 6374
782 6534
783 6257
784 6352
785 6226
786 6287
787 6287
788 6173
789 6050
790 6096
791 6113
792 5984
793 5951
794 6164
795 6910
796 8092
797 7618
798 6518
799 6740
800 7174
801 6503
802 5847
803 5774
804 5714
805 5638
806 5573
807 5634
808 5677
809 5546
810 5691
811 5427
812 5320
813 5564
814 5501
815 5424
816 5304
817 5397
818 5336
819 5289
820 5292
821 5324
822 5386
823 5113
824 5129
825 5167
826 5183
827 5052
828 5076
829 5186
830 5365
831 5108
832 5131
833 4965
834 5067
835 4991
836 4979
837 4944
838 4990
839 5018
840 4978
841 4967
842 4872
843 4945
844 4837
845 4838
846 4919
847 4792
848 4732
849 4786
850 4645
851 4652
852 4683
853 4689
854 4659
855 4506
856 4387
857 4553
858 4497
859 4306
860 4495
861 4438
862 4332
863 4317
864 4431
865 4565
866 4527
867 4400
868 4374
869 4245
870 4108
871 4203
872 4149
873 4438
874 4458
875 4268
876 4143
877 4043
878 4023
879 4107
880 4036
881 3878
882 4020
883 4060
884 3997
885 4070
886 4073
887 4127
888 4005
889 4081
890 3990
891 4015
892 4021
893 4626
894 5393
895 5222
896 4429
897 3992
898 3888
899 3926
900 3875
901 3851
902 3898
903 3895
904 3839
905 3905
906 3811
907 3749
908 3844
909 3698
910 3695
911 3774
912 3840
913 3782
914 3738
915 3759
916 3900
917 3932
918 4194
919 4016
920 3693
921 3627
922 3708
923 3717
924 3565
925 3674
926 3601
927 3729
928 3658
929 3784
930 4020
931 3935
932 3774
933 3680
934 3538
935 3593
936 3540
937 3565
938 3570
939 3563
940 3447
941 3554
942 3480
943 3527
944 3487
945 3471
946 3483
947 3409
948 3483
949 3614
950 3495
951 3568
952 3704
953 3829
954 4453
955 4641
956 4206
957 3769
958 3734
959 4555
960 7074
961 9646
962 8318
963 5151
964 4118
965 4722
966 7429
967 10058
968 8783
969 5808
970 4530
971 4005
972 3956
973 4525
974 5170
975 4728
976 4030
977 3552
978 3386
979 3368
980 3393
981 3345
982 3384
983 3385
984 3440
985 3366
986 3460
987 3422
988 3435
989 3435
990 3532
991 3686
992 3941
993 3950
994 3739
995 3526
996 3451
997 3487
998 3573
999 3483
1000 3519
1001 3573
1002 3541
1003 3621
1004 3525
1005 3685
1006 3733
1007 3795
1008 4011
1009 4034
1010 4285
1011 4730
1012 5281
1013 5894
1014 7277
1015 10385
1016 15455
1017 25874
1018 45045
1019 77219
1020 117226
1021 150504
1022 165783
1023 152752
1024 119425
1025 78912
1026 46271
1027 25906
1028 16138
1029 10592
1030 7971
1031 6660
1032 5894
1033 6843
1034 13170
1035 31053
1036 49244
1037 39685
1038 17190
1039 6418
1040 4378
1041 3951
1042 3730
1043 3598
1044 3348
1045 3355
1046 3238
1047 3206
1048 3163
1049 3095
1050 2946
1051 2881
1052 2883
1053 2843
1054 2947
1055 2886
1056 3201
1057 3207
1058 3002
1059 2739
1060 2722
1061 2688
1062 2742
1063 2638
1064 2615
1065 2544
1066 2603
1067 2600
1068 2514
1069 2521
1070 2508
1071 2396
1072 2485
1073 2416
1074 2460
1075 2375
1076 2506
1077 2238
1078 2399
1079 2391
1080 2287
1081 2443
1082 2408
1083 2426
1084 2220
1085 2237
1086 2296
1087 2266
1088 2310
1089 2416
1090 2664
1091 3552
1092 4260
1093 3767
1094 2854
1095 2401
1096 2276
1097 2323
1098 2225
1099 2254
1100 2239
1101 2194
1102 2116
1103 2190
1104 2083
1105 2138
1106 2134
1107 2209
1108 2129
1109 2209
1110 2154
1111 2059
1112 2123
1113 2165
1114 2110
1115 2093
1116 2110
1117 2145
1118 2150
1119 2172
1120 2093
1121 2221
1122 2214
1123 2227
1124 2338
1125 2588
1126 2876
1127 2771
1128 2367
1129 2283
1130 2299
1131 2289
1132 2741
1133 3400
1134 3743
1135 3257
1136 2543
1137 2310
1138 2357
1139 2342
1140 2673
1141 3209
1142 5692
1143 13957
1144 27408
1145 30317
1146 18081
1147 6672
1148 3179
1149 2608
1150 2578
1151 3018
1152 4929
1153 10213
1154 16005
1155 14199
1156 7450
1157 3458
1158 2444
1159 2260
1160 2178
1161 2128
1162 2114
1163 2049
1164 2066
1165 2008
1166 2104
1167 1958
1168 2057
1169 2058
1170 2037
1171 2017
1172 1970
1173 2041
1174 2018
1175 2213
1176 2273
1177 2171
1178 2013
1179 1927
1180 1873
1181 1961
1182 1904
1183 1908
1184 1857
1185 1855
1186 1850
1187 1794
1188 1856
1189 1815
1190 1834
1191 1773
1192 1846
1193 1822
1194 1779
1195 1782
1196 1745
1197 1738
1198 1841
1199 1876
1200 1765
1201 1778
1202 1834
1203 1844
1204 1918
1205 2127
1206 2602
1207 4003
1208 8509
1209 13418
1210 14156
1211 13282
1212 24160
1213 45161
1214 50378
1215 29537
1216 10157
1217 3703
1218 2594
1219 2194
1220 2127
1221 2038
1222 2067
1223 1959
1224 2003
1225 1920
1226 1840
1227 1769
1228 1723
1229 1772
1230 1742
1231 1724
1232 1657
1233 1727
1234 1671
1235 1699
1236 1740
1237 1728
1238 1674
1239 1618
1240 1619
1241 1745
1242 1917
1243 2448
1244 2687
1245 2205
1246 1738
1247 1644
1248 1586
1249 1494
1250 1523
1251 1427
1252 1514
1253 1541
1254 1470
1255 1479
1256 1408
1257 1491
1258 1440
1259 1409
1260 1505
1261 1375
1262 1407
1263 1458
1264 1483
1265 1416
1266 1474
1267 1423
1268 1492
1269 1466
1270 1346
1271 1330
1272 1378
1273 1326
1274 1348
1275 1358
1276 1311
1277 1365
1278 1282
1279 1272
1280 1323
1281 1298
1282 1228
1283 1236
1284 1236
1285 1267
1286 1271
1287 1255
1288 1260
1289 1261
1290 1332
1291 1251
1292 1254
1293 1277
1294 1210
1295 1246
1296 1265
1297 1178
1298 1174
1299 1190
1300 1220
1301 1158
1302 1218
1303 1212
1304 1183
1305 1199
1306 1154
1307 1213
1308 1203
1309 1185
1310 1204
1311 1188
1312 1197
1313 1139
1314 1163
1315 1147
1316 1127
1317 1193
1318 1107
1319 1143
1320 1102
1321 1120
1322 1161
1323 1179
1324 1133
1325 1094
1326 1226
1327 1282
1328 1482
1329 2144
1330 4049
1331 7112
1332 8249
1333 5732
1334 2816
1335 1664
1336 1412
1337 1252
1338 1175
1339 1095
1340 1002
1341 1077
1342 1108
1343 1085
1344 1051
1345 1078
1346 1129
1347 1077
1348 1034
1349 1081
1350 1010
1351 1004
1352 1021
1353 937
1354 977
1355 1025
1356 955
1357 1045
1358 995
1359 1025
1360 1002
1361 1079
1362 1032
1363 974
1364 992
1365 1024
1366 1104
1367 1326
1368 1668
1369 1875
1370 1519
1371 1124
1372 1040
1373 1002
1374 924
1375 932
1376 927
1377 949
1378 953
1379 999
1380 919
1381 953
1382 872
1383 913
1384 902
1385 946
1386 848
1387 900
1388 885
1389 833
1390 884
1391 948
1392 944
1393 1030
1394 928
1395 831
1396 846
1397 856
1398 836
1399 840
1400 846
1401 836
1402 786
1403 836
1404 832
1405 779
1406 783
1407 794
1408 776
1409 813
1410 795
1411 727
1412 762
1413 766
1414 825
1415 777
1416 747
1417 828
1418 776
1419 756
1420 757
1421 737
1422 714
1423 835
1424 841
1425 841
1426 835
1427 775
1428 693
1429 734
1430 721
1431 706
1432 716
1433 762
1434 781
1435 853
1436 1061
1437 1422
1438 1536
1439 1237
1440 918
1441 775
1442 714
1443 711
1444 681
1445 699
1446 742
1447 643
1448 677
1449 621
1450 678
1451 734
1452 684
1453 670
1454 737
1455 764
1456 845
1457 784
1458 713
1459 674
1460 675
1461 694
1462 631
1463 604
1464 615
1465 615
1466 653
1467 606
1468 660
1469 699
1470 619
1471 633
1472 594
1473 607
1474 615
1475 663
1476 601
1477 688
1478 623
1479 621
1480 642
1481 585
1482 637
1483 638
1484 584
1485 628
1486 587
1487 604
1488 605
1489 618
1490 564
1491 615
1492 576
1493 618
1494 565
1495 567
1496 628
1497 588
1498 605
1499 596
1500 566
1501 612
1502 627
1503 664
1504 664
1505 596
1506 562
1507 591
1508 607
1509 566
1510 553
1511 564
1512 525
1513 592
1514 571
1515 553
1516 547
1517 504
1518 571
1519 577
1520 507
1521 580
1522 538
1523 597
1524 603
1525 562
1526 553
1527 545
1528 548
1529 553
1530 559
1531 628
1532 592
1533 574
1534 533
1535 565
1536 522
1537 540
1538 563
1539 566
1540 643
1541 648
1542 595
1543 636
1544 640
1545 787
1546 947
1547 1117
1548 1206
1549 1139
1550 803
1551 639
1552 667
1553 676
1554 867
1555 1130
1556 1192
1557 1018
1558 794
1559 695
1560 640
1561 760
1562 840
1563 1205
1564 2320
1565 5536
1566 12041
1567 18647
1568 17256
1569 9672
1570 3626
1571 1470
1572 884
1573 748
1574 712
1575 627
1576 600
1577 598
1578 539
1579 556
1580 543
1581 561
1582 542
1583 531
1584 498
1585 481
1586 525
1587 506
1588 485
1589 491
1590 473
1591 464
1592 486
1593 473
1594 460
1595 455
1596 453
1597 485
1598 443
1599 445
1600 488
1601 429
1602 457
1603 462
1604 442
1605 411
1606 405
1607 445
1608 397
1609 400
1610 416
1611 467
1612 466
1613 427
1614 414
1615 450
1616 473
1617 417
1618 439
1619 466
1620 467
1621 459
1622 446
1623 432
1624 420
1625 379
1626 425
1627 411
1628 488
1629 465
1630 668
1631 808
1632 820
1633 663
1634 522
1635 413
1636 396
1637 436
1638 377
1639 422
1640 396
1641 398
1642 387
1643 421
1644 389
1645 419
1646 429
1647 436
1648 497
1649 545
1650 563
1651 581
1652 653
1653 930
1654 1788
1655 3932
1656 7357
1657 9061
1658 6829
1659 3281
1660 1262
1661 623
1662 539
1663 482
1664 526
1665 493
1666 431
1667 432
1668 474
1669 580
1670 596
1671 550
1672 439
1673 407
1674 389
1675 380
1676 377
1677 374
1678 370
1679 362
1680 329
1681 360
1682 359
1683 328
1684 369
1685 350
1686 350
1687 372
1688 413
1689 505
1690 578
1691 544
1692 464
1693 393
1694 344
1695 307
1696 338
1697 366
1698 357
1699 319
1700 353
1701 315
1702 348
1703 309
1704 350
1705 330
1706 313
1707 299
1708 368
1709 364
1710 393
1711 383
1712 359
1713 339
1714 327
1715 328
1716 334
1717 314
1718 346
1719 281
1720 330
1721 310
1722 357
1723 334
1724 321
1725 331
1726 333
1727 299
1728 307
1729 340
1730 322
1731 345
1732 359
1733 341
1734 365
1735 416
1736 450
1737 467
1738 530
1739 634
1740 1231
1741 2593
1742 4405
1743 5264
1744 3959
1745 1925
1746 890
1747 623
1748 662
1749 731
1750 657
1751 514
1752 375
1753 341
1754 365
1755 323
1756 318
1757 299
1758 296
1759 284
1760 283
1761 287
1762 304
1763 301
1764 266
1765 304
1766 276
1767 294
1768 303
1769 293
1770 305
1771 295
1772 301
1773 293
1774 275
1775 294
1776 263
1777 246
1778 288
1779 289
1780 269
1781 254
1782 285
1783 273
1784 255
1785 278
1786 275
1787 300
1788 288
1789 304
1790 318
1791 327
1792 269
1793 283
1794 285
1795 265
1796 294
1797 257
1798 244
1799 251
1800 254
1801 274
1802 275
1803 284
1804 266
1805 315
1806 301
1807 355
1808 435
1809 717
1810 1283
1811 2140
1812 2577
1813 2007
1814 1079
1815 522
1816 348
1817 292
1818 280
1819 286
1820 282
1821 273
1822 232
1823 264
1824 268
1825 201
1826 256
1827 252
1828 271
1829 280
1830 270
1831 287
1832 245
1833 255
1834 241
1835 250
1836 254
1837 239
1838 250
1839 287
1840 268
1841 280
1842 287
1843 244
1844 243
1845 261
1846 274
1847 248
1848 270
1849 303
1850 304
1851 328
1852 275
1853 272
1854 253
1855 246
1856 235
1857 228
1858 226
1859 252
1860 257
1861 232
1862 284
1863 279
1864 249
1865 234
1866 255
1867 255
1868 239
1869 262
1870 230
1871 244
1872 239
1873 227
1874 237
1875 221
1876 252
1877 231
1878 220
1879 221
1880 228
1881 206
1882 223
1883 200
1884 207
1885 213
1886 224
1887 210
1888 229
1889 202
1890 216
1891 218
1892 203
1893 204
1894 227
1895 200
1896 242
1897 205
1898 198
1899 212
1900 216
1901 189
1902 243
1903 238
1904 239
1905 221
1906 205
1907 194
1908 226
1909 193
1910 207
1911 204
1912 202
1913 178
1914 201
1915 189
1916 202
1917 249
1918 202
1919 232
1920 206
1921 212
1922 209
1923 211
1924 231
1925 224
1926 226
1927 293
1928 369
1929 527
1930 666
1931 604
1932 405
1933 301
1934 220
1935 201
1936 218
1937 196
1938 187
1939 217
1940 196
1941 189
1942 213
1943 202
1944 197
1945 205
1946 217
1947 218
1948 213
1949 183
1950 182
1951 184
1952 195
1953 203
1954 174
1955 186
1956 211
1957 182
1958 202
1959 192
1960 187
1961 202
1962 183
1963 181
1964 197
1965 259
1966 201
1967 213
1968 244
1969 256
1970 269
1971 210
1972 178
1973 146
1974 172
1975 188
1976 175
1977 169
1978 189
1979 195
1980 194
1981 185
1982 185
1983 193
1984 168
1985 196
1986 191
1987 190
1988 194
1989 201
1990 200
1991 181
1992 180
1993 173
1994 163
1995 160
1996 165
1997 168
1998 154
1999 161
2000 144
2001 179
2002 162
2003 151
2004 157
2005 190
2006 147
2007 144
2008 150
2009 151
2010 145
2011 149
2012 144
2013 187
2014 151
2015 147
2016 176
2017 155
2018 174
2019 173
2020 172
2021 164
2022 170
2023 172
2024 167
2025 169
2026 167
2027 162
2028 152
2029 154
2030 164
2031 166
2032 169
2033 181
2034 160
2035 131
2036 182
2037 175
2038 157
2039 167
2040 181
2041 173
2042 192
2043 180
2044 176
2045 160
2046 132
2047 135
2048 157
2049 152
2050 136
2051 129
2052 134
2053 140
2054 150
2055 140
2056 147
2057 127
2058 127
2059 123
2060 144
2061 128
2062 153
2063 126
2064 129
2065 133
2066 116
2067 119
2068 126
2069 115
2070 122
2071 127
2072 130
2073 155
2074 155
2075 143
2076 158
2077 173
2078 158
2079 147
2080 139
2081 123
2082 136
2083 118
2084 122
2085 125
2086 105
2087 123
2088 120
2089 116
2090 144
2091 104
2092 115
2093 120
2094 124
2095 131
2096 116
2097 129
2098 141
2099 145
2100 149
2101 148
2102 153
2103 165
2104 195
2105 205
2106 161
2107 115
2108 119
2109 113
2110 93
2111 127
2112 112
2113 106
2114 124
2115 104
2116 105
2117 113
2118 121
2119 116
2120 110
2121 106
2122 120
2123 116
2124 134
2125 109
2126 138
2127 99
2128 111
2129 132
2130 79
2131 113
2132 113
2133 113
2134 122
2135 113
2136 111
2137 106
2138 122
2139 102
2140 104
2141 129
2142 93
2143 103
2144 108
2145 102
2146 101
2147 111
2148 98
2149 100
2150 100
2151 102
2152 102
2153 112
2154 97
2155 113
2156 116
2157 85
2158 113
2159 105
2160 91
2161 105
2162 102
2163 100
2164 119
2165 112
2166 99
2167 119
2168 108
2169 124
2170 122
2171 124
2172 108
2173 114
2174 120
2175 109
2176 90
2177 119
2178 104
2179 110
2180 102
2181 93
2182 102
2183 101
2184 105
2185 88
2186 101
2187 111
2188 102
2189 96
2190 85
2191 104
2192 103
2193 98
2194 90
2195 95
2196 92
2197 101
2198 98
2199 102
2200 119
2201 115
2202 129
2203 135
2204 114
2205 130
2206 91
2207 103
2208 88
2209 85
2210 105
2211 87
2212 101
2213 84
2214 107
2215 97
2216 92
2217 80
2218 108
2219 75
2220 78
2221 123
2222 94
2223 95
2224 96
2225 97
2226 77
2227 84
2228 103
2229 90
2230 86
2231 105
2232 110
2233 85
2234 102
2235 80
2236 96
2237 81
2238 86
2239 82
2240 89
2241 85
2242 95
2243 80
2244 77
2245 91
2246 93
2247 94
2248 94
2249 95
2250 96
2251 85
2252 89
2253 92
2254 70
2255 94
2256 81
2257 81
2258 83
2259 101
2260 96
2261 81
2262 94
2263 78
2264 80
2265 74
2266 75
2267 78
2268 81
2269 81
2270 85
2271 79
2272 86
2273 73
2274 73
2275 81
2276 95
2277 114
2278 168
2279 153
2280 160
2281 115
2282 91
2283 86
2284 97
2285 84
2286 90
2287 68
2288 98
2289 89
2290 102
2291 104
2292 75
2293 97
2294 111
2295 127
2296 225
2297 336
2298 557
2299 713
2300 702
2301 489
2302 279
2303 150
2304 107
2305 109
2306 86
2307 78
2308 91
2309 74
2310 106
2311 93
2312 95
2313 96
2314 103
2315 72
2316 81
2317 67
2318 90
2319 77
2320 91
2321 84
2322 64
2323 76
2324 84
2325 83
2326 78
2327 86
2328 86
2329 75
2330 69
2331 71
2332 77
2333 94
2334 95
2335 117
2336 123
2337 134
2338 105
2339 136
2340 132
2341 185
2342 287
2343 332
2344 264
2345 244
2346 214
2347 281
2348 282
2349 208
2350 151
2351 126
2352 80
2353 71
2354 68
2355 95
2356 79
2357 104
2358 95
2359 108
2360 92
2361 142
2362 99
2363 123
2364 162
2365 272
2366 511
2367 820
2368 1125
2369 1128
2370 777
2371 365
2372 196
2373 121
2374 106
2375 110
2376 82
2377 80
2378 78
2379 78
2380 88
2381 85
2382 75
2383 93
2384 76
2385 75
2386 79
2387 79
2388 75
2389 78
2390 81
2391 70
2392 90
2393 97
2394 73
2395 71
2396 81
2397 76
2398 88
2399 68
2400 89
2401 82
2402 80
2403 79
2404 81
2405 85
2406 82
2407 59
2408 79
2409 84
2410 79
2411 71
2412 71
2413 85
2414 84
2415 80
2416 69
2417 80
2418 79
2419 77
2420 85
2421 82
2422 120
2423 90
2424 122
2425 94
2426 150
2427 146
2428 179
2429 147
2430 131
2431 78
2432 88
2433 82
2434 78
2435 85
2436 86
2437 89
2438 66
2439 81
2440 70
2441 56
2442 70
2443 70
2444 68
2445 63
2446 68
2447 66
2448 59
2449 68
2450 75
2451 76
2452 68
2453 67
2454 63
2455 78
2456 62
2457 55
2458 70
2459 61
2460 71
2461 70
2462 75
2463 101
2464 98
2465 152
2466 157
2467 142
2468 137
2469 96
2470 87
2471 79
2472 61
2473 67
2474 76
2475 72
2476 84
2477 70
2478 64
2479 75
2480 71
2481 59
2482 58
2483 65
2484 69
2485 76
2486 79
2487 60
2488 68
2489 64
2490 78
2491 59
2492 73
2493 77
2494 59
2495 50
2496 55
2497 69
2498 53
2499 59
2500 74
2501 62
2502 71
2503 68
2504 63
2505 70
2506 52
2507 52
2508 60
2509 61
2510 75
2511 55
2512 66
2513 50
2514 67
2515 72
2516 68
2517 74
2518 70
2519 63
2520 49
2521 71
2522 75
2523 73
2524 61
2525 52
2526 47
2527 64
2528 53
2529 62
2530 58
2531 56
2532 59
2533 65
2534 55
2535 72
2536 66
2537 60
2538 55
2539 56
2540 49
2541 64
2542 52
2543 64
2544 73
2545 72
2546 69
2547 64
2548 66
2549 70
2550 66
2551 72
2552 53
2553 80
2554 90
2555 70
2556 74
2557 62
2558 64
2559 51
2560 55
2561 58
2562 50
2563 64
2564 63
2565 72
2566 52
2567 63
2568 57
2569 60
2570 62
2571 59
2572 71
2573 59
2574 62
2575 67
2576 75
2577 62
2578 59
2579 63
2580 44
2581 62
2582 59
2583 59
2584 75
2585 67
2586 56
2587 60
2588 54
2589 61
2590 64
2591 53
2592 59
2593 65
2594 61
2595 57
2596 76
2597 95
2598 116
2599 120
2600 108
2601 79
2602 73
2603 70
2604 54
2605 52
2606 62
2607 57
2608 51
2609 52
2610 57
2611 48
2612 63
2613 52
2614 83
2615 65
2616 52
2617 57
2618 41
2619 55
2620 66
2621 43
2622 49
2623 71
2624 48
2625 59
2626 57
2627 69
2628 58
2629 46
2630 64
2631 65
2632 61
2633 62
2634 43
2635 64
2636 61
2637 58
2638 80
2639 63
2640 65
2641 73
2642 74
2643 80
2644 79
2645 75
2646 60
2647 57
2648 61
2649 65
2650 60
2651 38
2652 54
2653 40
2654 46
2655 63
2656 56
2657 69
2658 47
2659 56
2660 59
2661 53
2662 48
2663 63
2664 48
2665 56
2666 62
2667 52
2668 50
2669 64
2670 54
2671 53
2672 54
2673 57
2674 68
2675 45
2676 53
2677 62
2678 52
2679 44
2680 57
2681 71
2682 55
2683 59
2684 42
2685 31
2686 55
2687 60
2688 42
2689 45
2690 39
2691 58
2692 59
2693 55
2694 53
2695 54
2696 56
2697 49
2698 45
2699 47
2700 43
2701 48
2702 46
2703 39
2704 52
2705 61
2706 53
2707 46
2708 53
2709 41
2710 61
2711 60
2712 41
2713 50
2714 63
2715 60
2716 50
2717 46
2718 48
2719 48
2720 57
2721 45
2722 53
2723 57
2724 64
2725 72
2726 57
2727 47
2728 46
2729 49
2730 42
2731 43
2732 52
2733 55
2734 53
2735 60
2736 54
2737 56
2738 56
2739 65
2740 54
2741 46
2742 57
2743 54
2744 50
2745 49
2746 51
2747 32
2748 48
2749 51
2750 53
2751 50
2752 44
2753 59
2754 60
2755 52
2756 44
2757 43
2758 38
2759 47
2760 51
2761 42
2762 41
2763 58
2764 32
2765 40
2766 38
2767 45
2768 48
2769 44
2770 44
2771 39
2772 48
2773 37
2774 39
2775 49
2776 31
2777 31
2778 41
2779 39
2780 27
2781 44
2782 42
2783 58
2784 44
2785 38
2786 53
2787 35
2788 32
2789 50
2790 49
2791 32
2792 57
2793 54
2794 51
2795 51
2796 54
2797 48
2798 38
2799 39
2800 32
2801 27
2802 48
2803 31
2804 32
2805 51
2806 49
2807 43
2808 34
2809 40
2810 42
2811 44
2812 44
2813 32
2814 39
2815 38
2816 38
2817 34
2818 41
2819 27
2820 29
2821 41
2822 27
2823 40
2824 36
2825 41
2826 41
2827 28
2828 44
2829 22
2830 45
2831 35
2832 27
2833 37
2834 32
2835 26
2836 25
2837 28
2838 32
2839 37
2840 39
2841 52
2842 37
2843 47
2844 43
2845 45
2846 51
2847 62
2848 72
2849 68
2850 82
2851 58
2852 46
2853 25
2854 44
2855 38
2856 37
2857 45
2858 42
2859 32
2860 45
2861 51
2862 27
2863 29
2864 35
2865 45
2866 50
2867 33
2868 39
2869 40
2870 37
2871 34
2872 37
2873 28
2874 42
2875 37
2876 40
2877 52
2878 78
2879 72
2880 68
2881 48
2882 32
2883 35
2884 32
2885 34
2886 40
2887 43
2888 34
2889 33
2890 26
2891 35
2892 38
2893 32
2894 39
2895 37
2896 25
2897 34
2898 35
2899 32
2900 34
2901 28
2902 27
2903 29
2904 33
2905 24
2906 30
2907 30
2908 22
2909 26
2910 29
2911 29
2912 31
2913 31
2914 31
2915 33
2916 39
2917 27
2918 33
2919 27
2920 24
2921 16
2922 32
2923 26
2924 40
2925 37
2926 26
2927 35
2928 43
2929 45
2930 62
2931 79
2932 119
2933 168
2934 198
2935 163
2936 119
2937 83
2938 46
2939 37
2940 28
2941 28
2942 29
2943 16
2944 21
2945 34
2946 37
2947 21
2948 24
2949 26
2950 28
2951 22
2952 20
2953 17
2954 21
2955 36
2956 29
2957 40
2958 23
2959 31
2960 37
2961 45
2962 29
2963 18
2964 36
2965 44
2966 48
2967 69
2968 70
2969 55
2970 42
2971 37
2972 20
2973 24
2974 20
2975 21
2976 20
2977 19
2978 24
2979 24
2980 21
2981 25
2982 29
2983 25
2984 27
2985 31
2986 23
2987 29
2988 36
2989 40
2990 38
2991 39
2992 23
2993 27
2994 32
2995 23
2996 25
2997 40
2998 37
2999 45
3000 57
3001 61
3002 81
3003 72
3004 79
3005 49
3006 40
3007 24
3008 40
3009 29
3010 23
3011 24
3012 27
3013 24
3014 32
3015 17
3016 24
3017 21
3018 27
3019 13
3020 18
3021 15
3022 27
3023 18
3024 17
3025 17
3026 16
3027 21
3028 16
3029 25
3030 21
3031 24
3032 22
3033 24
3034 14
3035 18
3036 14
3037 20
3038 22
3039 22
3040 22
3041 26
3042 27
3043 26
3044 18
3045 24
3046 23
3047 23
3048 24
3049 18
3050 25
3051 21
3052 30
3053 32
3054 29
3055 29
3056 25
3057 27
3058 17
3059 24
3060 24
3061 25
3062 26
3063 25
3064 42
3065 41
3066 26
3067 14
3068 19
3069 24
3070 24
3071 22
3072 14
3073 19
3074 20
3075 15
3076 21
3077 11
3078 27
3079 16
3080 19
3081 29
3082 19
3083 22
3084 17
3085 18
3086 22
3087 21
3088 21
3089 18
3090 17
3091 20
3092 21
3093 17
3094 12
3095 14
3096 21
3097 15
3098 15
3099 19
3100 21
3101 29
3102 37
3103 26
3104 39
3105 32
3106 36
3107 48
3108 92
3109 121
3110 115
3111 94
3112 78
3113 56
3114 31
3115 26
3116 19
3117 33
3118 39
3119 44
3120 70
3121 72
3122 63
3123 47
3124 28
3125 27
3126 21
3127 24
3128 21
3129 10
3130 16
3131 18
3132 26
3133 17
3134 19
3135 17
3136 26
3137 14
3138 18
3139 16
3140 13
3141 21
3142 17
3143 14
3144 13
3145 15
3146 14
3147 11
3148 28
3149 17
3150 22
3151 13
3152 21
3153 16
3154 17
3155 17
3156 19
3157 26
3158 14
3159 9
3160 17
3161 27
3162 26
3163 15
3164 21
3165 21
3166 19
3167 30
3168 26
3169 38
3170 38
3171 40
3172 43
3173 33
3174 25
3175 16
3176 17
3177 17
3178 19
3179 22
3180 16
3181 31
3182 28
3183 26
3184 29
3185 35
3186 49
3187 74
3188 114
3189 199
3190 295
3191 451
3192 605
3193 674
3194 509
3195 326
3196 173
3197 70
3198 46
3199 32
3200 24
3201 25
3202 17
3203 16
3204 26
3205 24
3206 14
3207 23
3208 29
3209 23
3210 22
3211 24
3212 22
3213 17
3214 16
3215 12
3216 26
3217 15
3218 20
3219 23
3220 12
3221 21
3222 24
3223 11
3224 24
3225 11
3226 22
3227 13
3228 13
3229 18
3230 14
3231 10
3232 15
3233 15
3234 14
3235 13
3236 13
3237 18
3238 15
3239 15
3240 14
3241 14
3242 16
3243 13
3244 14
3245 18
3246 8
3247 15
3248 10
3249 18
3250 19
3251 14
3252 6
3253 12
3254 10
3255 10
3256 12
3257 8
3258 14
3259 11
3260 9
3261 8
3262 9
3263 25
3264 10
3265 19
3266 17
3267 19
3268 12
3269 16
3270 18
3271 17
3272 14
3273 14
3274 16
3275 13
3276 13
3277 15
3278 15
3279 15
3280 11
3281 15
3282 12
3283 17
3284 6
3285 11
3286 14
3287 13
3288 13
3289 15
3290 8
3291 13
3292 12
3293 16
3294 11
3295 13
3296 10
3297 19
3298 18
3299 14
3300 10
3301 10
3302 11
3303 10
3304 22
3305 8
3306 21
3307 17
3308 13
3309 13
3310 9
3311 16
3312 13
3313 11
3314 11
3315 11
3316 16
3317 12
3318 8
3319 15
3320 14
3321 21
3322 14
3323 17
3324 10
3325 18
3326 5
3327 7
3328 16
3329 10
3330 19
3331 13
3332 14
3333 9
3334 14
3335 17
3336 4
3337 13
3338 8
3339 10
3340 18
3341 6
3342 17
3343 18
3344 7
3345 13
3346 13
3347 11
3348 8
3349 11
3350 14
3351 7
3352 11
3353 13
3354 11
3355 12
3356 17
3357 8
3358 7
3359 11
3360 11
3361 14
3362 6
3363 8
3364 14
3365 12
3366 13
3367 10
3368 15
3369 8
3370 7
3371 18
3372 11
3373 8
3374 13
3375 9
3376 12
3377 14
3378 16
3379 12
3380 8
3381 12
3382 6
3383 14
3384 3
3385 13
3386 14
3387 7
3388 7
3389 16
3390 11
3391 9
3392 10
3393 12
3394 6
3395 10
3396 8
3397 11
3398 11
3399 7
3400 10
3401 14
3402 18
3403 8
3404 12
3405 11
3406 8
3407 7
3408 11
3409 15
3410 11
3411 10
3412 10
3413 7
3414 13
3415 14
3416 10
3417 9
3418 10
3419 12
3420 9
3421 12
3422 7
3423 13
3424 6
3425 13
3426 9
3427 11
3428 7
3429 12
3430 7
3431 11
3432 6
3433 10
3434 8
3435 9
3436 9
3437 11
3438 17
3439 11
3440 13
3441 13
3442 13
3443 8
3444 8
3445 12
3446 8
3447 13
3448 11
3449 5
3450 3
3451 20
3452 7
3453 13
3454 13
3455 13
3456 9
3457 14
3458 8
3459 27
3460 24
3461 30
3462 44
3463 47
3464 58
3465 55
3466 46
3467 45
3468 25
3469 14
3470 18
3471 11
3472 12
3473 15
3474 5
3475 11
3476 12
3477 6
3478 9
3479 6
3480 11
3481 12
3482 3
3483 10
3484 10
3485 7
3486 12
3487 5
3488 10
3489 10
3490 10
3491 10
3492 8
3493 5
3494 10
3495 11
3496 12
3497 7
3498 14
3499 8
3500 11
3501 13
3502 9
3503 12
3504 7
3505 10
3506 7
3507 9
3508 10
3509 8
3510 10
3511 6
3512 9
3513 12
3514 7
3515 6
3516 8
3517 9
3518 10
3519 9
3520 11
3521 7
3522 10
3523 13
3524 8
3525 10
3526 6
3527 11
3528 14
3529 24
3530 26
3531 30
3532 58
3533 58
3534 69
3535 74
3536 56
3537 40
3538 37
3539 12
3540 11
3541 10
3542 8
3543 13
3544 15
3545 16
3546 8
3547 17
3548 13
3549 9
3550 13
3551 14
3552 11
3553 6
3554 7
3555 8
3556 10
3557 10
3558 14
3559 9
3560 5
3561 11
3562 11
3563 16
3564 9
3565 12
3566 14
3567 10
3568 9
3569 8
3570 8
3571 8
3572 4
3573 8
3574 3
3575 6
3576 7
3577 8
3578 8
3579 6
3580 3
3581 5
3582 7
3583 5
3584 4
3585 9
3586 8
3587 6
3588 5
3589 10
3590 5
3591 12
3592 13
3593 14
3594 7
3595 11
3596 15
3597 12
3598 18
3599 9
3600 9
3601 10
3602 10
3603 6
3604 6
3605 7
3606 6
3607 8
3608 6
3609 6
3610 10
3611 7
3612 8
3613 7
3614 8
3615 10
3616 5
3617 7
3618 10
3619 10
3620 9
3621 7
3622 4
3623 7
3624 6
3625 4
3626 8
3627 7
3628 5
3629 4
3630 5
3631 8
3632 4
3633 4
3634 7
3635 7
3636 8
3637 5
3638 7
3639 7
3640 5
3641 13
3642 9
3643 10
3644 9
3645 3
3646 6
3647 9
3648 6
3649 10
3650 8
3651 11
3652 6
3653 5
3654 4
3655 1
3656 4
3657 4
3658 7
3659 6
3660 6
3661 5
3662 9
3663 8
3664 4
3665 4
3666 5
3667 3
3668 4
3669 3
3670 5
3671 5
3672 6
3673 6
3674 2
3675 11
3676 8
3677 9
3678 6
3679 9
3680 8
3681 10
3682 10
3683 8
3684 7
3685 7
3686 7
3687 5
3688 6
3689 7
3690 9
3691 7
3692 12
3693 5
3694 5
3695 4
3696 6
3697 4
3698 5
3699 11
3700 5
3701 6
3702 12
3703 5
3704 5
3705 4
3706 10
3707 10
3708 7
3709 5
3710 7
3711 3
3712 3
3713 4
3714 5
3715 2
3716 5
3717 6
3718 6
3719 5
3720 8
3721 3
3722 7
3723 6
3724 4
3725 8
3726 3
3727 4
3728 3
3729 2
3730 1
3731 5
3732 4
3733 6
3734 11
3735 7
3736 6
3737 8
3738 4
3739 3
3740 4
3741 11
3742 5
3743 6
3744 5
3745 7
3746 4
3747 3
3748 3
3749 9
3750 5
3751 8
3752 1
3753 5
3754 5
3755 4
3756 5
3757 7
3758 8
3759 7
3760 4
3761 5
3762 7
3763 6
3764 4
3765 9
3766 7
3767 5
3768 7
3769 3
3770 4
3771 5
3772 10
3773 5
3774 7
3775 6
3776 12
3777 7
3778 9
3779 3
3780 5
3781 3
3782 5
3783 6
3784 4
3785 7
3786 2
3787 1
3788 5
3789 7
3790 5
3791 2
3792 3
3793 4
3794 0
3795 3
3796 3
3797 13
3798 3
3799 4
3800 4
3801 5
3802 2
3803 3
3804 3
3805 6
3806 6
3807 3
3808 3
3809 3
3810 3
3811 3
3812 4
3813 4
3814 5
3815 5
3816 4
3817 3
3818 3
3819 8
3820 6
3821 1
3822 5
3823 3
3824 4
3825 6
3826 5
3827 4
3828 4
3829 5
3830 3
3831 2
3832 3
3833 6
3834 5
3835 1
3836 4
3837 4
3838 5
3839 8
3840 3
3841 4
3842 3
3843 5
3844 6
3845 3
3846 5
3847 5
3848 4
3849 5
3850 2
3851 5
3852 2
3853 5
3854 5
3855 1
3856 7
3857 4
3858 4
3859 4
3860 6
3861 9
3862 6
3863 9
3864 7
3865 2
3866 6
3867 3
3868 7
3869 4
3870 5
3871 6
3872 3
3873 8
3874 4
3875 3
3876 1
3877 4
3878 6
3879 5
3880 4
3881 7
3882 7
3883 6
3884 3
3885 7
3886 6
3887 1
3888 5
3889 3
3890 4
3891 4
3892 6
3893 2
3894 2
3895 4
3896 1
3897 3
3898 8
3899 3
3900 2
3901 4
3902 5
3903 3
3904 5
3905 4
3906 4
3907 3
3908 1
3909 7
3910 2
3911 3
3912 8
3913 9
3914 4
3915 8
3916 7
3917 9
3918 17
3919 15
3920 19
3921 21
3922 12
3923 7
3924 6
3925 10
3926 6
3927 8
3928 6
3929 7
3930 7
3931 2
3932 3
3933 4
3934 1
3935 6
3936 5
3937 4
3938 7
3939 7
3940 5
3941 5
3942 4
3943 2
3944 2
3945 1
3946 3
3947 3
3948 3
3949 3
3950 2
3951 4
3952 3
3953 4
3954 4
3955 2
3956 5
3957 5
3958 4
3959 3
3960 4
3961 4
3962 2
3963 1
3964 2
3965 4
3966 4
3967 1
3968 1
3969 1
3970 3
3971 2
3972 1
3973 5
3974 6
3975 4
3976 1
3977 3
3978 2
3979 5
3980 2
3981 1
3982 4
3983 5
3984 6
3985 6
3986 3
3987 7
3988 19
3989 14
3990 19
3991 16
3992 13
3993 9
3994 10
3995 5
3996 5
3997 4
3998 1
3999 3
4000 2
4001 1
4002 4
4003 5
4004 5
4005 3
4006 3
4007 3
4008 2
4009 2
4010 3
4011 4
4012 1
4013 8
4014 4
4015 1
4016 3
4017 4
4018 1
4019 4
4020 5
4021 3
4022 5
4023 10
4024 3
4025 5
4026 3
4027 1
4028 2
4029 4
4030 2
4031 1
4032 4
4033 3
4034 5
4035 5
4036 5
4037 10
4038 5
4039 6
4040 4
4041 3
4042 4
4043 3
4044 1
4045 2
4046 1
4047 1
4048 1
4049 1
4050 5
4051 2
4052 2
4053 4
4054 2
4055 10
4056 4
4057 7
4058 13
4059 9
4060 5
4061 6
4062 6
4063 2
4064 3
4065 5
4066 5
4067 1
4068 1
4069 4
4070 4
4071 1
4072 2
4073 4
4074 4
4075 3
4076 2
4077 1
4078 3
4079 0
4080 5
4081 7
4082 1
4083 4
4084 3
4085 0
4086 2
4087 9
4088 1
4089 3
4090 1
4091 6
4092 1
4093 2
4094 2
4095 4
End
