ASCII channel-by-channel listing for 290_017.18
1139 - 57 - 561 started 2018-10-17 05:56:24.0 on counter 76
Generated Oct 17 2018 16.54.09, CRNG database/web system
Channel Data
0 300
1 348
2 0
3 0
4 0
5 0
6 0
7 0
8 0
9 0
10 0
11 0
12 0
13 0
14 0
15 0
16 0
17 0
18 0
19 0
20 0
21 0
22 0
23 0
24 0
25 0
26 0
27 0
28 0
29 0
30 0
31 0
32 0
33 0
34 0
35 0
36 0
37 0
38 0
39 0
40 0
41 0
42 0
43 0
44 0
45 0
46 0
47 0
48 0
49 0
50 0
51 0
52 0
53 0
54 0
55 0
56 0
57 0
58 0
59 0
60 0
61 0
62 0
63 0
64 0
65 0
66 0
67 0
68 0
69 0
70 0
71 0
72 0
73 0
74 0
75 0
76 0
77 0
78 0
79 0
80 35
81 357
82 1241
83 3943
84 18149
85 26961
86 27032
87 27175
88 26979
89 26629
90 26437
91 26448
92 26573
93 26120
94 26239
95 26236
96 26162
97 26342
98 25846
99 26105
100 25739
101 25500
102 25439
103 25557
104 25320
105 25431
106 25284
107 25528
108 25155
109 24954
110 24950
111 24924
112 24665
113 24870
114 24757
115 24893
116 24680
117 24495
118 25025
119 24671
120 24497
121 24169
122 24413
123 24520
124 24241
125 24324
126 24292
127 24399
128 24364
129 24168
130 24310
131 24255
132 24529
133 24357
134 24231
135 24487
136 24759
137 24300
138 24394
139 24253
140 24536
141 24882
142 24456
143 24413
144 24907
145 25728
146 26055
147 25300
148 24728
149 26040
150 27857
151 26130
152 24895
153 24551
154 24310
155 24617
156 24595
157 24649
158 24870
159 24912
160 24883
161 25278
162 25343
163 25284
164 25557
165 25770
166 25902
167 25900
168 26397
169 27619
170 27524
171 27135
172 26956
173 29285
174 33009
175 29899
176 28905
177 34556
178 34547
179 28273
180 27504
181 27698
182 27902
183 27970
184 27740
185 28146
186 28139
187 28250
188 28416
189 28468
190 28703
191 28910
192 29382
193 29315
194 29657
195 29690
196 30210
197 30344
198 30482
199 31035
200 30715
201 30959
202 31513
203 31439
204 31598
205 32007
206 32180
207 31912
208 32506
209 32366
210 32861
211 32844
212 33623
213 33409
214 33603
215 33924
216 33763
217 34106
218 34586
219 34303
220 34635
221 34558
222 35181
223 35188
224 35685
225 35523
226 36251
227 36097
228 36560
229 36900
230 37095
231 37277
232 37387
233 37306
234 38095
235 40384
236 44859
237 43628
238 48140
239 63875
240 52629
241 39935
242 38706
243 38362
244 38659
245 38216
246 38849
247 38858
248 38775
249 38891
250 38700
251 38798
252 38983
253 39027
254 39563
255 39150
256 39812
257 39823
258 39732
259 40217
260 40985
261 41683
262 41911
263 42585
264 42574
265 44094
266 45077
267 43533
268 42956
269 42570
270 42448
271 42223
272 41791
273 41848
274 41770
275 41743
276 42067
277 42011
278 42057
279 41976
280 41856
281 41958
282 42080
283 41657
284 41432
285 41142
286 41614
287 40904
288 41081
289 41210
290 40603
291 40585
292 40385
293 40256
294 39954
295 39695
296 39835
297 39312
298 39457
299 38991
300 39011
301 38318
302 38431
303 38350
304 38586
305 38176
306 37986
307 37875
308 37828
309 37270
310 37371
311 37275
312 37534
313 37247
314 36486
315 36596
316 36437
317 36447
318 35809
319 35801
320 35979
321 35204
322 35123
323 35151
324 35476
325 35699
326 35426
327 34790
328 34373
329 34078
330 33998
331 34136
332 34145
333 33720
334 33928
335 33787
336 33683
337 34018
338 34695
339 35231
340 33813
341 33736
342 34133
343 34255
344 34303
345 34225
346 34469
347 34251
348 34481
349 34684
350 34315
351 34380
352 34435
353 34320
354 34397
355 34682
356 35604
357 35767
358 35453
359 34617
360 34433
361 34226
362 34422
363 34149
364 34116
365 34315
366 33929
367 33931
368 34063
369 33588
370 33565
371 33614
372 33364
373 33719
374 33573
375 33175
376 32968
377 32462
378 32158
379 32082
380 32030
381 31886
382 31294
383 31248
384 31364
385 31108
386 30980
387 30504
388 30400
389 30008
390 29686
391 29594
392 29244
393 28921
394 29340
395 28893
396 28616
397 28171
398 28444
399 28003
400 28013
401 28244
402 28449
403 27572
404 27389
405 26710
406 26844
407 26488
408 26476
409 26882
410 27242
411 34852
412 80106
413 147381
414 100245
415 38588
416 26941
417 25629
418 25064
419 24522
420 24202
421 23894
422 23630
423 23529
424 23186
425 22979
426 23156
427 22435
428 22343
429 22231
430 22052
431 22213
432 21965
433 21657
434 21607
435 21372
436 21342
437 21145
438 21172
439 21081
440 20743
441 20427
442 21451
443 20717
444 20175
445 20080
446 20411
447 20066
448 19792
449 19907
450 19672
451 19440
452 19844
453 19586
454 18959
455 19127
456 19006
457 18880
458 18952
459 18957
460 18994
461 18742
462 18407
463 18424
464 18625
465 18494
466 18276
467 18018
468 18131
469 18039
470 18223
471 18233
472 18162
473 17692
474 17856
475 17963
476 17946
477 17625
478 17897
479 18031
480 17640
481 17669
482 17482
483 17785
484 17519
485 17753
486 17432
487 17444
488 17419
489 17235
490 17281
491 17383
492 17427
493 17331
494 17249
495 16972
496 17156
497 17273
498 17307
499 17163
500 17172
501 17283
502 17268
503 17124
504 16996
505 17201
506 17255
507 20314
508 28440
509 31815
510 22862
511 17904
512 17120
513 17062
514 17219
515 17121
516 17010
517 16952
518 17174
519 17132
520 16944
521 17310
522 17381
523 17375
524 17454
525 17738
526 18309
527 19890
528 24402
529 55151
530 222423
531 485762
532 363814
533 100720
534 32238
535 28996
536 28718
537 22898
538 19057
539 17935
540 17224
541 16945
542 16406
543 16280
544 16247
545 15977
546 15933
547 15843
548 15629
549 15860
550 15761
551 17234
552 18309
553 17090
554 15659
555 15153
556 15234
557 15070
558 15186
559 15029
560 14810
561 14764
562 14767
563 14804
564 14404
565 14575
566 14766
567 14785
568 14667
569 14466
570 14393
571 14430
572 14285
573 14411
574 14393
575 14398
576 14181
577 14143
578 14215
579 14233
580 14245
581 13918
582 14127
583 13925
584 14128
585 14030
586 14071
587 14046
588 14121
589 13892
590 13998
591 14126
592 14272
593 14296
594 14364
595 14649
596 15899
597 18994
598 37323
599 119860
600 242876
601 185946
602 59620
603 21364
604 16753
605 15813
606 14916
607 14747
608 14603
609 14464
610 14247
611 13538
612 13395
613 13251
614 13260
615 13241
616 13057
617 12941
618 13111
619 12768
620 12624
621 12705
622 12433
623 12545
624 12663
625 12504
626 12253
627 12568
628 12219
629 12059
630 12397
631 12442
632 12210
633 12225
634 12117
635 12066
636 12154
637 12320
638 12527
639 12027
640 11944
641 11736
642 11768
643 11907
644 11842
645 11782
646 11815
647 11634
648 11779
649 11578
650 11525
651 11739
652 11497
653 11555
654 11458
655 11654
656 11901
657 12284
658 12446
659 12012
660 11548
661 11302
662 11262
663 11257
664 11191
665 11262
666 11161
667 11346
668 11082
669 10880
670 10952
671 10680
672 10911
673 11009
674 10821
675 10805
676 10769
677 10650
678 10722
679 10475
680 10392
681 10259
682 10210
683 10067
684 10113
685 10331
686 10583
687 10101
688 9893
689 9585
690 9579
691 9408
692 9221
693 9350
694 9292
695 9061
696 9164
697 9114
698 8968
699 8932
700 8784
701 8734
702 8678
703 8530
704 8524
705 8315
706 8555
707 8301
708 8355
709 8342
710 8449
711 8191
712 8263
713 8354
714 8134
715 8204
716 8274
717 8184
718 8050
719 7950
720 8267
721 8050
722 8125
723 8091
724 8102
725 7903
726 7946
727 7951
728 7777
729 7772
730 7744
731 7851
732 7883
733 8101
734 7905
735 7806
736 7604
737 7576
738 7523
739 7515
740 7630
741 7601
742 7660
743 7451
744 7533
745 7393
746 7568
747 7454
748 7486
749 7515
750 7517
751 7405
752 7482
753 7425
754 7209
755 7335
756 7268
757 7789
758 9927
759 15342
760 17273
761 11976
762 8269
763 7386
764 7268
765 7146
766 7205
767 6977
768 7235
769 7007
770 7037
771 7038
772 7139
773 7112
774 8020
775 9864
776 10727
777 8666
778 7280
779 6838
780 6808
781 6792
782 6632
783 6809
784 6773
785 6603
786 6564
787 6578
788 6789
789 6578
790 6485
791 6484
792 6485
793 6463
794 6770
795 7896
796 9232
797 8599
798 7336
799 7252
800 8093
801 7533
802 6510
803 6184
804 5942
805 6054
806 5940
807 6075
808 5882
809 5912
810 5939
811 5899
812 5813
813 5979
814 5712
815 5824
816 5789
817 5670
818 5709
819 5668
820 5624
821 5795
822 5655
823 5537
824 5581
825 5594
826 5602
827 5562
828 5668
829 5687
830 5362
831 5497
832 5573
833 5551
834 5577
835 5336
836 5448
837 5329
838 5464
839 5389
840 5358
841 5264
842 5316
843 5371
844 5114
845 5333
846 5303
847 5085
848 5232
849 5123
850 5192
851 5080
852 4962
853 5062
854 4942
855 4803
856 4814
857 4755
858 4709
859 4776
860 4719
861 4634
862 4684
863 4528
864 4640
865 4747
866 4700
867 4590
868 4708
869 4430
870 4435
871 4370
872 4640
873 4580
874 4580
875 4428
876 4422
877 4364
878 4313
879 4244
880 4276
881 4327
882 4327
883 4321
884 4164
885 4181
886 4162
887 4273
888 4108
889 4025
890 4201
891 4181
892 4241
893 4803
894 5495
895 5534
896 4589
897 4098
898 4080
899 4035
900 4108
901 3912
902 3976
903 3880
904 4101
905 4003
906 3892
907 3893
908 3885
909 3938
910 3945
911 3880
912 3909
913 3786
914 3898
915 3891
916 3966
917 4145
918 4376
919 4391
920 4053
921 3906
922 3634
923 3753
924 3798
925 3759
926 3588
927 3566
928 3747
929 3962
930 4200
931 4358
932 3946
933 3800
934 3649
935 3576
936 3691
937 3659
938 3670
939 3488
940 3801
941 3655
942 3667
943 3651
944 3681
945 3706
946 3684
947 3546
948 3549
949 3596
950 3497
951 3531
952 3495
953 3538
954 3611
955 3668
956 3725
957 3682
958 3815
959 4790
960 7418
961 10655
962 9129
963 5466
964 4247
965 5001
966 8959
967 12967
968 11170
969 6731
970 5007
971 4516
972 4119
973 4557
974 5180
975 4647
976 3852
977 3408
978 3327
979 3352
980 3337
981 3391
982 3264
983 3300
984 3244
985 3254
986 3278
987 3223
988 3304
989 3297
990 3304
991 3456
992 3361
993 3495
994 3375
995 3332
996 3268
997 3286
998 3189
999 3255
1000 3434
1001 3214
1002 3337
1003 3325
1004 3465
1005 3392
1006 3459
1007 3532
1008 3550
1009 3589
1010 3772
1011 4075
1012 4364
1013 4603
1014 5210
1015 6526
1016 9362
1017 14583
1018 24714
1019 41104
1020 61609
1021 79622
1022 87827
1023 81423
1024 64140
1025 42975
1026 26013
1027 15623
1028 9927
1029 7424
1030 5993
1031 5363
1032 5335
1033 7097
1034 16001
1035 40812
1036 66781
1037 55176
1038 23502
1039 7797
1040 4722
1041 4144
1042 3908
1043 3697
1044 3512
1045 3352
1046 3224
1047 3290
1048 3222
1049 3148
1050 3229
1051 3114
1052 2964
1053 3102
1054 2960
1055 3144
1056 3393
1057 3341
1058 3208
1059 2949
1060 2922
1061 2976
1062 2793
1063 2809
1064 2748
1065 2704
1066 2807
1067 2780
1068 2739
1069 2657
1070 2626
1071 2691
1072 2589
1073 2546
1074 2602
1075 2663
1076 2574
1077 2584
1078 2602
1079 2507
1080 2601
1081 2461
1082 2556
1083 2505
1084 2436
1085 2470
1086 2498
1087 2613
1088 2610
1089 2733
1090 3114
1091 4222
1092 5256
1093 4635
1094 3331
1095 2651
1096 2489
1097 2570
1098 2555
1099 2408
1100 2426
1101 2474
1102 2435
1103 2439
1104 2384
1105 2452
1106 2466
1107 2524
1108 2342
1109 2382
1110 2404
1111 2437
1112 2360
1113 2404
1114 2441
1115 2407
1116 2366
1117 2428
1118 2435
1119 2396
1120 2460
1121 2500
1122 2448
1123 2497
1124 2739
1125 3039
1126 3283
1127 2984
1128 2721
1129 2610
1130 2574
1131 2793
1132 3126
1133 4289
1134 4782
1135 3835
1136 3044
1137 2561
1138 2589
1139 2736
1140 3065
1141 3863
1142 7171
1143 18710
1144 37492
1145 42507
1146 25252
1147 9267
1148 4084
1149 3259
1150 3196
1151 3760
1152 6228
1153 13792
1154 21848
1155 19938
1156 10380
1157 4439
1158 2974
1159 2725
1160 2684
1161 2606
1162 2528
1163 2407
1164 2438
1165 2440
1166 2505
1167 2416
1168 2401
1169 2358
1170 2354
1171 2323
1172 2348
1173 2374
1174 2456
1175 2591
1176 2579
1177 2614
1178 2323
1179 2227
1180 2269
1181 2213
1182 2172
1183 2144
1184 2192
1185 2113
1186 2142
1187 2116
1188 2124
1189 2094
1190 2067
1191 2101
1192 2125
1193 2064
1194 2039
1195 2085
1196 2063
1197 2095
1198 2109
1199 2207
1200 2131
1201 2099
1202 2214
1203 2135
1204 2204
1205 2413
1206 2856
1207 4779
1208 9356
1209 14697
1210 15377
1211 16098
1212 32029
1213 62172
1214 70948
1215 42397
1216 14842
1217 5095
1218 3273
1219 2867
1220 2651
1221 2546
1222 2451
1223 2444
1224 2270
1225 2209
1226 2102
1227 2211
1228 2108
1229 2067
1230 2105
1231 2013
1232 2048
1233 1937
1234 2012
1235 1942
1236 1938
1237 1841
1238 1925
1239 1870
1240 1897
1241 1963
1242 2425
1243 2847
1244 3315
1245 2753
1246 2157
1247 1894
1248 1833
1249 1814
1250 1801
1251 1838
1252 1775
1253 1757
1254 1788
1255 1792
1256 1705
1257 1679
1258 1696
1259 1737
1260 1795
1261 1693
1262 1706
1263 1643
1264 1653
1265 1589
1266 1589
1267 1647
1268 1637
1269 1606
1270 1607
1271 1636
1272 1529
1273 1544
1274 1560
1275 1559
1276 1505
1277 1473
1278 1516
1279 1489
1280 1502
1281 1425
1282 1448
1283 1394
1284 1428
1285 1522
1286 1497
1287 1481
1288 1474
1289 1545
1290 1423
1291 1390
1292 1485
1293 1434
1294 1336
1295 1401
1296 1461
1297 1424
1298 1405
1299 1385
1300 1385
1301 1374
1302 1433
1303 1438
1304 1357
1305 1413
1306 1312
1307 1229
1308 1421
1309 1389
1310 1388
1311 1401
1312 1356
1313 1328
1314 1347
1315 1278
1316 1271
1317 1341
1318 1266
1319 1336
1320 1297
1321 1360
1322 1309
1323 1342
1324 1348
1325 1345
1326 1362
1327 1545
1328 1816
1329 2750
1330 5382
1331 9733
1332 11194
1333 7713
1334 3721
1335 1919
1336 1527
1337 1428
1338 1269
1339 1253
1340 1267
1341 1288
1342 1296
1343 1216
1344 1232
1345 1231
1346 1237
1347 1221
1348 1160
1349 1160
1350 1104
1351 1155
1352 1216
1353 1192
1354 1159
1355 1169
1356 1230
1357 1162
1358 1173
1359 1083
1360 1127
1361 1115
1362 1139
1363 1149
1364 1126
1365 1143
1366 1232
1367 1490
1368 2030
1369 2305
1370 1863
1371 1327
1372 1144
1373 1068
1374 1053
1375 1007
1376 1046
1377 1081
1378 1017
1379 1044
1380 1069
1381 947
1382 997
1383 951
1384 994
1385 907
1386 989
1387 991
1388 1021
1389 982
1390 995
1391 1008
1392 1049
1393 1114
1394 979
1395 989
1396 896
1397 982
1398 955
1399 936
1400 968
1401 925
1402 895
1403 944
1404 900
1405 911
1406 866
1407 913
1408 897
1409 889
1410 886
1411 864
1412 870
1413 860
1414 875
1415 854
1416 874
1417 858
1418 826
1419 875
1420 833
1421 890
1422 832
1423 896
1424 928
1425 940
1426 920
1427 825
1428 798
1429 819
1430 842
1431 766
1432 834
1433 847
1434 928
1435 931
1436 1212
1437 1812
1438 1997
1439 1512
1440 1111
1441 843
1442 785
1443 781
1444 764
1445 734
1446 795
1447 733
1448 763
1449 779
1450 820
1451 755
1452 788
1453 760
1454 843
1455 905
1456 975
1457 975
1458 830
1459 767
1460 735
1461 704
1462 722
1463 706
1464 678
1465 710
1466 710
1467 726
1468 719
1469 740
1470 714
1471 720
1472 685
1473 734
1474 710
1475 741
1476 748
1477 751
1478 741
1479 706
1480 722
1481 720
1482 672
1483 735
1484 689
1485 688
1486 690
1487 695
1488 674
1489 694
1490 684
1491 638
1492 679
1493 659
1494 659
1495 630
1496 692
1497 640
1498 677
1499 632
1500 653
1501 666
1502 693
1503 736
1504 688
1505 692
1506 666
1507 709
1508 623
1509 607
1510 613
1511 594
1512 610
1513 651
1514 628
1515 603
1516 620
1517 619
1518 680
1519 639
1520 610
1521 643
1522 629
1523 655
1524 658
1525 665
1526 636
1527 611
1528 619
1529 593
1530 600
1531 610
1532 617
1533 632
1534 625
1535 579
1536 641
1537 611
1538 606
1539 630
1540 609
1541 713
1542 765
1543 726
1544 800
1545 878
1546 1054
1547 1501
1548 1634
1549 1348
1550 993
1551 781
1552 780
1553 845
1554 1052
1555 1365
1556 1567
1557 1348
1558 1005
1559 827
1560 756
1561 910
1562 1103
1563 1525
1564 2984
1565 7522
1566 16535
1567 25763
1568 24894
1569 14209
1570 5212
1571 1823
1572 1145
1573 903
1574 843
1575 817
1576 740
1577 734
1578 685
1579 680
1580 621
1581 621
1582 666
1583 621
1584 603
1585 574
1586 612
1587 563
1588 579
1589 576
1590 523
1591 579
1592 572
1593 529
1594 535
1595 529
1596 538
1597 505
1598 516
1599 534
1600 507
1601 497
1602 488
1603 529
1604 500
1605 501
1606 486
1607 485
1608 511
1609 467
1610 507
1611 518
1612 464
1613 526
1614 519
1615 529
1616 501
1617 498
1618 515
1619 499
1620 486
1621 523
1622 459
1623 530
1624 473
1625 462
1626 506
1627 495
1628 503
1629 522
1630 654
1631 887
1632 939
1633 771
1634 588
1635 517
1636 453
1637 458
1638 462
1639 471
1640 457
1641 462
1642 472
1643 456
1644 450
1645 456
1646 465
1647 498
1648 554
1649 589
1650 679
1651 714
1652 776
1653 1082
1654 2353
1655 5423
1656 10165
1657 12458
1658 9671
1659 4783
1660 1690
1661 838
1662 673
1663 581
1664 597
1665 618
1666 540
1667 587
1668 602
1669 687
1670 792
1671 726
1672 591
1673 526
1674 426
1675 468
1676 459
1677 451
1678 420
1679 427
1680 418
1681 444
1682 401
1683 429
1684 417
1685 421
1686 395
1687 444
1688 527
1689 606
1690 702
1691 742
1692 556
1693 450
1694 407
1695 384
1696 387
1697 399
1698 388
1699 426
1700 375
1701 373
1702 346
1703 351
1704 362
1705 338
1706 366
1707 389
1708 414
1709 413
1710 417
1711 425
1712 397
1713 357
1714 374
1715 357
1716 381
1717 367
1718 370
1719 372
1720 380
1721 358
1722 369
1723 365
1724 382
1725 383
1726 370
1727 372
1728 376
1729 358
1730 341
1731 339
1732 382
1733 436
1734 406
1735 512
1736 517
1737 506
1738 597
1739 807
1740 1523
1741 3465
1742 5946
1743 7371
1744 5736
1745 2878
1746 1289
1747 730
1748 771
1749 831
1750 852
1751 641
1752 449
1753 427
1754 403
1755 334
1756 380
1757 363
1758 368
1759 320
1760 335
1761 336
1762 342
1763 355
1764 337
1765 338
1766 311
1767 309
1768 339
1769 311
1770 354
1771 316
1772 347
1773 354
1774 349
1775 311
1776 306
1777 330
1778 337
1779 298
1780 304
1781 323
1782 307
1783 317
1784 302
1785 302
1786 306
1787 354
1788 335
1789 403
1790 380
1791 322
1792 338
1793 319
1794 308
1795 281
1796 336
1797 313
1798 300
1799 293
1800 321
1801 262
1802 310
1803 317
1804 355
1805 342
1806 366
1807 420
1808 503
1809 969
1810 1801
1811 2935
1812 3521
1813 2863
1814 1464
1815 751
1816 421
1817 336
1818 326
1819 271
1820 318
1821 293
1822 288
1823 301
1824 347
1825 312
1826 287
1827 271
1828 308
1829 305
1830 334
1831 316
1832 294
1833 278
1834 296
1835 293
1836 283
1837 280
1838 331
1839 327
1840 355
1841 310
1842 299
1843 315
1844 298
1845 280
1846 314
1847 302
1848 316
1849 306
1850 404
1851 394
1852 359
1853 293
1854 285
1855 301
1856 272
1857 280
1858 313
1859 272
1860 248
1861 291
1862 274
1863 271
1864 251
1865 290
1866 320
1867 311
1868 340
1869 290
1870 260
1871 273
1872 260
1873 237
1874 270
1875 249
1876 238
1877 278
1878 252
1879 240
1880 252
1881 218
1882 271
1883 232
1884 232
1885 260
1886 234
1887 232
1888 224
1889 256
1890 244
1891 264
1892 227
1893 221
1894 240
1895 242
1896 246
1897 220
1898 246
1899 236
1900 239
1901 241
1902 252
1903 226
1904 217
1905 255
1906 223
1907 237
1908 244
1909 254
1910 254
1911 242
1912 257
1913 233
1914 220
1915 229
1916 239
1917 228
1918 224
1919 217
1920 235
1921 236
1922 235
1923 223
1924 236
1925 265
1926 261
1927 355
1928 502
1929 714
1930 866
1931 760
1932 516
1933 320
1934 252
1935 238
1936 236
1937 211
1938 226
1939 241
1940 193
1941 205
1942 212
1943 195
1944 198
1945 201
1946 218
1947 200
1948 209
1949 180
1950 214
1951 211
1952 201
1953 196
1954 193
1955 178
1956 193
1957 202
1958 186
1959 189
1960 207
1961 180
1962 211
1963 180
1964 213
1965 191
1966 249
1967 285
1968 315
1969 312
1970 305
1971 260
1972 199
1973 210
1974 219
1975 225
1976 181
1977 179
1978 198
1979 207
1980 185
1981 202
1982 187
1983 159
1984 181
1985 184
1986 229
1987 210
1988 213
1989 215
1990 192
1991 181
1992 173
1993 163
1994 157
1995 186
1996 157
1997 162
1998 183
1999 159
2000 177
2001 144
2002 182
2003 148
2004 162
2005 162
2006 155
2007 189
2008 184
2009 167
2010 185
2011 175
2012 163
2013 202
2014 169
2015 144
2016 158
2017 191
2018 163
2019 160
2020 157
2021 175
2022 174
2023 177
2024 150
2025 157
2026 169
2027 165
2028 155
2029 147
2030 176
2031 189
2032 168
2033 160
2034 158
2035 158
2036 162
2037 151
2038 166
2039 165
2040 165
2041 156
2042 149
2043 136
2044 171
2045 157
2046 158
2047 141
2048 170
2049 150
2050 146
2051 142
2052 156
2053 132
2054 160
2055 150
2056 157
2057 157
2058 155
2059 148
2060 118
2061 152
2062 150
2063 149
2064 119
2065 134
2066 156
2067 130
2068 142
2069 133
2070 144
2071 150
2072 123
2073 147
2074 177
2075 163
2076 171
2077 202
2078 185
2079 185
2080 130
2081 114
2082 140
2083 140
2084 137
2085 106
2086 138
2087 156
2088 127
2089 108
2090 118
2091 130
2092 146
2093 130
2094 124
2095 136
2096 135
2097 129
2098 144
2099 126
2100 140
2101 156
2102 186
2103 220
2104 233
2105 222
2106 173
2107 160
2108 128
2109 131
2110 148
2111 124
2112 110
2113 99
2114 123
2115 115
2116 127
2117 131
2118 155
2119 114
2120 118
2121 101
2122 115
2123 119
2124 116
2125 121
2126 113
2127 107
2128 112
2129 116
2130 128
2131 114
2132 108
2133 104
2134 140
2135 112
2136 130
2137 111
2138 135
2139 109
2140 107
2141 109
2142 101
2143 105
2144 111
2145 102
2146 107
2147 117
2148 113
2149 108
2150 100
2151 122
2152 110
2153 114
2154 112
2155 133
2156 97
2157 97
2158 100
2159 122
2160 114
2161 105
2162 122
2163 111
2164 120
2165 121
2166 117
2167 98
2168 101
2169 109
2170 142
2171 113
2172 110
2173 87
2174 104
2175 116
2176 105
2177 105
2178 97
2179 109
2180 118
2181 111
2182 80
2183 93
2184 112
2185 96
2186 97
2187 103
2188 105
2189 102
2190 118
2191 98
2192 100
2193 86
2194 84
2195 99
2196 80
2197 98
2198 92
2199 86
2200 100
2201 99
2202 112
2203 141
2204 126
2205 95
2206 97
2207 97
2208 87
2209 86
2210 85
2211 109
2212 84
2213 95
2214 95
2215 93
2216 102
2217 117
2218 90
2219 81
2220 84
2221 108
2222 84
2223 81
2224 85
2225 103
2226 89
2227 102
2228 86
2229 93
2230 87
2231 87
2232 98
2233 84
2234 91
2235 97
2236 100
2237 114
2238 90
2239 93
2240 93
2241 83
2242 77
2243 64
2244 83
2245 97
2246 78
2247 114
2248 92
2249 91
2250 77
2251 75
2252 80
2253 103
2254 85
2255 78
2256 59
2257 95
2258 77
2259 82
2260 86
2261 80
2262 80
2263 81
2264 73
2265 96
2266 87
2267 81
2268 84
2269 100
2270 93
2271 67
2272 84
2273 94
2274 73
2275 93
2276 116
2277 184
2278 172
2279 236
2280 197
2281 147
2282 88
2283 93
2284 97
2285 92
2286 93
2287 87
2288 87
2289 76
2290 97
2291 82
2292 85
2293 107
2294 121
2295 148
2296 264
2297 466
2298 727
2299 1034
2300 932
2301 699
2302 361
2303 179
2304 134
2305 94
2306 112
2307 96
2308 72
2309 77
2310 80
2311 88
2312 101
2313 91
2314 87
2315 88
2316 78
2317 86
2318 97
2319 93
2320 67
2321 82
2322 84
2323 89
2324 83
2325 80
2326 83
2327 88
2328 75
2329 84
2330 72
2331 87
2332 90
2333 85
2334 86
2335 84
2336 103
2337 82
2338 108
2339 99
2340 157
2341 212
2342 282
2343 429
2344 347
2345 298
2346 266
2347 333
2348 339
2349 321
2350 216
2351 135
2352 84
2353 86
2354 95
2355 90
2356 108
2357 124
2358 113
2359 111
2360 130
2361 146
2362 124
2363 145
2364 219
2365 366
2366 736
2367 1083
2368 1543
2369 1526
2370 1091
2371 580
2372 219
2373 148
2374 98
2375 107
2376 92
2377 100
2378 93
2379 96
2380 72
2381 80
2382 73
2383 65
2384 77
2385 79
2386 91
2387 80
2388 79
2389 85
2390 68
2391 77
2392 79
2393 77
2394 83
2395 71
2396 64
2397 74
2398 73
2399 78
2400 68
2401 77
2402 83
2403 58
2404 70
2405 63
2406 69
2407 78
2408 75
2409 86
2410 57
2411 64
2412 64
2413 73
2414 76
2415 70
2416 76
2417 75
2418 85
2419 74
2420 78
2421 93
2422 87
2423 112
2424 109
2425 105
2426 109
2427 164
2428 183
2429 181
2430 132
2431 108
2432 91
2433 77
2434 78
2435 65
2436 71
2437 87
2438 64
2439 60
2440 59
2441 73
2442 80
2443 72
2444 67
2445 76
2446 67
2447 76
2448 73
2449 62
2450 57
2451 70
2452 50
2453 65
2454 52
2455 65
2456 67
2457 81
2458 69
2459 64
2460 63
2461 66
2462 73
2463 109
2464 120
2465 148
2466 181
2467 168
2468 131
2469 118
2470 70
2471 68
2472 69
2473 67
2474 61
2475 62
2476 73
2477 68
2478 58
2479 59
2480 63
2481 58
2482 72
2483 73
2484 60
2485 64
2486 56
2487 54
2488 54
2489 63
2490 54
2491 63
2492 58
2493 73
2494 66
2495 60
2496 61
2497 55
2498 55
2499 71
2500 53
2501 62
2502 51
2503 68
2504 74
2505 48
2506 56
2507 54
2508 68
2509 55
2510 61
2511 68
2512 44
2513 61
2514 66
2515 50
2516 58
2517 59
2518 45
2519 68
2520 60
2521 54
2522 48
2523 57
2524 52
2525 71
2526 62
2527 71
2528 53
2529 41
2530 54
2531 50
2532 52
2533 52
2534 45
2535 47
2536 50
2537 47
2538 52
2539 71
2540 43
2541 53
2542 55
2543 68
2544 59
2545 67
2546 69
2547 68
2548 43
2549 63
2550 63
2551 39
2552 61
2553 49
2554 51
2555 57
2556 48
2557 56
2558 61
2559 56
2560 47
2561 68
2562 53
2563 53
2564 47
2565 53
2566 48
2567 65
2568 63
2569 69
2570 61
2571 51
2572 55
2573 61
2574 61
2575 47
2576 49
2577 53
2578 50
2579 60
2580 59
2581 50
2582 51
2583 44
2584 60
2585 48
2586 53
2587 46
2588 69
2589 55
2590 62
2591 50
2592 67
2593 62
2594 66
2595 64
2596 84
2597 107
2598 124
2599 132
2600 113
2601 88
2602 72
2603 50
2604 62
2605 65
2606 58
2607 72
2608 60
2609 43
2610 64
2611 56
2612 58
2613 56
2614 40
2615 55
2616 63
2617 68
2618 51
2619 52
2620 60
2621 67
2622 47
2623 48
2624 56
2625 38
2626 48
2627 46
2628 43
2629 52
2630 45
2631 45
2632 68
2633 40
2634 52
2635 43
2636 53
2637 56
2638 66
2639 63
2640 61
2641 65
2642 70
2643 52
2644 57
2645 54
2646 55
2647 52
2648 53
2649 48
2650 54
2651 61
2652 55
2653 51
2654 52
2655 56
2656 65
2657 42
2658 51
2659 54
2660 58
2661 45
2662 55
2663 47
2664 48
2665 54
2666 44
2667 64
2668 47
2669 47
2670 48
2671 57
2672 47
2673 57
2674 61
2675 51
2676 43
2677 62
2678 63
2679 53
2680 46
2681 54
2682 39
2683 59
2684 56
2685 43
2686 39
2687 45
2688 63
2689 50
2690 62
2691 40
2692 56
2693 42
2694 37
2695 50
2696 52
2697 39
2698 64
2699 51
2700 47
2701 39
2702 57
2703 51
2704 65
2705 48
2706 51
2707 47
2708 58
2709 60
2710 40
2711 60
2712 35
2713 59
2714 42
2715 49
2716 42
2717 30
2718 52
2719 61
2720 48
2721 50
2722 39
2723 44
2724 44
2725 42
2726 47
2727 47
2728 39
2729 51
2730 48
2731 49
2732 42
2733 42
2734 51
2735 39
2736 42
2737 46
2738 57
2739 48
2740 52
2741 50
2742 52
2743 42
2744 39
2745 41
2746 45
2747 49
2748 55
2749 40
2750 47
2751 36
2752 46
2753 47
2754 42
2755 41
2756 44
2757 32
2758 36
2759 36
2760 33
2761 33
2762 30
2763 35
2764 32
2765 32
2766 37
2767 43
2768 35
2769 37
2770 29
2771 31
2772 32
2773 44
2774 27
2775 38
2776 33
2777 27
2778 31
2779 33
2780 36
2781 42
2782 36
2783 43
2784 41
2785 46
2786 36
2787 32
2788 46
2789 44
2790 27
2791 35
2792 31
2793 32
2794 41
2795 33
2796 29
2797 42
2798 40
2799 38
2800 30
2801 28
2802 35
2803 29
2804 30
2805 28
2806 33
2807 31
2808 28
2809 24
2810 26
2811 30
2812 37
2813 27
2814 42
2815 22
2816 33
2817 29
2818 32
2819 27
2820 33
2821 30
2822 31
2823 23
2824 27
2825 40
2826 31
2827 34
2828 29
2829 26
2830 44
2831 34
2832 20
2833 27
2834 30
2835 37
2836 27
2837 27
2838 33
2839 28
2840 37
2841 31
2842 37
2843 24
2844 30
2845 26
2846 43
2847 56
2848 63
2849 54
2850 57
2851 46
2852 31
2853 25
2854 38
2855 29
2856 22
2857 34
2858 24
2859 35
2860 27
2861 34
2862 43
2863 25
2864 29
2865 35
2866 34
2867 18
2868 22
2869 25
2870 33
2871 30
2872 24
2873 34
2874 25
2875 36
2876 50
2877 57
2878 85
2879 83
2880 77
2881 74
2882 49
2883 42
2884 37
2885 34
2886 25
2887 25
2888 36
2889 29
2890 27
2891 34
2892 19
2893 28
2894 28
2895 26
2896 34
2897 33
2898 22
2899 36
2900 30
2901 28
2902 27
2903 22
2904 19
2905 20
2906 28
2907 32
2908 31
2909 29
2910 26
2911 23
2912 26
2913 26
2914 24
2915 32
2916 22
2917 28
2918 33
2919 21
2920 19
2921 39
2922 16
2923 32
2924 26
2925 27
2926 31
2927 31
2928 39
2929 35
2930 61
2931 80
2932 122
2933 211
2934 244
2935 232
2936 147
2937 87
2938 61
2939 30
2940 34
2941 21
2942 24
2943 36
2944 30
2945 26
2946 16
2947 23
2948 19
2949 21
2950 27
2951 19
2952 18
2953 28
2954 31
2955 24
2956 19
2957 28
2958 25
2959 24
2960 25
2961 24
2962 29
2963 28
2964 27
2965 23
2966 34
2967 61
2968 41
2969 41
2970 34
2971 13
2972 19
2973 16
2974 25
2975 23
2976 20
2977 19
2978 30
2979 24
2980 18
2981 20
2982 21
2983 19
2984 11
2985 21
2986 19
2987 22
2988 19
2989 20
2990 24
2991 23
2992 20
2993 20
2994 21
2995 16
2996 23
2997 32
2998 26
2999 32
3000 46
3001 48
3002 66
3003 64
3004 78
3005 43
3006 33
3007 34
3008 24
3009 12
3010 23
3011 17
3012 18
3013 13
3014 15
3015 14
3016 17
3017 15
3018 21
3019 23
3020 19
3021 21
3022 18
3023 16
3024 11
3025 16
3026 23
3027 19
3028 19
3029 20
3030 14
3031 18
3032 20
3033 22
3034 17
3035 17
3036 11
3037 22
3038 18
3039 18
3040 15
3041 15
3042 11
3043 18
3044 23
3045 17
3046 11
3047 15
3048 11
3049 12
3050 14
3051 19
3052 19
3053 24
3054 20
3055 23
3056 19
3057 14
3058 27
3059 20
3060 16
3061 26
3062 25
3063 32
3064 28
3065 28
3066 28
3067 20
3068 22
3069 15
3070 21
3071 17
3072 22
3073 19
3074 18
3075 15
3076 21
3077 17
3078 14
3079 15
3080 27
3081 20
3082 22
3083 23
3084 14
3085 14
3086 20
3087 14
3088 14
3089 20
3090 17
3091 13
3092 15
3093 14
3094 13
3095 20
3096 18
3097 27
3098 25
3099 17
3100 21
3101 20
3102 29
3103 19
3104 24
3105 21
3106 27
3107 29
3108 44
3109 60
3110 75
3111 59
3112 56
3113 45
3114 20
3115 23
3116 27
3117 30
3118 38
3119 43
3120 61
3121 74
3122 73
3123 65
3124 42
3125 25
3126 25
3127 18
3128 15
3129 12
3130 17
3131 14
3132 13
3133 16
3134 11
3135 10
3136 9
3137 18
3138 14
3139 22
3140 7
3141 11
3142 17
3143 18
3144 14
3145 13
3146 6
3147 10
3148 14
3149 20
3150 16
3151 6
3152 18
3153 13
3154 12
3155 8
3156 10
3157 10
3158 15
3159 17
3160 16
3161 13
3162 19
3163 13
3164 13
3165 13
3166 14
3167 22
3168 12
3169 27
3170 32
3171 35
3172 31
3173 28
3174 16
3175 15
3176 16
3177 16
3178 18
3179 20
3180 14
3181 29
3182 20
3183 30
3184 23
3185 33
3186 47
3187 59
3188 107
3189 192
3190 309
3191 463
3192 628
3193 641
3194 573
3195 389
3196 176
3197 83
3198 41
3199 33
3200 30
3201 33
3202 22
3203 14
3204 18
3205 21
3206 14
3207 17
3208 22
3209 18
3210 19
3211 10
3212 23
3213 14
3214 13
3215 9
3216 15
3217 13
3218 16
3219 11
3220 12
3221 20
3222 13
3223 12
3224 9
3225 11
3226 10
3227 10
3228 9
3229 13
3230 8
3231 20
3232 24
3233 13
3234 11
3235 11
3236 9
3237 8
3238 13
3239 14
3240 9
3241 9
3242 10
3243 14
3244 15
3245 19
3246 8
3247 13
3248 16
3249 6
3250 9
3251 7
3252 8
3253 15
3254 8
3255 8
3256 8
3257 15
3258 9
3259 12
3260 10
3261 11
3262 15
3263 11
3264 11
3265 16
3266 7
3267 13
3268 14
3269 12
3270 12
3271 13
3272 11
3273 14
3274 10
3275 9
3276 10
3277 13
3278 9
3279 12
3280 8
3281 8
3282 9
3283 14
3284 7
3285 8
3286 7
3287 7
3288 10
3289 10
3290 6
3291 9
3292 10
3293 9
3294 9
3295 11
3296 11
3297 13
3298 8
3299 12
3300 9
3301 5
3302 9
3303 6
3304 15
3305 8
3306 4
3307 11
3308 9
3309 6
3310 14
3311 12
3312 6
3313 9
3314 7
3315 14
3316 17
3317 6
3318 12
3319 11
3320 12
3321 10
3322 8
3323 11
3324 5
3325 9
3326 5
3327 12
3328 9
3329 7
3330 10
3331 4
3332 12
3333 8
3334 10
3335 9
3336 8
3337 9
3338 14
3339 7
3340 5
3341 8
3342 7
3343 8
3344 12
3345 8
3346 8
3347 6
3348 10
3349 11
3350 12
3351 9
3352 7
3353 5
3354 6
3355 9
3356 6
3357 9
3358 5
3359 5
3360 9
3361 11
3362 6
3363 6
3364 4
3365 8
3366 7
3367 7
3368 6
3369 9
3370 5
3371 10
3372 9
3373 5
3374 2
3375 8
3376 3
3377 3
3378 7
3379 7
3380 10
3381 4
3382 7
3383 3
3384 11
3385 3
3386 9
3387 10
3388 10
3389 11
3390 2
3391 10
3392 6
3393 6
3394 11
3395 4
3396 4
3397 7
3398 9
3399 4
3400 13
3401 10
3402 1
3403 2
3404 7
3405 5
3406 9
3407 5
3408 6
3409 8
3410 7
3411 8
3412 5
3413 8
3414 11
3415 9
3416 5
3417 6
3418 4
3419 4
3420 8
3421 6
3422 9
3423 8
3424 6
3425 9
3426 9
3427 12
3428 1
3429 8
3430 14
3431 4
3432 7
3433 8
3434 3
3435 5
3436 11
3437 4
3438 4
3439 13
3440 11
3441 6
3442 7
3443 5
3444 11
3445 6
3446 4
3447 6
3448 3
3449 3
3450 7
3451 5
3452 6
3453 7
3454 5
3455 6
3456 10
3457 4
3458 10
3459 14
3460 11
3461 15
3462 21
3463 19
3464 37
3465 30
3466 25
3467 27
3468 15
3469 9
3470 8
3471 9
3472 10
3473 5
3474 7
3475 10
3476 4
3477 6
3478 7
3479 9
3480 4
3481 2
3482 9
3483 10
3484 7
3485 7
3486 8
3487 5
3488 12
3489 9
3490 3
3491 6
3492 7
3493 7
3494 10
3495 5
3496 5
3497 7
3498 4
3499 6
3500 6
3501 5
3502 5
3503 7
3504 6
3505 7
3506 0
3507 11
3508 9
3509 5
3510 3
3511 5
3512 11
3513 2
3514 6
3515 1
3516 2
3517 5
3518 7
3519 5
3520 8
3521 8
3522 10
3523 8
3524 11
3525 3
3526 10
3527 12
3528 11
3529 16
3530 23
3531 32
3532 45
3533 95
3534 90
3535 97
3536 66
3537 46
3538 26
3539 18
3540 9
3541 10
3542 9
3543 6
3544 5
3545 8
3546 9
3547 8
3548 11
3549 17
3550 9
3551 6
3552 9
3553 6
3554 4
3555 7
3556 4
3557 11
3558 5
3559 2
3560 8
3561 5
3562 7
3563 1
3564 4
3565 6
3566 4
3567 7
3568 2
3569 0
3570 4
3571 5
3572 5
3573 4
3574 6
3575 5
3576 6
3577 3
3578 9
3579 5
3580 4
3581 5
3582 3
3583 5
3584 7
3585 3
3586 4
3587 5
3588 5
3589 5
3590 5
3591 7
3592 4
3593 10
3594 18
3595 14
3596 11
3597 17
3598 15
3599 7
3600 6
3601 6
3602 3
3603 7
3604 6
3605 5
3606 4
3607 5
3608 3
3609 3
3610 0
3611 4
3612 6
3613 3
3614 3
3615 1
3616 3
3617 2
3618 5
3619 5
3620 5
3621 3
3622 3
3623 2
3624 5
3625 4
3626 4
3627 2
3628 3
3629 4
3630 4
3631 5
3632 3
3633 3
3634 4
3635 3
3636 3
3637 6
3638 2
3639 11
3640 4
3641 6
3642 7
3643 5
3644 6
3645 3
3646 9
3647 4
3648 3
3649 7
3650 4
3651 1
3652 2
3653 1
3654 2
3655 7
3656 8
3657 4
3658 3
3659 4
3660 3
3661 4
3662 5
3663 5
3664 4
3665 5
3666 10
3667 7
3668 4
3669 5
3670 5
3671 3
3672 7
3673 6
3674 4
3675 4
3676 5
3677 5
3678 7
3679 1
3680 9
3681 2
3682 5
3683 5
3684 4
3685 2
3686 4
3687 4
3688 5
3689 2
3690 4
3691 2
3692 5
3693 2
3694 7
3695 5
3696 3
3697 2
3698 6
3699 6
3700 2
3701 4
3702 8
3703 5
3704 6
3705 3
3706 6
3707 6
3708 9
3709 6
3710 2
3711 5
3712 0
3713 5
3714 7
3715 0
3716 6
3717 4
3718 2
3719 3
3720 2
3721 3
3722 0
3723 5
3724 3
3725 1
3726 5
3727 6
3728 2
3729 4
3730 1
3731 2
3732 2
3733 1
3734 7
3735 3
3736 2
3737 5
3738 2
3739 4
3740 3
3741 4
3742 3
3743 7
3744 7
3745 0
3746 5
3747 5
3748 1
3749 3
3750 3
3751 1
3752 2
3753 4
3754 5
3755 5
3756 3
3757 3
3758 6
3759 4
3760 3
3761 4
3762 4
3763 3
3764 4
3765 3
3766 3
3767 6
3768 6
3769 3
3770 2
3771 1
3772 1
3773 3
3774 3
3775 6
3776 6
3777 6
3778 4
3779 4
3780 6
3781 2
3782 6
3783 5
3784 1
3785 1
3786 3
3787 2
3788 5
3789 3
3790 2
3791 3
3792 3
3793 1
3794 1
3795 4
3796 1
3797 4
3798 3
3799 4
3800 4
3801 5
3802 1
3803 3
3804 3
3805 3
3806 1
3807 1
3808 2
3809 1
3810 2
3811 3
3812 3
3813 4
3814 5
3815 2
3816 0
3817 7
3818 3
3819 1
3820 4
3821 3
3822 2
3823 3
3824 4
3825 2
3826 0
3827 3
3828 2
3829 1
3830 3
3831 4
3832 4
3833 2
3834 3
3835 3
3836 6
3837 2
3838 1
3839 1
3840 3
3841 2
3842 2
3843 4
3844 4
3845 2
3846 4
3847 3
3848 9
3849 2
3850 3
3851 2
3852 1
3853 3
3854 7
3855 3
3856 3
3857 3
3858 1
3859 0
3860 0
3861 4
3862 2
3863 1
3864 1
3865 4
3866 0
3867 2
3868 4
3869 3
3870 3
3871 0
3872 5
3873 0
3874 4
3875 2
3876 2
3877 1
3878 2
3879 2
3880 3
3881 4
3882 3
3883 0
3884 1
3885 4
3886 1
3887 2
3888 0
3889 1
3890 2
3891 2
3892 4
3893 4
3894 3
3895 1
3896 3
3897 4
3898 3
3899 3
3900 3
3901 1
3902 3
3903 2
3904 2
3905 3
3906 3
3907 2
3908 2
3909 2
3910 3
3911 3
3912 6
3913 1
3914 1
3915 7
3916 4
3917 1
3918 15
3919 12
3920 14
3921 6
3922 11
3923 7
3924 6
3925 3
3926 4
3927 5
3928 2
3929 3
3930 6
3931 2
3932 4
3933 0
3934 3
3935 6
3936 2
3937 0
3938 3
3939 1
3940 4
3941 0
3942 2
3943 2
3944 1
3945 2
3946 2
3947 4
3948 3
3949 1
3950 2
3951 2
3952 2
3953 1
3954 3
3955 1
3956 0
3957 2
3958 4
3959 6
3960 2
3961 2
3962 4
3963 2
3964 1
3965 2
3966 2
3967 3
3968 4
3969 1
3970 0
3971 6
3972 2
3973 0
3974 1
3975 4
3976 4
3977 3
3978 1
3979 0
3980 1
3981 5
3982 1
3983 3
3984 3
3985 2
3986 9
3987 3
3988 5
3989 18
3990 9
3991 10
3992 9
3993 6
3994 4
3995 4
3996 4
3997 2
3998 2
3999 3
4000 1
4001 5
4002 2
4003 0
4004 3
4005 6
4006 1
4007 1
4008 1
4009 0
4010 2
4011 1
4012 0
4013 0
4014 2
4015 0
4016 3
4017 4
4018 3
4019 1
4020 1
4021 1
4022 2
4023 0
4024 4
4025 1
4026 4
4027 2
4028 1
4029 3
4030 1
4031 3
4032 0
4033 3
4034 2
4035 3
4036 3
4037 0
4038 4
4039 3
4040 1
4041 3
4042 1
4043 3
4044 3
4045 2
4046 3
4047 1
4048 2
4049 2
4050 0
4051 0
4052 3
4053 3
4054 1
4055 2
4056 3
4057 1
4058 6
4059 3
4060 5
4061 3
4062 2
4063 2
4064 1
4065 2
4066 5
4067 1
4068 3
4069 0
4070 2
4071 3
4072 3
4073 4
4074 1
4075 1
4076 1
4077 0
4078 1
4079 3
4080 2
4081 2
4082 0
4083 6
4084 0
4085 1
4086 2
4087 3
4088 3
4089 2
4090 1
4091 3
4092 2
4093 2
4094 0
4095 1
End
