ASCII channel-by-channel listing for 290_019.18
1139 - 57 - 658 started 2018-10-17 06:33:33.0 on counter 76
Generated Oct 17 2018 16.54.32, CRNG database/web system
Channel Data
0 300
1 348
2 0
3 0
4 0
5 0
6 0
7 0
8 0
9 0
10 0
11 0
12 0
13 0
14 0
15 0
16 0
17 0
18 0
19 0
20 0
21 0
22 0
23 0
24 0
25 0
26 0
27 0
28 0
29 0
30 0
31 0
32 0
33 0
34 0
35 0
36 0
37 0
38 0
39 0
40 0
41 0
42 0
43 0
44 0
45 0
46 0
47 0
48 0
49 0
50 0
51 0
52 0
53 0
54 0
55 0
56 0
57 0
58 0
59 0
60 0
61 0
62 0
63 0
64 0
65 0
66 0
67 0
68 0
69 0
70 0
71 0
72 0
73 0
74 0
75 0
76 0
77 0
78 0
79 0
80 27
81 333
82 1258
83 4028
84 18482
85 27838
86 28190
87 27866
88 27351
89 27136
90 27400
91 26982
92 27259
93 27159
94 26771
95 26701
96 26366
97 26368
98 26633
99 26210
100 26424
101 26332
102 26237
103 25670
104 26078
105 25936
106 25777
107 25703
108 25813
109 25635
110 25728
111 25643
112 25016
113 25420
114 25097
115 25109
116 25194
117 25290
118 25528
119 25117
120 24930
121 24808
122 24957
123 24795
124 24757
125 25118
126 24742
127 25052
128 24736
129 24771
130 24842
131 24895
132 24726
133 25063
134 25095
135 24935
136 24957
137 25007
138 25209
139 25071
140 25280
141 25011
142 25180
143 25179
144 25492
145 26427
146 26930
147 25728
148 25289
149 26557
150 28695
151 26966
152 25162
153 25249
154 25515
155 25275
156 25407
157 25439
158 25344
159 25606
160 25873
161 26012
162 25922
163 26233
164 26393
165 26451
166 26699
167 26978
168 27292
169 28399
170 29001
171 28101
172 27757
173 30800
174 35155
175 31318
176 29911
177 36777
178 36488
179 29470
180 28416
181 28475
182 28861
183 28926
184 29066
185 28904
186 29101
187 29187
188 29492
189 29772
190 29863
191 30106
192 30307
193 30491
194 30782
195 30910
196 31243
197 31463
198 31667
199 31969
200 32438
201 32501
202 32682
203 32696
204 32819
205 33267
206 33433
207 33162
208 33846
209 34037
210 34025
211 34629
212 34316
213 34944
214 34926
215 35303
216 35275
217 35436
218 35885
219 35983
220 35872
221 36057
222 36341
223 37102
224 36654
225 37340
226 37286
227 37585
228 37318
229 38008
230 38421
231 39021
232 39013
233 39308
234 39921
235 42291
236 47487
237 46323
238 50905
239 69254
240 57090
241 42379
242 40593
243 40413
244 40533
245 40514
246 40636
247 40384
248 40522
249 40561
250 40696
251 40680
252 40826
253 40856
254 40555
255 40996
256 41430
257 41651
258 42025
259 42305
260 42614
261 43259
262 43692
263 44006
264 45213
265 46091
266 47822
267 46399
268 45265
269 44984
270 44919
271 44768
272 44538
273 44326
274 44143
275 44265
276 44018
277 43938
278 43950
279 44468
280 44633
281 44366
282 44116
283 44244
284 43941
285 43708
286 43537
287 43394
288 43283
289 42953
290 42993
291 42826
292 42563
293 42406
294 42081
295 41476
296 41472
297 41426
298 41228
299 41248
300 40859
301 40315
302 40478
303 39915
304 40046
305 39582
306 39849
307 39700
308 39654
309 38850
310 38976
311 38981
312 38830
313 38377
314 38039
315 38074
316 38082
317 37862
318 37387
319 37324
320 37196
321 36815
322 36689
323 36281
324 36374
325 36320
326 36509
327 35753
328 35323
329 35554
330 35200
331 35584
332 35046
333 35008
334 34719
335 34165
336 34333
337 34382
338 35308
339 35841
340 34848
341 34893
342 34729
343 34549
344 34910
345 34630
346 34665
347 34606
348 34466
349 34604
350 34667
351 34579
352 34899
353 34712
354 34594
355 35189
356 35791
357 35842
358 35728
359 35198
360 34652
361 34640
362 34713
363 34723
364 34626
365 34678
366 34493
367 34551
368 34244
369 34430
370 34094
371 34036
372 33964
373 33451
374 33474
375 33407
376 32867
377 32574
378 32601
379 32521
380 32495
381 31865
382 31627
383 31568
384 31361
385 31306
386 31265
387 30479
388 30372
389 30306
390 30167
391 29925
392 29693
393 29350
394 29285
395 29047
396 28864
397 28893
398 28420
399 28133
400 27987
401 28563
402 28442
403 27663
404 27255
405 27180
406 26753
407 26425
408 26416
409 26633
410 27537
411 36170
412 89269
413 167896
414 112838
415 40831
416 27238
417 25754
418 24859
419 24904
420 24156
421 23860
422 23627
423 23133
424 22849
425 22618
426 22768
427 22153
428 22225
429 21757
430 21785
431 21609
432 21578
433 21259
434 21190
435 21267
436 21127
437 20786
438 20632
439 20783
440 20459
441 20588
442 20875
443 20065
444 19971
445 19634
446 19608
447 19571
448 19425
449 19439
450 18896
451 19084
452 18752
453 19148
454 18797
455 18748
456 18657
457 18604
458 18609
459 18278
460 18181
461 18238
462 18357
463 18012
464 17962
465 18021
466 17922
467 17871
468 17682
469 17570
470 17679
471 17445
472 17670
473 17385
474 17683
475 17499
476 17471
477 17387
478 17379
479 17239
480 17461
481 17170
482 16982
483 17160
484 17317
485 16974
486 16924
487 16763
488 16867
489 17003
490 16859
491 16881
492 16957
493 16932
494 16880
495 16810
496 16798
497 16768
498 16758
499 16678
500 16597
501 16876
502 16682
503 16568
504 16763
505 16815
506 17012
507 20057
508 29214
509 33357
510 23133
511 17704
512 16759
513 16811
514 16495
515 16617
516 16812
517 16793
518 16506
519 16811
520 16947
521 17012
522 16962
523 17136
524 17139
525 17702
526 18379
527 20012
528 25456
529 61584
530 255082
531 563026
532 420563
533 114718
534 34892
535 30952
536 29554
537 23195
538 19342
539 17926
540 17002
541 16864
542 16514
543 16098
544 15862
545 15630
546 15714
547 15419
548 15511
549 15331
550 15337
551 16664
552 18258
553 16890
554 15129
555 14750
556 14659
557 14512
558 14444
559 14204
560 14285
561 14173
562 14257
563 14288
564 13942
565 13990
566 13889
567 13975
568 13819
569 13796
570 13906
571 13901
572 13881
573 13700
574 13760
575 13818
576 13747
577 13805
578 13272
579 13308
580 13631
581 13230
582 13365
583 13493
584 13436
585 13396
586 13388
587 13435
588 13437
589 13461
590 13283
591 13580
592 13437
593 13545
594 13696
595 14210
596 15302
597 19151
598 40639
599 137019
600 279351
601 214916
602 66391
603 22156
604 16753
605 15334
606 14606
607 14106
608 13937
609 14113
610 13460
611 12762
612 12725
613 12556
614 12518
615 12359
616 12345
617 12337
618 12093
619 11930
620 11967
621 11918
622 12034
623 11754
624 11629
625 11565
626 11572
627 11634
628 11384
629 11349
630 11471
631 11103
632 11320
633 11341
634 11131
635 11053
636 11107
637 11260
638 11268
639 11127
640 10845
641 10905
642 10720
643 10705
644 10624
645 10708
646 10724
647 10538
648 10527
649 10519
650 10501
651 10634
652 10618
653 10693
654 10492
655 10421
656 10775
657 11329
658 11616
659 10778
660 10356
661 10092
662 10052
663 10076
664 10153
665 9995
666 9934
667 10177
668 10135
669 9791
670 10077
671 9757
672 9876
673 9652
674 9883
675 9654
676 9807
677 9665
678 9774
679 9453
680 9591
681 9473
682 9673
683 9372
684 9303
685 9634
686 9774
687 9715
688 9329
689 9018
690 8901
691 8960
692 9027
693 8808
694 8788
695 8572
696 8638
697 8489
698 8486
699 8474
700 8447
701 8298
702 8398
703 8277
704 8256
705 8119
706 8200
707 8103
708 8117
709 7993
710 7909
711 8001
712 8049
713 7883
714 7831
715 7969
716 7890
717 7894
718 7782
719 7892
720 7903
721 7683
722 7665
723 7780
724 7840
725 7655
726 7791
727 7650
728 7618
729 7575
730 7456
731 7655
732 7753
733 7625
734 7755
735 7650
736 7478
737 7474
738 7562
739 7398
740 7381
741 7471
742 7512
743 7341
744 7373
745 7545
746 7498
747 7258
748 7451
749 7401
750 7317
751 7168
752 7339
753 7256
754 7173
755 7143
756 7372
757 7779
758 10318
759 16685
760 18799
761 12666
762 8324
763 7409
764 7235
765 7075
766 7213
767 6967
768 7102
769 6997
770 7069
771 6926
772 6888
773 7329
774 8136
775 10298
776 11369
777 9055
778 7350
779 7001
780 6985
781 6905
782 6909
783 6693
784 6818
785 6756
786 6694
787 6541
788 6575
789 6611
790 6595
791 6509
792 6500
793 6652
794 6803
795 8118
796 10070
797 9114
798 7605
799 7554
800 8333
801 7843
802 6654
803 6268
804 6144
805 6103
806 6057
807 6008
808 6034
809 5990
810 5960
811 6017
812 6034
813 5809
814 5934
815 5884
816 5797
817 5899
818 5797
819 5786
820 5709
821 5867
822 5756
823 5716
824 5703
825 5660
826 5683
827 5768
828 5801
829 5708
830 5604
831 5806
832 5713
833 5611
834 5569
835 5540
836 5548
837 5570
838 5506
839 5605
840 5503
841 5468
842 5392
843 5341
844 5241
845 5345
846 5399
847 5285
848 5202
849 5200
850 5146
851 5146
852 5092
853 5127
854 4979
855 4895
856 4860
857 4785
858 4863
859 4687
860 4650
861 4646
862 4597
863 4578
864 4642
865 4748
866 4608
867 4669
868 4813
869 4580
870 4546
871 4447
872 4388
873 4658
874 4637
875 4497
876 4430
877 4281
878 4356
879 4233
880 4233
881 4240
882 4222
883 4206
884 4166
885 4247
886 4168
887 4151
888 4058
889 4162
890 4079
891 4090
892 4145
893 4790
894 5425
895 5501
896 4640
897 4320
898 4113
899 4096
900 3930
901 3970
902 3957
903 3990
904 3913
905 3927
906 3880
907 3858
908 3792
909 3879
910 3920
911 3863
912 3844
913 3827
914 3956
915 3673
916 3765
917 4181
918 4584
919 4215
920 3897
921 3714
922 3753
923 3734
924 3537
925 3669
926 3656
927 3628
928 3693
929 3830
930 4143
931 4277
932 3956
933 3744
934 3541
935 3545
936 3515
937 3586
938 3511
939 3581
940 3609
941 3556
942 3687
943 3459
944 3628
945 3555
946 3466
947 3482
948 3437
949 3451
950 3432
951 3384
952 3425
953 3427
954 3500
955 3578
956 3704
957 3487
958 3678
959 4637
960 7733
961 11015
962 9428
963 5510
964 4278
965 5374
966 9791
967 14506
968 12109
969 7130
970 5190
971 4521
972 3998
973 4444
974 5073
975 4609
976 3755
977 3318
978 3248
979 3165
980 3157
981 3240
982 3081
983 3163
984 3119
985 3144
986 3103
987 3017
988 3127
989 3146
990 3280
991 3132
992 3127
993 3128
994 3010
995 3088
996 3005
997 3084
998 3114
999 3084
1000 3041
1001 3035
1002 3043
1003 3022
1004 3107
1005 3013
1006 3039
1007 3011
1008 3042
1009 3121
1010 3294
1011 3542
1012 3737
1013 3702
1014 3637
1015 4171
1016 4994
1017 6761
1018 10407
1019 15990
1020 22939
1021 29561
1022 32101
1023 30137
1024 24104
1025 16736
1026 11112
1027 7200
1028 5370
1029 4627
1030 4236
1031 4189
1032 4614
1033 6879
1034 17030
1035 46288
1036 76727
1037 63359
1038 26473
1039 8368
1040 4630
1041 3916
1042 3625
1043 3525
1044 3492
1045 3241
1046 3211
1047 3125
1048 3150
1049 2927
1050 3006
1051 3004
1052 2947
1053 2923
1054 2952
1055 3117
1056 3364
1057 3457
1058 3298
1059 2880
1060 2935
1061 2850
1062 2864
1063 2780
1064 2759
1065 2678
1066 2714
1067 2619
1068 2558
1069 2694
1070 2609
1071 2585
1072 2681
1073 2669
1074 2591
1075 2554
1076 2547
1077 2612
1078 2589
1079 2625
1080 2450
1081 2642
1082 2625
1083 2479
1084 2555
1085 2539
1086 2558
1087 2536
1088 2653
1089 2763
1090 3307
1091 4561
1092 5699
1093 5194
1094 3538
1095 2768
1096 2551
1097 2571
1098 2585
1099 2487
1100 2447
1101 2522
1102 2518
1103 2504
1104 2422
1105 2453
1106 2455
1107 2501
1108 2513
1109 2527
1110 2526
1111 2528
1112 2548
1113 2403
1114 2533
1115 2418
1116 2558
1117 2451
1118 2605
1119 2462
1120 2576
1121 2637
1122 2689
1123 2547
1124 2759
1125 3195
1126 3267
1127 3138
1128 2746
1129 2599
1130 2664
1131 2888
1132 3558
1133 4582
1134 5117
1135 4199
1136 3075
1137 2739
1138 2765
1139 2825
1140 3136
1141 4185
1142 8195
1143 21606
1144 43700
1145 49436
1146 29065
1147 10581
1148 4495
1149 3517
1150 3631
1151 4183
1152 7140
1153 15332
1154 25144
1155 22768
1156 11643
1157 5028
1158 3299
1159 3050
1160 2828
1161 2808
1162 2607
1163 2763
1164 2636
1165 2618
1166 2604
1167 2568
1168 2583
1169 2557
1170 2518
1171 2395
1172 2425
1173 2434
1174 2605
1175 2734
1176 2927
1177 2706
1178 2428
1179 2480
1180 2370
1181 2278
1182 2298
1183 2370
1184 2292
1185 2246
1186 2364
1187 2176
1188 2255
1189 2234
1190 2139
1191 2182
1192 2115
1193 2202
1194 2184
1195 2170
1196 2131
1197 2166
1198 2154
1199 2218
1200 2186
1201 2148
1202 2226
1203 2335
1204 2457
1205 2547
1206 3161
1207 4885
1208 9608
1209 14961
1210 15705
1211 17314
1212 36655
1213 71903
1214 82608
1215 49150
1216 16608
1217 5764
1218 3696
1219 3201
1220 2901
1221 2772
1222 2611
1223 2558
1224 2451
1225 2408
1226 2355
1227 2318
1228 2224
1229 2204
1230 2240
1231 2214
1232 2154
1233 2039
1234 2052
1235 2057
1236 2038
1237 1997
1238 2030
1239 2044
1240 2011
1241 2087
1242 2499
1243 3187
1244 3621
1245 3063
1246 2308
1247 1920
1248 1924
1249 1860
1250 1905
1251 1759
1252 1862
1253 1843
1254 1770
1255 1939
1256 1882
1257 1825
1258 1810
1259 1780
1260 1822
1261 1722
1262 1806
1263 1708
1264 1735
1265 1702
1266 1728
1267 1661
1268 1793
1269 1710
1270 1637
1271 1629
1272 1635
1273 1543
1274 1591
1275 1549
1276 1567
1277 1624
1278 1527
1279 1554
1280 1537
1281 1515
1282 1565
1283 1596
1284 1547
1285 1493
1286 1543
1287 1531
1288 1507
1289 1468
1290 1432
1291 1515
1292 1489
1293 1523
1294 1444
1295 1495
1296 1459
1297 1448
1298 1492
1299 1442
1300 1383
1301 1410
1302 1433
1303 1526
1304 1495
1305 1504
1306 1372
1307 1380
1308 1362
1309 1461
1310 1365
1311 1412
1312 1389
1313 1415
1314 1363
1315 1419
1316 1401
1317 1329
1318 1396
1319 1396
1320 1340
1321 1344
1322 1344
1323 1434
1324 1353
1325 1440
1326 1446
1327 1651
1328 1920
1329 2968
1330 6169
1331 11123
1332 13186
1333 9096
1334 4287
1335 2016
1336 1554
1337 1510
1338 1430
1339 1352
1340 1302
1341 1238
1342 1403
1343 1308
1344 1323
1345 1202
1346 1227
1347 1267
1348 1250
1349 1201
1350 1188
1351 1181
1352 1231
1353 1181
1354 1180
1355 1096
1356 1151
1357 1211
1358 1137
1359 1101
1360 1156
1361 1110
1362 1120
1363 1220
1364 1200
1365 1162
1366 1285
1367 1638
1368 2277
1369 2495
1370 2023
1371 1456
1372 1121
1373 1110
1374 1106
1375 1082
1376 1065
1377 1114
1378 1047
1379 1067
1380 1048
1381 1032
1382 1009
1383 1093
1384 1003
1385 1006
1386 1048
1387 1037
1388 1013
1389 1054
1390 1041
1391 1016
1392 1073
1393 1130
1394 1135
1395 1066
1396 1015
1397 1001
1398 1007
1399 979
1400 953
1401 964
1402 997
1403 945
1404 981
1405 971
1406 955
1407 1014
1408 874
1409 891
1410 889
1411 940
1412 941
1413 872
1414 854
1415 869
1416 896
1417 855
1418 874
1419 941
1420 804
1421 841
1422 893
1423 893
1424 916
1425 1026
1426 1002
1427 874
1428 854
1429 831
1430 851
1431 840
1432 849
1433 837
1434 829
1435 1073
1436 1405
1437 1978
1438 2126
1439 1699
1440 1187
1441 879
1442 845
1443 842
1444 802
1445 777
1446 790
1447 873
1448 774
1449 844
1450 804
1451 752
1452 811
1453 837
1454 892
1455 993
1456 1065
1457 1007
1458 920
1459 838
1460 750
1461 775
1462 754
1463 758
1464 779
1465 720
1466 746
1467 718
1468 742
1469 672
1470 724
1471 684
1472 669
1473 715
1474 726
1475 749
1476 860
1477 867
1478 842
1479 803
1480 747
1481 736
1482 719
1483 734
1484 694
1485 706
1486 747
1487 678
1488 678
1489 715
1490 708
1491 746
1492 671
1493 743
1494 654
1495 686
1496 679
1497 669
1498 670
1499 666
1500 667
1501 682
1502 747
1503 759
1504 777
1505 667
1506 671
1507 680
1508 619
1509 661
1510 690
1511 638
1512 621
1513 650
1514 635
1515 663
1516 634
1517 678
1518 620
1519 624
1520 630
1521 635
1522 604
1523 672
1524 672
1525 666
1526 684
1527 651
1528 627
1529 621
1530 602
1531 617
1532 644
1533 646
1534 627
1535 601
1536 631
1537 622
1538 631
1539 609
1540 684
1541 785
1542 825
1543 774
1544 799
1545 928
1546 1275
1547 1653
1548 1804
1549 1560
1550 1056
1551 835
1552 759
1553 862
1554 1113
1555 1511
1556 1771
1557 1515
1558 1044
1559 867
1560 876
1561 964
1562 1182
1563 1660
1564 3384
1565 8699
1566 19146
1567 30399
1568 28716
1569 16342
1570 6026
1571 2084
1572 1262
1573 1078
1574 957
1575 893
1576 803
1577 758
1578 750
1579 769
1580 672
1581 657
1582 676
1583 663
1584 682
1585 623
1586 646
1587 666
1588 647
1589 614
1590 578
1591 579
1592 566
1593 587
1594 578
1595 568
1596 536
1597 517
1598 551
1599 560
1600 562
1601 523
1602 524
1603 511
1604 515
1605 548
1606 545
1607 504
1608 500
1609 522
1610 527
1611 502
1612 549
1613 534
1614 575
1615 534
1616 534
1617 468
1618 507
1619 536
1620 490
1621 509
1622 551
1623 500
1624 509
1625 533
1626 506
1627 513
1628 522
1629 593
1630 754
1631 968
1632 957
1633 800
1634 605
1635 539
1636 514
1637 523
1638 487
1639 478
1640 435
1641 491
1642 509
1643 517
1644 448
1645 521
1646 529
1647 502
1648 542
1649 666
1650 752
1651 732
1652 897
1653 1278
1654 2710
1655 6189
1656 11788
1657 14728
1658 11513
1659 5588
1660 2001
1661 977
1662 746
1663 693
1664 704
1665 694
1666 615
1667 625
1668 668
1669 799
1670 915
1671 829
1672 645
1673 529
1674 470
1675 521
1676 473
1677 480
1678 436
1679 461
1680 466
1681 459
1682 468
1683 445
1684 410
1685 423
1686 454
1687 471
1688 546
1689 637
1690 791
1691 735
1692 594
1693 469
1694 444
1695 415
1696 403
1697 388
1698 419
1699 413
1700 390
1701 391
1702 393
1703 410
1704 398
1705 406
1706 409
1707 382
1708 397
1709 445
1710 416
1711 416
1712 416
1713 412
1714 382
1715 380
1716 379
1717 393
1718 371
1719 380
1720 385
1721 383
1722 385
1723 392
1724 409
1725 406
1726 376
1727 385
1728 410
1729 392
1730 412
1731 420
1732 385
1733 450
1734 458
1735 504
1736 550
1737 602
1738 653
1739 909
1740 1895
1741 3947
1742 6874
1743 8575
1744 6717
1745 3439
1746 1442
1747 838
1748 862
1749 964
1750 891
1751 705
1752 524
1753 470
1754 394
1755 402
1756 376
1757 352
1758 371
1759 378
1760 364
1761 381
1762 379
1763 375
1764 372
1765 350
1766 361
1767 385
1768 377
1769 357
1770 347
1771 371
1772 342
1773 334
1774 372
1775 353
1776 323
1777 318
1778 313
1779 347
1780 340
1781 355
1782 317
1783 338
1784 325
1785 368
1786 368
1787 370
1788 383
1789 465
1790 399
1791 385
1792 319
1793 338
1794 322
1795 377
1796 335
1797 314
1798 351
1799 344
1800 345
1801 347
1802 351
1803 335
1804 366
1805 377
1806 370
1807 418
1808 589
1809 1053
1810 2016
1811 3561
1812 4128
1813 3317
1814 1708
1815 787
1816 433
1817 386
1818 367
1819 354
1820 324
1821 346
1822 357
1823 326
1824 316
1825 334
1826 308
1827 308
1828 342
1829 318
1830 313
1831 289
1832 342
1833 328
1834 307
1835 288
1836 316
1837 302
1838 311
1839 345
1840 359
1841 338
1842 284
1843 263
1844 262
1845 276
1846 294
1847 307
1848 360
1849 352
1850 403
1851 393
1852 370
1853 314
1854 299
1855 284
1856 287
1857 287
1858 306
1859 276
1860 284
1861 261
1862 282
1863 292
1864 305
1865 315
1866 297
1867 376
1868 301
1869 346
1870 281
1871 286
1872 278
1873 291
1874 271
1875 300
1876 257
1877 264
1878 231
1879 247
1880 258
1881 274
1882 252
1883 262
1884 271
1885 251
1886 256
1887 268
1888 280
1889 250
1890 275
1891 246
1892 268
1893 269
1894 263
1895 248
1896 225
1897 226
1898 245
1899 256
1900 246
1901 247
1902 263
1903 274
1904 216
1905 269
1906 261
1907 275
1908 259
1909 234
1910 256
1911 259
1912 242
1913 246
1914 247
1915 262
1916 231
1917 249
1918 230
1919 255
1920 218
1921 229
1922 228
1923 254
1924 249
1925 278
1926 305
1927 371
1928 585
1929 839
1930 975
1931 857
1932 532
1933 333
1934 261
1935 221
1936 236
1937 241
1938 231
1939 249
1940 223
1941 225
1942 214
1943 219
1944 227
1945 223
1946 217
1947 229
1948 222
1949 225
1950 238
1951 228
1952 222
1953 220
1954 227
1955 195
1956 213
1957 209
1958 247
1959 202
1960 226
1961 199
1962 206
1963 208
1964 212
1965 217
1966 241
1967 281
1968 326
1969 331
1970 340
1971 258
1972 246
1973 211
1974 200
1975 191
1976 176
1977 173
1978 184
1979 169
1980 171
1981 192
1982 195
1983 174
1984 181
1985 221
1986 234
1987 231
1988 196
1989 214
1990 214
1991 208
1992 186
1993 172
1994 165
1995 144
1996 167
1997 182
1998 185
1999 187
2000 165
2001 186
2002 171
2003 170
2004 179
2005 160
2006 164
2007 178
2008 184
2009 150
2010 175
2011 162
2012 174
2013 179
2014 167
2015 170
2016 155
2017 174
2018 186
2019 177
2020 148
2021 171
2022 161
2023 178
2024 164
2025 159
2026 170
2027 155
2028 162
2029 176
2030 159
2031 183
2032 165
2033 168
2034 170
2035 159
2036 160
2037 177
2038 152
2039 149
2040 133
2041 129
2042 152
2043 146
2044 156
2045 138
2046 145
2047 158
2048 164
2049 184
2050 142
2051 154
2052 170
2053 163
2054 158
2055 174
2056 142
2057 141
2058 159
2059 141
2060 151
2061 154
2062 154
2063 143
2064 127
2065 128
2066 138
2067 154
2068 126
2069 132
2070 115
2071 149
2072 144
2073 161
2074 145
2075 169
2076 214
2077 234
2078 234
2079 171
2080 151
2081 138
2082 150
2083 133
2084 145
2085 144
2086 103
2087 123
2088 130
2089 133
2090 125
2091 144
2092 136
2093 134
2094 140
2095 129
2096 154
2097 151
2098 154
2099 134
2100 138
2101 153
2102 158
2103 224
2104 259
2105 209
2106 169
2107 139
2108 140
2109 123
2110 127
2111 114
2112 97
2113 130
2114 123
2115 130
2116 109
2117 108
2118 118
2119 116
2120 118
2121 125
2122 118
2123 123
2124 130
2125 107
2126 122
2127 123
2128 106
2129 133
2130 141
2131 101
2132 108
2133 115
2134 110
2135 124
2136 117
2137 112
2138 124
2139 118
2140 101
2141 100
2142 102
2143 107
2144 112
2145 94
2146 96
2147 97
2148 103
2149 108
2150 134
2151 112
2152 106
2153 114
2154 98
2155 104
2156 128
2157 95
2158 107
2159 117
2160 127
2161 117
2162 109
2163 107
2164 122
2165 110
2166 101
2167 95
2168 141
2169 104
2170 122
2171 102
2172 105
2173 95
2174 108
2175 89
2176 98
2177 103
2178 105
2179 87
2180 109
2181 96
2182 103
2183 95
2184 111
2185 106
2186 132
2187 93
2188 100
2189 92
2190 89
2191 97
2192 95
2193 82
2194 81
2195 98
2196 102
2197 83
2198 84
2199 91
2200 100
2201 110
2202 137
2203 151
2204 132
2205 123
2206 109
2207 103
2208 79
2209 93
2210 109
2211 101
2212 89
2213 90
2214 78
2215 97
2216 86
2217 95
2218 82
2219 88
2220 80
2221 95
2222 99
2223 80
2224 101
2225 74
2226 74
2227 94
2228 104
2229 88
2230 90
2231 73
2232 86
2233 81
2234 93
2235 90
2236 94
2237 77
2238 88
2239 87
2240 86
2241 90
2242 75
2243 102
2244 100
2245 95
2246 87
2247 87
2248 81
2249 88
2250 96
2251 81
2252 93
2253 79
2254 86
2255 75
2256 83
2257 86
2258 92
2259 84
2260 74
2261 81
2262 91
2263 79
2264 103
2265 81
2266 80
2267 89
2268 68
2269 78
2270 93
2271 91
2272 86
2273 71
2274 93
2275 97
2276 117
2277 146
2278 219
2279 212
2280 196
2281 152
2282 112
2283 77
2284 85
2285 81
2286 92
2287 87
2288 78
2289 77
2290 102
2291 86
2292 91
2293 82
2294 128
2295 166
2296 256
2297 459
2298 837
2299 1101
2300 1088
2301 740
2302 437
2303 208
2304 106
2305 104
2306 79
2307 84
2308 99
2309 93
2310 92
2311 70
2312 95
2313 85
2314 85
2315 78
2316 92
2317 76
2318 68
2319 75
2320 77
2321 72
2322 90
2323 83
2324 97
2325 85
2326 83
2327 91
2328 93
2329 78
2330 94
2331 76
2332 73
2333 96
2334 82
2335 89
2336 104
2337 105
2338 98
2339 127
2340 152
2341 244
2342 380
2343 377
2344 401
2345 269
2346 291
2347 346
2348 410
2349 365
2350 274
2351 155
2352 118
2353 98
2354 83
2355 84
2356 96
2357 101
2358 151
2359 137
2360 160
2361 151
2362 143
2363 171
2364 234
2365 396
2366 748
2367 1336
2368 1764
2369 1768
2370 1318
2371 618
2372 259
2373 159
2374 88
2375 106
2376 92
2377 110
2378 95
2379 91
2380 76
2381 85
2382 69
2383 64
2384 78
2385 68
2386 69
2387 67
2388 68
2389 77
2390 73
2391 78
2392 81
2393 64
2394 63
2395 72
2396 74
2397 74
2398 78
2399 76
2400 67
2401 87
2402 68
2403 62
2404 64
2405 79
2406 71
2407 62
2408 72
2409 79
2410 77
2411 75
2412 75
2413 66
2414 73
2415 52
2416 80
2417 73
2418 71
2419 74
2420 74
2421 78
2422 87
2423 89
2424 94
2425 99
2426 115
2427 169
2428 202
2429 212
2430 186
2431 131
2432 95
2433 77
2434 70
2435 65
2436 74
2437 54
2438 69
2439 60
2440 56
2441 58
2442 72
2443 55
2444 70
2445 60
2446 51
2447 59
2448 66
2449 80
2450 60
2451 65
2452 72
2453 63
2454 68
2455 57
2456 52
2457 67
2458 57
2459 77
2460 57
2461 70
2462 78
2463 87
2464 126
2465 201
2466 213
2467 207
2468 148
2469 104
2470 77
2471 75
2472 59
2473 70
2474 62
2475 52
2476 67
2477 64
2478 74
2479 57
2480 57
2481 58
2482 62
2483 58
2484 51
2485 52
2486 48
2487 63
2488 52
2489 68
2490 55
2491 56
2492 71
2493 67
2494 60
2495 55
2496 72
2497 37
2498 56
2499 58
2500 60
2501 60
2502 43
2503 68
2504 62
2505 60
2506 58
2507 62
2508 69
2509 61
2510 65
2511 62
2512 60
2513 74
2514 64
2515 57
2516 65
2517 61
2518 61
2519 64
2520 59
2521 69
2522 53
2523 57
2524 56
2525 66
2526 55
2527 50
2528 63
2529 69
2530 52
2531 65
2532 47
2533 56
2534 64
2535 60
2536 56
2537 58
2538 53
2539 57
2540 60
2541 51
2542 51
2543 56
2544 66
2545 61
2546 46
2547 70
2548 65
2549 57
2550 65
2551 77
2552 53
2553 50
2554 55
2555 47
2556 49
2557 50
2558 50
2559 45
2560 62
2561 49
2562 61
2563 50
2564 49
2565 57
2566 55
2567 58
2568 58
2569 76
2570 54
2571 59
2572 49
2573 49
2574 56
2575 69
2576 56
2577 58
2578 65
2579 50
2580 54
2581 46
2582 58
2583 53
2584 56
2585 65
2586 41
2587 41
2588 59
2589 54
2590 57
2591 59
2592 45
2593 49
2594 55
2595 73
2596 87
2597 98
2598 148
2599 159
2600 127
2601 83
2602 61
2603 65
2604 64
2605 48
2606 58
2607 52
2608 60
2609 48
2610 51
2611 57
2612 44
2613 56
2614 52
2615 51
2616 57
2617 48
2618 46
2619 51
2620 37
2621 46
2622 42
2623 61
2624 56
2625 55
2626 53
2627 54
2628 49
2629 60
2630 54
2631 36
2632 38
2633 45
2634 59
2635 48
2636 45
2637 41
2638 48
2639 53
2640 45
2641 69
2642 51
2643 57
2644 52
2645 56
2646 51
2647 45
2648 50
2649 44
2650 53
2651 48
2652 49
2653 68
2654 47
2655 37
2656 37
2657 55
2658 65
2659 51
2660 58
2661 54
2662 42
2663 43
2664 48
2665 63
2666 66
2667 48
2668 41
2669 51
2670 57
2671 57
2672 57
2673 38
2674 47
2675 49
2676 43
2677 56
2678 50
2679 47
2680 56
2681 53
2682 51
2683 53
2684 45
2685 43
2686 57
2687 56
2688 38
2689 50
2690 35
2691 49
2692 45
2693 36
2694 46
2695 55
2696 55
2697 50
2698 43
2699 60
2700 49
2701 54
2702 55
2703 54
2704 45
2705 49
2706 57
2707 49
2708 54
2709 42
2710 43
2711 36
2712 40
2713 49
2714 44
2715 45
2716 51
2717 37
2718 50
2719 47
2720 46
2721 39
2722 53
2723 62
2724 53
2725 38
2726 41
2727 46
2728 43
2729 43
2730 37
2731 56
2732 49
2733 47
2734 51
2735 37
2736 47
2737 49
2738 40
2739 50
2740 38
2741 57
2742 27
2743 41
2744 46
2745 49
2746 28
2747 34
2748 36
2749 42
2750 43
2751 31
2752 42
2753 30
2754 41
2755 45
2756 37
2757 36
2758 26
2759 44
2760 31
2761 34
2762 42
2763 39
2764 37
2765 31
2766 34
2767 32
2768 27
2769 29
2770 32
2771 42
2772 28
2773 42
2774 29
2775 32
2776 27
2777 36
2778 35
2779 31
2780 44
2781 31
2782 38
2783 35
2784 45
2785 37
2786 34
2787 45
2788 40
2789 32
2790 39
2791 31
2792 37
2793 37
2794 32
2795 26
2796 32
2797 27
2798 22
2799 37
2800 33
2801 32
2802 33
2803 26
2804 24
2805 27
2806 25
2807 39
2808 23
2809 38
2810 32
2811 22
2812 37
2813 24
2814 30
2815 28
2816 30
2817 37
2818 33
2819 26
2820 29
2821 23
2822 22
2823 35
2824 31
2825 31
2826 32
2827 22
2828 38
2829 35
2830 30
2831 29
2832 21
2833 32
2834 26
2835 32
2836 36
2837 18
2838 31
2839 24
2840 35
2841 26
2842 23
2843 29
2844 18
2845 26
2846 39
2847 34
2848 30
2849 23
2850 33
2851 38
2852 33
2853 36
2854 27
2855 29
2856 23
2857 24
2858 28
2859 26
2860 26
2861 29
2862 22
2863 28
2864 26
2865 24
2866 33
2867 36
2868 19
2869 33
2870 40
2871 36
2872 31
2873 37
2874 39
2875 36
2876 44
2877 65
2878 77
2879 108
2880 118
2881 69
2882 38
2883 28
2884 28
2885 19
2886 24
2887 23
2888 32
2889 27
2890 26
2891 30
2892 19
2893 24
2894 30
2895 18
2896 28
2897 38
2898 24
2899 24
2900 31
2901 31
2902 28
2903 21
2904 25
2905 17
2906 19
2907 21
2908 26
2909 26
2910 23
2911 16
2912 24
2913 24
2914 24
2915 23
2916 27
2917 20
2918 20
2919 21
2920 27
2921 20
2922 24
2923 27
2924 28
2925 30
2926 30
2927 26
2928 28
2929 45
2930 65
2931 97
2932 178
2933 233
2934 273
2935 241
2936 195
2937 109
2938 59
2939 34
2940 24
2941 24
2942 18
2943 23
2944 27
2945 22
2946 22
2947 29
2948 24
2949 13
2950 21
2951 20
2952 25
2953 20
2954 16
2955 18
2956 24
2957 28
2958 30
2959 29
2960 26
2961 36
2962 20
2963 29
2964 18
2965 26
2966 19
2967 23
2968 31
2969 15
2970 18
2971 19
2972 21
2973 17
2974 18
2975 17
2976 19
2977 15
2978 12
2979 16
2980 12
2981 20
2982 16
2983 22
2984 21
2985 16
2986 10
2987 32
2988 12
2989 16
2990 14
2991 17
2992 20
2993 20
2994 22
2995 19
2996 18
2997 16
2998 13
2999 24
3000 53
3001 51
3002 75
3003 68
3004 88
3005 60
3006 53
3007 30
3008 18
3009 19
3010 19
3011 12
3012 14
3013 16
3014 21
3015 15
3016 13
3017 18
3018 15
3019 12
3020 13
3021 12
3022 17
3023 24
3024 26
3025 17
3026 18
3027 19
3028 19
3029 17
3030 16
3031 16
3032 16
3033 17
3034 19
3035 12
3036 12
3037 19
3038 12
3039 19
3040 18
3041 12
3042 20
3043 20
3044 16
3045 14
3046 21
3047 16
3048 11
3049 13
3050 19
3051 14
3052 16
3053 17
3054 20
3055 14
3056 21
3057 25
3058 17
3059 21
3060 15
3061 28
3062 29
3063 31
3064 41
3065 33
3066 28
3067 17
3068 13
3069 22
3070 9
3071 19
3072 11
3073 13
3074 16
3075 11
3076 16
3077 13
3078 8
3079 5
3080 9
3081 12
3082 19
3083 19
3084 15
3085 24
3086 9
3087 18
3088 18
3089 17
3090 11
3091 8
3092 11
3093 9
3094 12
3095 15
3096 14
3097 14
3098 14
3099 18
3100 26
3101 26
3102 19
3103 17
3104 19
3105 15
3106 19
3107 13
3108 26
3109 40
3110 32
3111 35
3112 29
3113 24
3114 16
3115 16
3116 18
3117 23
3118 44
3119 55
3120 83
3121 90
3122 98
3123 74
3124 44
3125 16
3126 12
3127 15
3128 11
3129 13
3130 15
3131 13
3132 11
3133 11
3134 10
3135 14
3136 12
3137 16
3138 8
3139 15
3140 19
3141 16
3142 19
3143 15
3144 13
3145 12
3146 11
3147 15
3148 13
3149 12
3150 19
3151 11
3152 12
3153 19
3154 12
3155 10
3156 8
3157 16
3158 7
3159 9
3160 21
3161 17
3162 13
3163 11
3164 14
3165 17
3166 14
3167 11
3168 17
3169 32
3170 32
3171 41
3172 42
3173 28
3174 31
3175 25
3176 16
3177 20
3178 20
3179 9
3180 12
3181 13
3182 18
3183 24
3184 16
3185 41
3186 34
3187 61
3188 109
3189 190
3190 309
3191 473
3192 683
3193 654
3194 571
3195 407
3196 227
3197 105
3198 35
3199 33
3200 26
3201 18
3202 18
3203 13
3204 16
3205 16
3206 22
3207 15
3208 23
3209 12
3210 19
3211 8
3212 13
3213 17
3214 15
3215 16
3216 9
3217 7
3218 19
3219 12
3220 13
3221 14
3222 11
3223 9
3224 9
3225 13
3226 18
3227 14
3228 11
3229 13
3230 12
3231 11
3232 10
3233 8
3234 11
3235 7
3236 9
3237 12
3238 8
3239 8
3240 6
3241 7
3242 15
3243 10
3244 5
3245 15
3246 8
3247 16
3248 7
3249 10
3250 9
3251 6
3252 7
3253 6
3254 5
3255 10
3256 8
3257 6
3258 14
3259 17
3260 7
3261 7
3262 9
3263 16
3264 10
3265 6
3266 10
3267 8
3268 20
3269 12
3270 11
3271 13
3272 8
3273 9
3274 4
3275 6
3276 9
3277 4
3278 3
3279 9
3280 6
3281 7
3282 11
3283 13
3284 11
3285 8
3286 8
3287 5
3288 9
3289 8
3290 7
3291 7
3292 7
3293 4
3294 10
3295 14
3296 10
3297 2
3298 9
3299 4
3300 10
3301 6
3302 3
3303 5
3304 4
3305 8
3306 6
3307 8
3308 13
3309 3
3310 5
3311 7
3312 9
3313 5
3314 5
3315 7
3316 10
3317 4
3318 6
3319 4
3320 3
3321 7
3322 6
3323 8
3324 7
3325 4
3326 9
3327 10
3328 6
3329 7
3330 10
3331 12
3332 4
3333 8
3334 4
3335 4
3336 5
3337 7
3338 12
3339 6
3340 5
3341 7
3342 5
3343 5
3344 7
3345 6
3346 6
3347 7
3348 5
3349 5
3350 5
3351 5
3352 8
3353 4
3354 8
3355 6
3356 9
3357 8
3358 3
3359 5
3360 7
3361 7
3362 5
3363 5
3364 4
3365 8
3366 3
3367 1
3368 4
3369 8
3370 7
3371 6
3372 4
3373 4
3374 7
3375 13
3376 7
3377 3
3378 6
3379 6
3380 3
3381 8
3382 6
3383 5
3384 5
3385 3
3386 10
3387 7
3388 4
3389 3
3390 9
3391 4
3392 8
3393 4
3394 6
3395 3
3396 9
3397 7
3398 2
3399 3
3400 6
3401 4
3402 6
3403 3
3404 4
3405 8
3406 5
3407 4
3408 8
3409 6
3410 4
3411 8
3412 2
3413 4
3414 3
3415 6
3416 4
3417 3
3418 5
3419 4
3420 4
3421 4
3422 7
3423 8
3424 4
3425 4
3426 4
3427 1
3428 5
3429 5
3430 6
3431 4
3432 7
3433 6
3434 3
3435 7
3436 3
3437 7
3438 5
3439 5
3440 6
3441 4
3442 3
3443 4
3444 1
3445 4
3446 5
3447 7
3448 7
3449 9
3450 5
3451 4
3452 2
3453 6
3454 7
3455 4
3456 6
3457 9
3458 4
3459 6
3460 5
3461 10
3462 9
3463 8
3464 14
3465 16
3466 8
3467 9
3468 6
3469 7
3470 3
3471 3
3472 4
3473 6
3474 3
3475 4
3476 8
3477 8
3478 4
3479 4
3480 0
3481 7
3482 7
3483 7
3484 11
3485 3
3486 7
3487 6
3488 6
3489 3
3490 2
3491 4
3492 6
3493 6
3494 6
3495 3
3496 5
3497 7
3498 6
3499 4
3500 7
3501 5
3502 4
3503 4
3504 7
3505 3
3506 10
3507 5
3508 3
3509 3
3510 5
3511 5
3512 4
3513 7
3514 5
3515 5
3516 3
3517 6
3518 7
3519 5
3520 4
3521 4
3522 6
3523 6
3524 7
3525 5
3526 8
3527 11
3528 11
3529 18
3530 27
3531 40
3532 59
3533 85
3534 134
3535 115
3536 89
3537 42
3538 27
3539 13
3540 7
3541 11
3542 2
3543 9
3544 6
3545 6
3546 4
3547 5
3548 4
3549 4
3550 13
3551 6
3552 5
3553 7
3554 5
3555 4
3556 6
3557 5
3558 4
3559 2
3560 6
3561 8
3562 2
3563 4
3564 3
3565 0
3566 6
3567 2
3568 4
3569 2
3570 6
3571 3
3572 3
3573 3
3574 4
3575 5
3576 1
3577 3
3578 5
3579 3
3580 1
3581 6
3582 5
3583 3
3584 6
3585 4
3586 6
3587 4
3588 2
3589 6
3590 2
3591 4
3592 5
3593 14
3594 14
3595 12
3596 21
3597 11
3598 12
3599 5
3600 4
3601 2
3602 4
3603 2
3604 1
3605 1
3606 3
3607 4
3608 5
3609 2
3610 0
3611 1
3612 7
3613 3
3614 4
3615 2
3616 3
3617 3
3618 1
3619 1
3620 3
3621 5
3622 2
3623 3
3624 3
3625 5
3626 3
3627 2
3628 5
3629 5
3630 4
3631 8
3632 3
3633 5
3634 2
3635 1
3636 4
3637 5
3638 2
3639 2
3640 5
3641 1
3642 3
3643 4
3644 6
3645 1
3646 7
3647 3
3648 2
3649 4
3650 3
3651 1
3652 8
3653 5
3654 4
3655 3
3656 2
3657 3
3658 2
3659 1
3660 3
3661 0
3662 2
3663 0
3664 1
3665 0
3666 3
3667 3
3668 6
3669 4
3670 6
3671 2
3672 6
3673 5
3674 2
3675 3
3676 4
3677 3
3678 1
3679 4
3680 3
3681 3
3682 4
3683 1
3684 2
3685 3
3686 2
3687 2
3688 5
3689 2
3690 4
3691 3
3692 4
3693 3
3694 1
3695 3
3696 2
3697 0
3698 4
3699 4
3700 2
3701 2
3702 1
3703 2
3704 3
3705 9
3706 0
3707 5
3708 1
3709 1
3710 5
3711 1
3712 2
3713 4
3714 2
3715 3
3716 7
3717 1
3718 5
3719 3
3720 1
3721 8
3722 3
3723 6
3724 3
3725 2
3726 5
3727 3
3728 1
3729 2
3730 2
3731 1
3732 1
3733 3
3734 0
3735 3
3736 2
3737 4
3738 3
3739 2
3740 4
3741 3
3742 3
3743 0
3744 0
3745 2
3746 4
3747 1
3748 2
3749 1
3750 2
3751 8
3752 1
3753 6
3754 4
3755 4
3756 1
3757 3
3758 0
3759 2
3760 2
3761 2
3762 2
3763 2
3764 1
3765 3
3766 5
3767 5
3768 1
3769 1
3770 1
3771 3
3772 1
3773 5
3774 2
3775 3
3776 1
3777 3
3778 1
3779 1
3780 2
3781 5
3782 0
3783 2
3784 5
3785 3
3786 1
3787 4
3788 1
3789 1
3790 2
3791 1
3792 1
3793 1
3794 2
3795 2
3796 5
3797 0
3798 2
3799 3
3800 3
3801 2
3802 0
3803 3
3804 1
3805 1
3806 4
3807 3
3808 2
3809 0
3810 1
3811 1
3812 2
3813 2
3814 3
3815 0
3816 1
3817 2
3818 1
3819 2
3820 2
3821 2
3822 2
3823 2
3824 3
3825 2
3826 4
3827 0
3828 1
3829 0
3830 1
3831 1
3832 1
3833 3
3834 1
3835 0
3836 4
3837 2
3838 2
3839 1
3840 1
3841 4
3842 0
3843 5
3844 2
3845 2
3846 1
3847 4
3848 2
3849 0
3850 1
3851 3
3852 2
3853 1
3854 0
3855 0
3856 2
3857 0
3858 1
3859 2
3860 1
3861 2
3862 1
3863 3
3864 3
3865 0
3866 4
3867 4
3868 1
3869 1
3870 2
3871 1
3872 2
3873 2
3874 2
3875 1
3876 1
3877 3
3878 6
3879 1
3880 1
3881 0
3882 0
3883 3
3884 1
3885 1
3886 0
3887 3
3888 2
3889 2
3890 1
3891 1
3892 0
3893 3
3894 1
3895 1
3896 5
3897 1
3898 3
3899 1
3900 0
3901 1
3902 3
3903 1
3904 1
3905 3
3906 5
3907 2
3908 1
3909 2
3910 0
3911 2
3912 3
3913 3
3914 3
3915 0
3916 3
3917 8
3918 8
3919 2
3920 2
3921 5
3922 1
3923 4
3924 1
3925 3
3926 1
3927 3
3928 3
3929 2
3930 1
3931 1
3932 1
3933 1
3934 1
3935 2
3936 3
3937 5
3938 1
3939 4
3940 0
3941 1
3942 0
3943 2
3944 1
3945 3
3946 4
3947 2
3948 1
3949 1
3950 2
3951 1
3952 0
3953 0
3954 2
3955 0
3956 1
3957 1
3958 2
3959 2
3960 1
3961 1
3962 2
3963 0
3964 2
3965 2
3966 2
3967 0
3968 1
3969 1
3970 1
3971 3
3972 1
3973 5
3974 1
3975 0
3976 3
3977 0
3978 2
3979 1
3980 2
3981 0
3982 2
3983 1
3984 1
3985 2
3986 3
3987 4
3988 0
3989 3
3990 0
3991 4
3992 3
3993 1
3994 0
3995 0
3996 1
3997 2
3998 3
3999 2
4000 1
4001 1
4002 0
4003 2
4004 2
4005 0
4006 3
4007 2
4008 2
4009 2
4010 3
4011 0
4012 0
4013 1
4014 2
4015 5
4016 3
4017 2
4018 1
4019 2
4020 2
4021 6
4022 3
4023 3
4024 0
4025 1
4026 1
4027 2
4028 2
4029 1
4030 2
4031 1
4032 1
4033 1
4034 0
4035 0
4036 1
4037 2
4038 0
4039 0
4040 0
4041 1
4042 0
4043 2
4044 3
4045 3
4046 1
4047 0
4048 2
4049 1
4050 1
4051 1
4052 1
4053 1
4054 0
4055 0
4056 1
4057 1
4058 1
4059 2
4060 3
4061 2
4062 2
4063 2
4064 1
4065 2
4066 0
4067 2
4068 1
4069 2
4070 5
4071 0
4072 1
4073 2
4074 2
4075 5
4076 1
4077 2
4078 3
4079 1
4080 1
4081 2
4082 1
4083 0
4084 1
4085 1
4086 1
4087 1
4088 0
4089 1
4090 2
4091 0
4092 1
4093 0
4094 0
4095 1
End
