ASCII channel-by-channel listing for 290_022.18
1139 - 57 - 950 started 2018-10-17 08:16:56.0 on counter 76
Generated Oct 17 2018 17.01.01, CRNG database/web system
Channel Data
0 300
1 300
2 0
3 0
4 0
5 0
6 0
7 0
8 0
9 0
10 0
11 0
12 0
13 0
14 0
15 0
16 0
17 0
18 0
19 0
20 0
21 0
22 0
23 0
24 0
25 0
26 0
27 0
28 0
29 0
30 0
31 0
32 0
33 0
34 0
35 0
36 0
37 0
38 0
39 0
40 0
41 0
42 0
43 0
44 0
45 0
46 0
47 0
48 0
49 0
50 0
51 0
52 0
53 0
54 0
55 0
56 0
57 0
58 0
59 0
60 0
61 0
62 0
63 0
64 0
65 0
66 0
67 0
68 0
69 0
70 0
71 0
72 0
73 0
74 0
75 0
76 0
77 0
78 0
79 0
80 0
81 0
82 1
83 1
84 165
85 553
86 625
87 579
88 578
89 589
90 600
91 591
92 553
93 581
94 582
95 602
96 548
97 592
98 598
99 561
100 544
101 543
102 562
103 565
104 565
105 586
106 525
107 513
108 638
109 558
110 590
111 586
112 565
113 535
114 524
115 540
116 491
117 562
118 561
119 533
120 551
121 554
122 550
123 530
124 551
125 561
126 545
127 503
128 534
129 544
130 587
131 546
132 531
133 534
134 547
135 555
136 544
137 605
138 561
139 552
140 550
141 545
142 579
143 545
144 552
145 621
146 667
147 567
148 536
149 622
150 638
151 671
152 544
153 572
154 524
155 587
156 571
157 580
158 579
159 557
160 585
161 567
162 595
163 567
164 601
165 595
166 621
167 631
168 590
169 611
170 697
171 657
172 643
173 658
174 751
175 749
176 622
177 779
178 852
179 683
180 618
181 635
182 668
183 631
184 619
185 668
186 640
187 652
188 643
189 635
190 671
191 643
192 686
193 653
194 690
195 654
196 694
197 691
198 663
199 724
200 647
201 690
202 755
203 673
204 712
205 712
206 711
207 686
208 706
209 702
210 742
211 735
212 712
213 720
214 773
215 719
216 734
217 755
218 732
219 773
220 753
221 738
222 836
223 814
224 755
225 784
226 772
227 815
228 774
229 811
230 803
231 793
232 798
233 798
234 806
235 882
236 1022
237 964
238 967
239 1443
240 1419
241 851
242 880
243 890
244 831
245 836
246 818
247 836
248 881
249 848
250 818
251 882
252 844
253 931
254 856
255 865
256 911
257 849
258 871
259 932
260 892
261 925
262 889
263 1031
264 977
265 979
266 994
267 1041
268 962
269 934
270 932
271 906
272 957
273 959
274 938
275 961
276 851
277 905
278 907
279 927
280 980
281 950
282 868
283 903
284 940
285 911
286 873
287 832
288 834
289 854
290 856
291 775
292 882
293 923
294 838
295 880
296 858
297 784
298 827
299 841
300 791
301 800
302 792
303 776
304 765
305 739
306 763
307 763
308 733
309 739
310 696
311 743
312 753
313 713
314 746
315 692
316 711
317 730
318 704
319 650
320 664
321 694
322 655
323 686
324 749
325 667
326 706
327 681
328 720
329 665
330 679
331 684
332 719
333 709
334 634
335 654
336 630
337 593
338 715
339 728
340 677
341 617
342 636
343 628
344 611
345 644
346 648
347 624
348 652
349 595
350 635
351 589
352 656
353 620
354 609
355 603
356 641
357 665
358 651
359 609
360 614
361 623
362 629
363 630
364 627
365 587
366 652
367 644
368 581
369 593
370 602
371 597
372 568
373 618
374 591
375 576
376 585
377 595
378 585
379 586
380 573
381 586
382 607
383 575
384 564
385 553
386 529
387 522
388 553
389 607
390 605
391 557
392 550
393 504
394 545
395 591
396 558
397 583
398 518
399 547
400 580
401 543
402 563
403 544
404 524
405 501
406 506
407 521
408 456
409 520
410 505
411 604
412 1351
413 3738
414 3322
415 1049
416 494
417 489
418 445
419 458
420 499
421 469
422 441
423 459
424 440
425 483
426 437
427 462
428 424
429 441
430 413
431 436
432 447
433 415
434 453
435 414
436 412
437 403
438 416
439 463
440 492
441 430
442 459
443 442
444 442
445 452
446 461
447 395
448 390
449 434
450 433
451 426
452 422
453 423
454 431
455 400
456 390
457 398
458 438
459 424
460 429
461 420
462 431
463 462
464 413
465 391
466 423
467 398
468 388
469 405
470 423
471 402
472 404
473 437
474 391
475 378
476 424
477 418
478 395
479 375
480 359
481 438
482 425
483 396
484 422
485 412
486 413
487 385
488 416
489 383
490 370
491 414
492 376
493 395
494 401
495 396
496 367
497 377
498 413
499 399
500 372
501 414
502 377
503 410
504 401
505 386
506 418
507 584
508 1364
509 2421
510 1389
511 494
512 357
513 363
514 327
515 298
516 339
517 354
518 326
519 308
520 320
521 325
522 335
523 341
524 355
525 349
526 351
527 378
528 465
529 935
530 3849
531 12361
532 12624
533 3664
534 479
535 387
536 478
537 407
538 297
539 241
540 253
541 260
542 251
543 232
544 250
545 221
546 273
547 246
548 236
549 255
550 263
551 321
552 403
553 383
554 274
555 244
556 255
557 256
558 250
559 221
560 219
561 241
562 258
563 245
564 239
565 239
566 242
567 218
568 218
569 207
570 216
571 236
572 204
573 220
574 232
575 237
576 193
577 221
578 205
579 219
580 218
581 205
582 213
583 202
584 192
585 220
586 201
587 186
588 227
589 196
590 199
591 220
592 211
593 191
594 224
595 247
596 263
597 342
598 632
599 2190
600 6135
601 6069
602 2007
603 300
604 156
605 180
606 181
607 170
608 184
609 174
610 182
611 184
612 173
613 179
614 154
615 171
616 196
617 193
618 169
619 176
620 192
621 167
622 160
623 180
624 153
625 186
626 165
627 159
628 173
629 159
630 175
631 144
632 176
633 169
634 155
635 184
636 171
637 164
638 187
639 201
640 158
641 160
642 193
643 170
644 163
645 152
646 173
647 166
648 163
649 168
650 166
651 171
652 186
653 173
654 184
655 166
656 161
657 250
658 266
659 218
660 173
661 131
662 146
663 159
664 143
665 164
666 146
667 177
668 164
669 184
670 159
671 153
672 168
673 150
674 174
675 165
676 157
677 179
678 168
679 163
680 157
681 161
682 149
683 157
684 149
685 176
686 166
687 151
688 179
689 161
690 152
691 151
692 163
693 155
694 155
695 169
696 154
697 178
698 169
699 169
700 160
701 147
702 128
703 134
704 153
705 133
706 155
707 134
708 134
709 164
710 149
711 130
712 162
713 141
714 99
715 157
716 134
717 144
718 133
719 148
720 162
721 149
722 158
723 139
724 148
725 129
726 140
727 139
728 133
729 147
730 144
731 124
732 144
733 159
734 150
735 139
736 146
737 131
738 140
739 107
740 152
741 136
742 124
743 131
744 146
745 146
746 154
747 153
748 121
749 138
750 146
751 127
752 143
753 158
754 132
755 145
756 146
757 158
758 194
759 298
760 473
761 333
762 183
763 158
764 134
765 136
766 132
767 137
768 131
769 126
770 142
771 122
772 158
773 146
774 176
775 214
776 256
777 216
778 167
779 150
780 142
781 125
782 144
783 138
784 146
785 138
786 102
787 129
788 139
789 114
790 126
791 153
792 133
793 126
794 128
795 191
796 225
797 186
798 167
799 147
800 154
801 168
802 146
803 125
804 124
805 131
806 106
807 111
808 133
809 120
810 120
811 118
812 120
813 126
814 114
815 129
816 104
817 127
818 121
819 118
820 136
821 110
822 108
823 123
824 134
825 126
826 114
827 110
828 103
829 115
830 126
831 109
832 131
833 102
834 118
835 106
836 117
837 108
838 133
839 123
840 118
841 126
842 121
843 112
844 112
845 105
846 108
847 112
848 116
849 109
850 120
851 103
852 101
853 114
854 100
855 119
856 111
857 105
858 124
859 99
860 95
861 98
862 96
863 117
864 92
865 105
866 108
867 105
868 105
869 96
870 112
871 84
872 117
873 108
874 125
875 112
876 97
877 100
878 90
879 91
880 89
881 91
882 92
883 78
884 86
885 95
886 94
887 98
888 90
889 107
890 97
891 86
892 106
893 164
894 241
895 257
896 166
897 88
898 78
899 70
900 93
901 88
902 82
903 88
904 89
905 85
906 85
907 94
908 96
909 100
910 88
911 78
912 85
913 78
914 76
915 86
916 85
917 92
918 116
919 91
920 93
921 91
922 73
923 89
924 80
925 82
926 89
927 82
928 72
929 81
930 109
931 87
932 98
933 86
934 80
935 68
936 81
937 94
938 83
939 67
940 62
941 86
942 81
943 82
944 87
945 87
946 82
947 67
948 83
949 68
950 80
951 65
952 86
953 82
954 82
955 93
956 84
957 72
958 82
959 115
960 182
961 250
962 253
963 123
964 96
965 128
966 185
967 335
968 306
969 189
970 107
971 97
972 106
973 135
974 214
975 187
976 107
977 64
978 60
979 65
980 61
981 75
982 62
983 64
984 67
985 55
986 70
987 52
988 74
989 64
990 54
991 62
992 89
993 69
994 49
995 81
996 48
997 66
998 55
999 67
1000 83
1001 71
1002 60
1003 62
1004 55
1005 61
1006 69
1007 66
1008 78
1009 68
1010 72
1011 74
1012 79
1013 81
1014 65
1015 63
1016 68
1017 83
1018 75
1019 84
1020 111
1021 119
1022 135
1023 115
1024 103
1025 89
1026 84
1027 58
1028 61
1029 76
1030 64
1031 79
1032 85
1033 162
1034 303
1035 938
1036 1764
1037 1723
1038 761
1039 156
1040 61
1041 50
1042 53
1043 62
1044 58
1045 64
1046 53
1047 50
1048 54
1049 63
1050 54
1051 45
1052 63
1053 65
1054 53
1055 45
1056 62
1057 55
1058 60
1059 46
1060 54
1061 55
1062 49
1063 59
1064 48
1065 40
1066 54
1067 59
1068 55
1069 54
1070 58
1071 52
1072 52
1073 64
1074 57
1075 45
1076 51
1077 44
1078 64
1079 56
1080 43
1081 65
1082 48
1083 51
1084 56
1085 46
1086 51
1087 55
1088 50
1089 59
1090 67
1091 95
1092 117
1093 128
1094 79
1095 61
1096 52
1097 60
1098 58
1099 45
1100 56
1101 56
1102 56
1103 56
1104 58
1105 61
1106 45
1107 52
1108 50
1109 49
1110 38
1111 62
1112 43
1113 55
1114 38
1115 63
1116 51
1117 45
1118 52
1119 47
1120 45
1121 67
1122 53
1123 59
1124 48
1125 43
1126 78
1127 65
1128 53
1129 43
1130 58
1131 61
1132 73
1133 110
1134 96
1135 103
1136 83
1137 65
1138 60
1139 72
1140 68
1141 73
1142 162
1143 429
1144 974
1145 1215
1146 803
1147 246
1148 79
1149 54
1150 64
1151 68
1152 126
1153 314
1154 524
1155 560
1156 329
1157 105
1158 54
1159 35
1160 30
1161 49
1162 46
1163 38
1164 32
1165 42
1166 34
1167 38
1168 50
1169 40
1170 44
1171 42
1172 43
1173 34
1174 52
1175 60
1176 62
1177 39
1178 40
1179 54
1180 28
1181 45
1182 37
1183 48
1184 43
1185 34
1186 46
1187 36
1188 39
1189 33
1190 25
1191 29
1192 35
1193 48
1194 38
1195 41
1196 58
1197 41
1198 41
1199 50
1200 44
1201 40
1202 44
1203 46
1204 52
1205 59
1206 62
1207 93
1208 195
1209 328
1210 367
1211 387
1212 750
1213 1604
1214 2030
1215 1320
1216 408
1217 77
1218 38
1219 24
1220 36
1221 33
1222 38
1223 30
1224 33
1225 31
1226 34
1227 31
1228 42
1229 25
1230 41
1231 35
1232 35
1233 28
1234 33
1235 40
1236 26
1237 31
1238 36
1239 26
1240 31
1241 39
1242 39
1243 64
1244 73
1245 65
1246 42
1247 21
1248 26
1249 32
1250 31
1251 42
1252 28
1253 24
1254 30
1255 30
1256 37
1257 22
1258 24
1259 21
1260 31
1261 35
1262 29
1263 24
1264 22
1265 32
1266 25
1267 25
1268 31
1269 23
1270 35
1271 35
1272 23
1273 29
1274 27
1275 22
1276 25
1277 22
1278 22
1279 28
1280 22
1281 18
1282 21
1283 27
1284 29
1285 15
1286 21
1287 28
1288 15
1289 29
1290 25
1291 25
1292 28
1293 29
1294 26
1295 28
1296 30
1297 18
1298 19
1299 21
1300 29
1301 27
1302 23
1303 26
1304 20
1305 20
1306 25
1307 18
1308 32
1309 39
1310 25
1311 28
1312 22
1313 30
1314 12
1315 27
1316 25
1317 17
1318 16
1319 29
1320 27
1321 21
1322 23
1323 25
1324 30
1325 22
1326 24
1327 31
1328 49
1329 72
1330 132
1331 228
1332 330
1333 224
1334 97
1335 38
1336 23
1337 25
1338 26
1339 18
1340 22
1341 14
1342 22
1343 17
1344 24
1345 17
1346 20
1347 10
1348 22
1349 17
1350 26
1351 15
1352 15
1353 22
1354 19
1355 21
1356 15
1357 20
1358 18
1359 18
1360 20
1361 17
1362 19
1363 14
1364 14
1365 20
1366 24
1367 31
1368 43
1369 59
1370 39
1371 19
1372 22
1373 16
1374 16
1375 25
1376 14
1377 14
1378 17
1379 19
1380 17
1381 13
1382 21
1383 16
1384 14
1385 13
1386 18
1387 15
1388 13
1389 23
1390 19
1391 17
1392 18
1393 24
1394 16
1395 14
1396 18
1397 18
1398 25
1399 24
1400 11
1401 16
1402 10
1403 17
1404 20
1405 14
1406 17
1407 15
1408 19
1409 25
1410 16
1411 11
1412 11
1413 10
1414 25
1415 20
1416 14
1417 14
1418 19
1419 17
1420 9
1421 18
1422 13
1423 18
1424 16
1425 23
1426 17
1427 13
1428 15
1429 13
1430 16
1431 15
1432 9
1433 16
1434 19
1435 18
1436 19
1437 42
1438 31
1439 33
1440 19
1441 24
1442 9
1443 13
1444 9
1445 13
1446 16
1447 14
1448 16
1449 14
1450 12
1451 12
1452 16
1453 17
1454 19
1455 14
1456 21
1457 28
1458 16
1459 10
1460 7
1461 14
1462 10
1463 14
1464 10
1465 6
1466 10
1467 4
1468 13
1469 6
1470 14
1471 9
1472 11
1473 13
1474 14
1475 13
1476 19
1477 19
1478 6
1479 15
1480 9
1481 6
1482 11
1483 9
1484 10
1485 11
1486 15
1487 19
1488 16
1489 11
1490 11
1491 13
1492 9
1493 12
1494 7
1495 5
1496 14
1497 10
1498 8
1499 9
1500 11
1501 10
1502 10
1503 17
1504 15
1505 9
1506 8
1507 13
1508 5
1509 13
1510 12
1511 11
1512 10
1513 13
1514 9
1515 6
1516 6
1517 11
1518 7
1519 14
1520 12
1521 8
1522 6
1523 9
1524 17
1525 18
1526 11
1527 5
1528 10
1529 8
1530 12
1531 10
1532 18
1533 6
1534 15
1535 9
1536 10
1537 14
1538 12
1539 12
1540 9
1541 12
1542 13
1543 7
1544 12
1545 18
1546 24
1547 33
1548 39
1549 26
1550 20
1551 13
1552 13
1553 17
1554 21
1555 24
1556 35
1557 41
1558 24
1559 16
1560 16
1561 15
1562 22
1563 46
1564 95
1565 192
1566 429
1567 659
1568 710
1569 425
1570 128
1571 36
1572 8
1573 9
1574 7
1575 7
1576 4
1577 5
1578 11
1579 7
1580 3
1581 6
1582 5
1583 10
1584 7
1585 4
1586 7
1587 9
1588 8
1589 5
1590 10
1591 12
1592 5
1593 9
1594 11
1595 6
1596 8
1597 6
1598 4
1599 4
1600 8
1601 8
1602 5
1603 4
1604 13
1605 4
1606 9
1607 7
1608 7
1609 5
1610 5
1611 10
1612 5
1613 6
1614 9
1615 7
1616 5
1617 9
1618 7
1619 9
1620 8
1621 6
1622 5
1623 9
1624 9
1625 4
1626 6
1627 7
1628 6
1629 13
1630 33
1631 34
1632 36
1633 34
1634 23
1635 13
1636 6
1637 4
1638 7
1639 5
1640 5
1641 10
1642 7
1643 6
1644 8
1645 7
1646 6
1647 16
1648 20
1649 21
1650 18
1651 18
1652 18
1653 27
1654 64
1655 141
1656 263
1657 355
1658 272
1659 149
1660 37
1661 15
1662 7
1663 4
1664 0
1665 7
1666 6
1667 8
1668 7
1669 9
1670 20
1671 14
1672 7
1673 10
1674 8
1675 11
1676 5
1677 10
1678 6
1679 3
1680 4
1681 1
1682 4
1683 5
1684 5
1685 8
1686 6
1687 5
1688 8
1689 5
1690 14
1691 12
1692 12
1693 10
1694 6
1695 7
1696 10
1697 7
1698 7
1699 7
1700 6
1701 4
1702 6
1703 4
1704 5
1705 4
1706 7
1707 5
1708 6
1709 4
1710 3
1711 7
1712 6
1713 6
1714 2
1715 6
1716 7
1717 8
1718 4
1719 9
1720 8
1721 4
1722 5
1723 9
1724 3
1725 4
1726 7
1727 7
1728 4
1729 7
1730 6
1731 9
1732 7
1733 10
1734 11
1735 4
1736 12
1737 9
1738 14
1739 23
1740 47
1741 88
1742 154
1743 188
1744 175
1745 81
1746 23
1747 12
1748 13
1749 11
1750 18
1751 16
1752 4
1753 10
1754 3
1755 3
1756 8
1757 5
1758 6
1759 8
1760 4
1761 4
1762 9
1763 3
1764 7
1765 2
1766 6
1767 4
1768 3
1769 7
1770 7
1771 2
1772 6
1773 2
1774 2
1775 3
1776 3
1777 4
1778 7
1779 3
1780 2
1781 3
1782 5
1783 2
1784 4
1785 4
1786 5
1787 7
1788 3
1789 8
1790 5
1791 3
1792 5
1793 3
1794 4
1795 8
1796 4
1797 1
1798 2
1799 10
1800 4
1801 4
1802 9
1803 2
1804 10
1805 12
1806 6
1807 10
1808 7
1809 32
1810 51
1811 86
1812 87
1813 72
1814 38
1815 14
1816 9
1817 6
1818 3
1819 5
1820 5
1821 4
1822 11
1823 1
1824 4
1825 9
1826 5
1827 2
1828 1
1829 6
1830 7
1831 9
1832 5
1833 3
1834 2
1835 4
1836 6
1837 4
1838 9
1839 6
1840 6
1841 7
1842 8
1843 3
1844 5
1845 5
1846 7
1847 4
1848 6
1849 8
1850 8
1851 10
1852 13
1853 6
1854 5
1855 6
1856 5
1857 5
1858 2
1859 4
1860 4
1861 2
1862 3
1863 6
1864 3
1865 2
1866 5
1867 6
1868 5
1869 9
1870 7
1871 10
1872 5
1873 8
1874 4
1875 6
1876 5
1877 8
1878 6
1879 5
1880 3
1881 3
1882 8
1883 0
1884 5
1885 2
1886 3
1887 8
1888 6
1889 2
1890 7
1891 3
1892 3
1893 5
1894 6
1895 4
1896 4
1897 3
1898 5
1899 4
1900 5
1901 3
1902 4
1903 4
1904 4
1905 4
1906 0
1907 3
1908 5
1909 7
1910 6
1911 6
1912 4
1913 6
1914 6
1915 2
1916 3
1917 5
1918 4
1919 8
1920 2
1921 6
1922 8
1923 5
1924 2
1925 5
1926 4
1927 9
1928 9
1929 19
1930 21
1931 10
1932 12
1933 1
1934 10
1935 7
1936 3
1937 5
1938 4
1939 6
1940 4
1941 5
1942 5
1943 1
1944 3
1945 4
1946 2
1947 3
1948 0
1949 2
1950 3
1951 5
1952 2
1953 6
1954 6
1955 5
1956 3
1957 0
1958 6
1959 6
1960 5
1961 5
1962 4
1963 0
1964 6
1965 7
1966 0
1967 7
1968 7
1969 6
1970 7
1971 4
1972 2
1973 4
1974 2
1975 3
1976 4
1977 3
1978 3
1979 2
1980 3
1981 3
1982 1
1983 2
1984 4
1985 5
1986 9
1987 4
1988 3
1989 6
1990 7
1991 5
1992 1
1993 1
1994 1
1995 8
1996 1
1997 7
1998 3
1999 2
2000 3
2001 2
2002 3
2003 3
2004 4
2005 2
2006 4
2007 3
2008 1
2009 5
2010 3
2011 3
2012 6
2013 8
2014 2
2015 3
2016 3
2017 1
2018 3
2019 4
2020 6
2021 2
2022 4
2023 1
2024 3
2025 3
2026 5
2027 2
2028 1
2029 4
2030 3
2031 1
2032 1
2033 5
2034 3
2035 1
2036 4
2037 1
2038 2
2039 1
2040 4
2041 1
2042 1
2043 1
2044 1
2045 1
2046 4
2047 2
2048 2
2049 2
2050 3
2051 5
2052 3
2053 3
2054 3
2055 4
2056 4
2057 2
2058 5
2059 6
2060 3
2061 5
2062 2
2063 4
2064 1
2065 1
2066 0
2067 2
2068 2
2069 4
2070 1
2071 6
2072 3
2073 1
2074 1
2075 3
2076 3
2077 6
2078 3
2079 2
2080 3
2081 0
2082 3
2083 2
2084 3
2085 2
2086 5
2087 1
2088 6
2089 2
2090 4
2091 3
2092 3
2093 0
2094 1
2095 6
2096 3
2097 1
2098 3
2099 2
2100 2
2101 4
2102 3
2103 2
2104 3
2105 8
2106 5
2107 2
2108 1
2109 4
2110 2
2111 1
2112 0
2113 1
2114 4
2115 5
2116 4
2117 0
2118 1
2119 4
2120 2
2121 2
2122 2
2123 0
2124 3
2125 4
2126 2
2127 3
2128 6
2129 5
2130 2
2131 4
2132 2
2133 3
2134 2
2135 3
2136 1
2137 2
2138 5
2139 0
2140 0
2141 5
2142 1
2143 2
2144 2
2145 2
2146 0
2147 1
2148 2
2149 3
2150 1
2151 3
2152 3
2153 1
2154 0
2155 1
2156 1
2157 5
2158 0
2159 3
2160 0
2161 3
2162 4
2163 2
2164 2
2165 6
2166 3
2167 4
2168 3
2169 1
2170 1
2171 4
2172 2
2173 4
2174 2
2175 2
2176 2
2177 7
2178 1
2179 1
2180 1
2181 1
2182 1
2183 1
2184 2
2185 3
2186 2
2187 1
2188 5
2189 4
2190 0
2191 4
2192 0
2193 0
2194 1
2195 3
2196 1
2197 3
2198 4
2199 0
2200 1
2201 3
2202 3
2203 3
2204 0
2205 2
2206 4
2207 5
2208 1
2209 3
2210 1
2211 1
2212 1
2213 2
2214 2
2215 1
2216 1
2217 3
2218 3
2219 0
2220 5
2221 2
2222 2
2223 4
2224 0
2225 3
2226 2
2227 3
2228 1
2229 1
2230 2
2231 1
2232 0
2233 4
2234 1
2235 0
2236 6
2237 3
2238 3
2239 2
2240 0
2241 2
2242 2
2243 2
2244 5
2245 1
2246 4
2247 2
2248 3
2249 2
2250 1
2251 2
2252 2
2253 2
2254 4
2255 1
2256 4
2257 4
2258 1
2259 1
2260 2
2261 0
2262 4
2263 2
2264 3
2265 1
2266 1
2267 1
2268 4
2269 0
2270 2
2271 1
2272 3
2273 2
2274 2
2275 4
2276 0
2277 6
2278 9
2279 4
2280 5
2281 3
2282 2
2283 2
2284 2
2285 1
2286 0
2287 3
2288 1
2289 5
2290 3
2291 4
2292 2
2293 1
2294 3
2295 2
2296 11
2297 8
2298 23
2299 28
2300 29
2301 21
2302 16
2303 5
2304 3
2305 3
2306 1
2307 2
2308 1
2309 3
2310 1
2311 5
2312 6
2313 2
2314 3
2315 3
2316 5
2317 2
2318 0
2319 1
2320 1
2321 1
2322 4
2323 2
2324 3
2325 1
2326 4
2327 0
2328 3
2329 2
2330 1
2331 0
2332 2
2333 1
2334 3
2335 3
2336 1
2337 1
2338 4
2339 3
2340 3
2341 5
2342 9
2343 6
2344 10
2345 8
2346 13
2347 9
2348 6
2349 4
2350 6
2351 3
2352 1
2353 2
2354 3
2355 3
2356 2
2357 1
2358 2
2359 3
2360 5
2361 2
2362 4
2363 2
2364 7
2365 12
2366 17
2367 34
2368 32
2369 37
2370 31
2371 10
2372 7
2373 2
2374 0
2375 2
2376 3
2377 3
2378 2
2379 3
2380 2
2381 2
2382 0
2383 1
2384 1
2385 1
2386 3
2387 2
2388 1
2389 2
2390 1
2391 2
2392 1
2393 0
2394 2
2395 0
2396 2
2397 2
2398 3
2399 6
2400 3
2401 3
2402 2
2403 0
2404 0
2405 0
2406 2
2407 3
2408 3
2409 2
2410 1
2411 1
2412 1
2413 2
2414 0
2415 0
2416 1
2417 2
2418 1
2419 2
2420 1
2421 1
2422 2
2423 1
2424 4
2425 0
2426 5
2427 3
2428 7
2429 7
2430 8
2431 0
2432 2
2433 3
2434 3
2435 0
2436 2
2437 1
2438 2
2439 0
2440 3
2441 3
2442 1
2443 4
2444 2
2445 1
2446 3
2447 2
2448 0
2449 4
2450 3
2451 2
2452 1
2453 4
2454 2
2455 2
2456 2
2457 0
2458 2
2459 2
2460 2
2461 3
2462 2
2463 5
2464 5
2465 4
2466 9
2467 1
2468 6
2469 1
2470 2
2471 5
2472 3
2473 1
2474 2
2475 1
2476 0
2477 0
2478 4
2479 5
2480 2
2481 2
2482 0
2483 3
2484 4
2485 1
2486 3
2487 2
2488 4
2489 3
2490 2
2491 0
2492 1
2493 2
2494 1
2495 4
2496 4
2497 1
2498 2
2499 2
2500 0
2501 0
2502 1
2503 0
2504 0
2505 1
2506 2
2507 1
2508 3
2509 4
2510 1
2511 0
2512 4
2513 2
2514 4
2515 4
2516 1
2517 2
2518 1
2519 4
2520 1
2521 1
2522 0
2523 0
2524 4
2525 1
2526 0
2527 0
2528 1
2529 2
2530 0
2531 1
2532 4
2533 2
2534 3
2535 0
2536 0
2537 3
2538 2
2539 3
2540 0
2541 0
2542 1
2543 2
2544 2
2545 3
2546 1
2547 0
2548 2
2549 2
2550 0
2551 2
2552 5
2553 3
2554 2
2555 1
2556 1
2557 1
2558 1
2559 1
2560 1
2561 0
2562 2
2563 5
2564 0
2565 2
2566 1
2567 2
2568 3
2569 1
2570 1
2571 1
2572 4
2573 1
2574 6
2575 0
2576 4
2577 2
2578 3
2579 4
2580 4
2581 3
2582 3
2583 2
2584 5
2585 4
2586 3
2587 3
2588 1
2589 1
2590 1
2591 2
2592 3
2593 5
2594 5
2595 1
2596 6
2597 7
2598 3
2599 3
2600 5
2601 4
2602 2
2603 4
2604 1
2605 1
2606 1
2607 3
2608 0
2609 4
2610 2
2611 0
2612 4
2613 2
2614 2
2615 2
2616 3
2617 3
2618 1
2619 3
2620 2
2621 1
2622 2
2623 1
2624 1
2625 2
2626 1
2627 0
2628 1
2629 3
2630 3
2631 1
2632 1
2633 2
2634 2
2635 1
2636 7
2637 1
2638 2
2639 3
2640 2
2641 1
2642 0
2643 2
2644 1
2645 3
2646 0
2647 1
2648 0
2649 2
2650 0
2651 2
2652 4
2653 4
2654 3
2655 3
2656 1
2657 2
2658 1
2659 3
2660 2
2661 3
2662 2
2663 2
2664 4
2665 2
2666 3
2667 2
2668 3
2669 2
2670 2
2671 2
2672 2
2673 2
2674 2
2675 0
2676 1
2677 1
2678 4
2679 5
2680 0
2681 2
2682 5
2683 2
2684 4
2685 1
2686 2
2687 3
2688 3
2689 1
2690 1
2691 1
2692 3
2693 3
2694 2
2695 0
2696 1
2697 3
2698 1
2699 0
2700 6
2701 5
2702 3
2703 0
2704 3
2705 1
2706 1
2707 3
2708 5
2709 2
2710 3
2711 2
2712 0
2713 1
2714 3
2715 1
2716 5
2717 2
2718 2
2719 4
2720 0
2721 1
2722 1
2723 1
2724 0
2725 2
2726 2
2727 3
2728 1
2729 0
2730 1
2731 1
2732 2
2733 0
2734 4
2735 3
2736 0
2737 2
2738 1
2739 5
2740 1
2741 0
2742 2
2743 1
2744 0
2745 0
2746 0
2747 0
2748 2
2749 2
2750 3
2751 1
2752 1
2753 3
2754 1
2755 3
2756 2
2757 1
2758 2
2759 1
2760 3
2761 3
2762 2
2763 1
2764 0
2765 2
2766 2
2767 1
2768 0
2769 0
2770 2
2771 1
2772 2
2773 1
2774 3
2775 2
2776 4
2777 2
2778 1
2779 0
2780 3
2781 4
2782 1
2783 5
2784 1
2785 1
2786 1
2787 2
2788 3
2789 0
2790 1
2791 0
2792 0
2793 0
2794 3
2795 2
2796 3
2797 2
2798 1
2799 0
2800 2
2801 0
2802 3
2803 2
2804 1
2805 0
2806 2
2807 3
2808 2
2809 1
2810 0
2811 0
2812 1
2813 1
2814 0
2815 0
2816 1
2817 1
2818 0
2819 1
2820 0
2821 1
2822 1
2823 1
2824 1
2825 0
2826 2
2827 0
2828 4
2829 0
2830 1
2831 1
2832 4
2833 2
2834 2
2835 0
2836 1
2837 4
2838 3
2839 1
2840 1
2841 2
2842 2
2843 2
2844 0
2845 2
2846 1
2847 3
2848 1
2849 1
2850 0
2851 2
2852 1
2853 1
2854 2
2855 0
2856 1
2857 0
2858 1
2859 0
2860 1
2861 1
2862 1
2863 1
2864 2
2865 1
2866 1
2867 2
2868 2
2869 0
2870 1
2871 2
2872 0
2873 2
2874 3
2875 2
2876 5
2877 0
2878 1
2879 1
2880 1
2881 0
2882 0
2883 2
2884 1
2885 0
2886 2
2887 1
2888 1
2889 0
2890 0
2891 3
2892 2
2893 2
2894 1
2895 1
2896 1
2897 2
2898 0
2899 0
2900 1
2901 1
2902 1
2903 0
2904 2
2905 0
2906 1
2907 1
2908 2
2909 1
2910 0
2911 2
2912 1
2913 0
2914 3
2915 0
2916 0
2917 2
2918 1
2919 1
2920 2
2921 3
2922 4
2923 2
2924 1
2925 0
2926 2
2927 1
2928 1
2929 2
2930 1
2931 1
2932 1
2933 6
2934 4
2935 7
2936 3
2937 2
2938 1
2939 1
2940 1
2941 0
2942 2
2943 1
2944 0
2945 1
2946 0
2947 3
2948 0
2949 0
2950 0
2951 2
2952 0
2953 3
2954 0
2955 1
2956 1
2957 1
2958 0
2959 0
2960 1
2961 1
2962 1
2963 1
2964 0
2965 1
2966 2
2967 0
2968 1
2969 0
2970 1
2971 2
2972 1
2973 2
2974 0
2975 1
2976 0
2977 1
2978 1
2979 0
2980 0
2981 0
2982 1
2983 0
2984 1
2985 1
2986 0
2987 1
2988 1
2989 1
2990 1
2991 2
2992 2
2993 0
2994 0
2995 2
2996 1
2997 3
2998 0
2999 0
3000 2
3001 1
3002 4
3003 1
3004 1
3005 1
3006 0
3007 1
3008 0
3009 1
3010 0
3011 0
3012 1
3013 0
3014 1
3015 0
3016 1
3017 0
3018 0
3019 3
3020 0
3021 0
3022 0
3023 0
3024 0
3025 0
3026 2
3027 1
3028 0
3029 0
3030 1
3031 0
3032 1
3033 2
3034 1
3035 0
3036 0
3037 0
3038 0
3039 2
3040 2
3041 0
3042 0
3043 0
3044 0
3045 1
3046 0
3047 0
3048 0
3049 0
3050 0
3051 1
3052 0
3053 1
3054 0
3055 1
3056 0
3057 2
3058 0
3059 0
3060 4
3061 2
3062 3
3063 0
3064 0
3065 0
3066 3
3067 2
3068 0
3069 1
3070 0
3071 0
3072 1
3073 0
3074 0
3075 0
3076 1
3077 1
3078 0
3079 0
3080 0
3081 0
3082 1
3083 0
3084 0
3085 0
3086 0
3087 0
3088 0
3089 0
3090 2
3091 0
3092 0
3093 1
3094 1
3095 2
3096 0
3097 0
3098 1
3099 0
3100 1
3101 1
3102 0
3103 2
3104 0
3105 0
3106 0
3107 1
3108 0
3109 0
3110 1
3111 0
3112 0
3113 0
3114 0
3115 1
3116 1
3117 0
3118 1
3119 7
3120 3
3121 5
3122 1
3123 2
3124 4
3125 0
3126 0
3127 0
3128 1
3129 0
3130 0
3131 0
3132 0
3133 1
3134 0
3135 0
3136 0
3137 0
3138 0
3139 1
3140 1
3141 0
3142 0
3143 0
3144 1
3145 3
3146 0
3147 0
3148 0
3149 0
3150 0
3151 1
3152 0
3153 0
3154 2
3155 1
3156 0
3157 2
3158 0
3159 0
3160 0
3161 1
3162 1
3163 0
3164 1
3165 0
3166 0
3167 2
3168 0
3169 2
3170 0
3171 1
3172 1
3173 0
3174 3
3175 0
3176 0
3177 0
3178 1
3179 1
3180 1
3181 2
3182 1
3183 3
3184 1
3185 1
3186 7
3187 3
3188 9
3189 15
3190 25
3191 39
3192 52
3193 44
3194 48
3195 18
3196 13
3197 8
3198 1
3199 0
3200 1
3201 0
3202 0
3203 0
3204 1
3205 0
3206 0
3207 0
3208 1
3209 1
3210 0
3211 1
3212 0
3213 0
3214 0
3215 0
3216 1
3217 0
3218 0
3219 0
3220 0
3221 0
3222 0
3223 1
3224 0
3225 0
3226 0
3227 0
3228 0
3229 0
3230 0
3231 1
3232 0
3233 0
3234 0
3235 2
3236 0
3237 0
3238 0
3239 0
3240 0
3241 0
3242 0
3243 0
3244 0
3245 0
3246 0
3247 1
3248 0
3249 0
3250 0
3251 0
3252 0
3253 1
3254 1
3255 0
3256 0
3257 0
3258 0
3259 1
3260 0
3261 1
3262 0
3263 1
3264 0
3265 0
3266 0
3267 0
3268 0
3269 0
3270 0
3271 0
3272 0
3273 0
3274 0
3275 0
3276 0
3277 0
3278 0
3279 0
3280 2
3281 0
3282 0
3283 0
3284 1
3285 0
3286 0
3287 0
3288 0
3289 0
3290 0
3291 0
3292 0
3293 0
3294 0
3295 1
3296 0
3297 0
3298 1
3299 0
3300 0
3301 0
3302 1
3303 0
3304 1
3305 1
3306 0
3307 0
3308 0
3309 0
3310 1
3311 0
3312 0
3313 0
3314 0
3315 0
3316 0
3317 0
3318 1
3319 1
3320 0
3321 0
3322 0
3323 1
3324 0
3325 0
3326 0
3327 0
3328 2
3329 0
3330 0
3331 1
3332 0
3333 1
3334 0
3335 1
3336 1
3337 0
3338 0
3339 1
3340 1
3341 1
3342 0
3343 0
3344 0
3345 0
3346 0
3347 0
3348 0
3349 0
3350 0
3351 0
3352 0
3353 0
3354 1
3355 1
3356 0
3357 0
3358 0
3359 0
3360 0
3361 0
3362 0
3363 0
3364 2
3365 1
3366 0
3367 0
3368 0
3369 0
3370 0
3371 1
3372 0
3373 0
3374 1
3375 0
3376 1
3377 0
3378 2
3379 0
3380 0
3381 0
3382 0
3383 0
3384 0
3385 0
3386 1
3387 0
3388 0
3389 0
3390 1
3391 0
3392 0
3393 1
3394 1
3395 0
3396 0
3397 1
3398 0
3399 0
3400 1
3401 0
3402 0
3403 0
3404 1
3405 2
3406 0
3407 0
3408 0
3409 0
3410 0
3411 0
3412 0
3413 0
3414 2
3415 0
3416 1
3417 0
3418 1
3419 0
3420 0
3421 0
3422 0
3423 0
3424 0
3425 0
3426 0
3427 2
3428 0
3429 0
3430 0
3431 0
3432 0
3433 0
3434 0
3435 0
3436 0
3437 0
3438 0
3439 0
3440 1
3441 0
3442 0
3443 0
3444 0
3445 1
3446 0
3447 0
3448 1
3449 0
3450 0
3451 1
3452 0
3453 0
3454 0
3455 0
3456 0
3457 0
3458 0
3459 1
3460 0
3461 0
3462 0
3463 0
3464 0
3465 0
3466 0
3467 0
3468 0
3469 0
3470 0
3471 1
3472 0
3473 0
3474 0
3475 0
3476 0
3477 0
3478 0
3479 0
3480 0
3481 0
3482 0
3483 0
3484 1
3485 0
3486 0
3487 1
3488 0
3489 0
3490 0
3491 0
3492 1
3493 0
3494 0
3495 1
3496 1
3497 0
3498 1
3499 0
3500 0
3501 0
3502 1
3503 0
3504 0
3505 1
3506 0
3507 0
3508 2
3509 0
3510 0
3511 1
3512 0
3513 1
3514 2
3515 1
3516 0
3517 0
3518 1
3519 0
3520 0
3521 1
3522 1
3523 2
3524 1
3525 0
3526 0
3527 0
3528 0
3529 0
3530 0
3531 2
3532 2
3533 3
3534 3
3535 6
3536 1
3537 3
3538 0
3539 0
3540 0
3541 0
3542 0
3543 0
3544 1
3545 0
3546 0
3547 0
3548 0
3549 0
3550 0
3551 0
3552 0
3553 0
3554 0
3555 0
3556 0
3557 0
3558 0
3559 1
3560 0
3561 0
3562 0
3563 0
3564 1
3565 0
3566 0
3567 0
3568 1
3569 0
3570 0
3571 1
3572 0
3573 0
3574 2
3575 0
3576 0
3577 1
3578 0
3579 0
3580 0
3581 0
3582 0
3583 0
3584 1
3585 0
3586 1
3587 0
3588 0
3589 0
3590 0
3591 0
3592 0
3593 1
3594 0
3595 0
3596 2
3597 0
3598 0
3599 2
3600 0
3601 0
3602 0
3603 0
3604 0
3605 0
3606 0
3607 0
3608 0
3609 1
3610 1
3611 0
3612 0
3613 0
3614 0
3615 0
3616 0
3617 0
3618 0
3619 0
3620 0
3621 0
3622 0
3623 0
3624 0
3625 0
3626 0
3627 0
3628 0
3629 0
3630 0
3631 0
3632 0
3633 0
3634 0
3635 0
3636 0
3637 0
3638 1
3639 0
3640 1
3641 0
3642 1
3643 1
3644 0
3645 0
3646 0
3647 1
3648 0
3649 0
3650 0
3651 0
3652 0
3653 0
3654 0
3655 0
3656 0
3657 0
3658 0
3659 0
3660 0
3661 1
3662 0
3663 0
3664 0
3665 0
3666 0
3667 0
3668 1
3669 0
3670 1
3671 0
3672 0
3673 0
3674 0
3675 0
3676 1
3677 0
3678 0
3679 1
3680 0
3681 0
3682 0
3683 0
3684 0
3685 0
3686 0
3687 0
3688 0
3689 0
3690 0
3691 1
3692 0
3693 0
3694 0
3695 0
3696 0
3697 0
3698 0
3699 0
3700 0
3701 0
3702 0
3703 0
3704 0
3705 1
3706 1
3707 0
3708 1
3709 0
3710 0
3711 0
3712 0
3713 0
3714 0
3715 0
3716 0
3717 0
3718 2
3719 0
3720 0
3721 0
3722 0
3723 0
3724 0
3725 0
3726 0
3727 0
3728 0
3729 0
3730 0
3731 0
3732 0
3733 0
3734 1
3735 1
3736 0
3737 1
3738 0
3739 0
3740 0
3741 1
3742 0
3743 0
3744 0
3745 0
3746 0
3747 0
3748 0
3749 0
3750 0
3751 0
3752 0
3753 0
3754 0
3755 1
3756 0
3757 0
3758 0
3759 0
3760 0
3761 2
3762 0
3763 1
3764 0
3765 0
3766 1
3767 1
3768 0
3769 0
3770 0
3771 0
3772 0
3773 0
3774 0
3775 0
3776 0
3777 0
3778 0
3779 0
3780 0
3781 0
3782 0
3783 0
3784 0
3785 1
3786 0
3787 0
3788 0
3789 0
3790 0
3791 0
3792 0
3793 0
3794 0
3795 1
3796 1
3797 2
3798 0
3799 0
3800 1
3801 0
3802 0
3803 0
3804 0
3805 1
3806 1
3807 0
3808 0
3809 0
3810 0
3811 0
3812 0
3813 0
3814 0
3815 0
3816 0
3817 0
3818 0
3819 0
3820 0
3821 0
3822 0
3823 0
3824 0
3825 0
3826 0
3827 1
3828 0
3829 0
3830 0
3831 0
3832 0
3833 0
3834 1
3835 0
3836 0
3837 0
3838 0
3839 1
3840 0
3841 1
3842 1
3843 0
3844 0
3845 0
3846 0
3847 1
3848 0
3849 0
3850 0
3851 0
3852 0
3853 0
3854 0
3855 0
3856 0
3857 0
3858 0
3859 0
3860 0
3861 0
3862 0
3863 0
3864 0
3865 0
3866 0
3867 0
3868 0
3869 0
3870 0
3871 0
3872 1
3873 0
3874 0
3875 1
3876 0
3877 0
3878 0
3879 0
3880 1
3881 1
3882 0
3883 0
3884 0
3885 0
3886 1
3887 0
3888 0
3889 0
3890 1
3891 0
3892 0
3893 0
3894 1
3895 0
3896 0
3897 0
3898 1
3899 0
3900 0
3901 0
3902 0
3903 1
3904 0
3905 0
3906 0
3907 1
3908 0
3909 0
3910 0
3911 0
3912 0
3913 1
3914 0
3915 0
3916 0
3917 0
3918 0
3919 0
3920 0
3921 0
3922 0
3923 0
3924 0
3925 0
3926 0
3927 0
3928 0
3929 0
3930 0
3931 1
3932 1
3933 0
3934 0
3935 1
3936 1
3937 0
3938 0
3939 0
3940 0
3941 0
3942 0
3943 0
3944 0
3945 0
3946 0
3947 0
3948 0
3949 0
3950 0
3951 0
3952 1
3953 1
3954 0
3955 0
3956 0
3957 0
3958 0
3959 0
3960 1
3961 0
3962 0
3963 0
3964 0
3965 0
3966 0
3967 0
3968 0
3969 0
3970 1
3971 0
3972 1
3973 0
3974 0
3975 0
3976 1
3977 1
3978 0
3979 0
3980 0
3981 0
3982 0
3983 0
3984 0
3985 1
3986 0
3987 0
3988 0
3989 0
3990 0
3991 1
3992 1
3993 0
3994 0
3995 0
3996 0
3997 1
3998 0
3999 0
4000 0
4001 0
4002 0
4003 0
4004 0
4005 0
4006 0
4007 0
4008 0
4009 0
4010 0
4011 0
4012 1
4013 0
4014 0
4015 0
4016 0
4017 0
4018 0
4019 1
4020 0
4021 0
4022 0
4023 0
4024 0
4025 0
4026 0
4027 0
4028 0
4029 0
4030 0
4031 0
4032 0
4033 1
4034 0
4035 0
4036 0
4037 0
4038 0
4039 2
4040 1
4041 0
4042 0
4043 0
4044 1
4045 0
4046 0
4047 0
4048 0
4049 0
4050 0
4051 0
4052 0
4053 1
4054 0
4055 0
4056 0
4057 1
4058 1
4059 0
4060 1
4061 0
4062 0
4063 1
4064 0
4065 0
4066 1
4067 0
4068 0
4069 0
4070 0
4071 1
4072 0
4073 0
4074 0
4075 1
4076 0
4077 0
4078 0
4079 1
4080 1
4081 0
4082 0
4083 0
4084 0
4085 0
4086 0
4087 0
4088 0
4089 0
4090 0
4091 0
4092 0
4093 0
4094 0
4095 0
End
