ASCII channel-by-channel listing for 290_024.18
1139 - 57 - 190 started 2018-10-17 09:19:52.0 on counter 76
Generated Oct 17 2018 17.01.48, CRNG database/web system
Channel Data
0 300
1 322
2 0
3 0
4 0
5 0
6 0
7 0
8 0
9 0
10 0
11 0
12 0
13 0
14 0
15 0
16 0
17 0
18 0
19 0
20 0
21 0
22 0
23 0
24 0
25 0
26 0
27 0
28 0
29 0
30 0
31 0
32 0
33 0
34 0
35 0
36 0
37 0
38 0
39 0
40 0
41 0
42 0
43 0
44 0
45 0
46 0
47 0
48 0
49 0
50 0
51 0
52 0
53 0
54 0
55 0
56 0
57 0
58 0
59 0
60 0
61 0
62 0
63 0
64 0
65 0
66 0
67 0
68 0
69 0
70 0
71 0
72 0
73 0
74 0
75 0
76 0
77 0
78 0
79 0
80 13
81 79
82 289
83 852
84 6742
85 12344
86 12373
87 12382
88 12217
89 12037
90 12255
91 12100
92 12024
93 11809
94 11858
95 12082
96 11893
97 12002
98 11732
99 11635
100 11785
101 11699
102 11712
103 11628
104 11399
105 11520
106 11599
107 11296
108 11404
109 11450
110 11295
111 11393
112 11083
113 11327
114 11352
115 11693
116 13572
117 17300
118 13002
119 11221
120 11203
121 11082
122 10978
123 11127
124 10986
125 11055
126 11140
127 11167
128 11159
129 11246
130 11244
131 11192
132 11029
133 11048
134 11049
135 11027
136 11041
137 11125
138 11194
139 11062
140 11182
141 11068
142 11091
143 11014
144 11121
145 11555
146 11878
147 11198
148 11128
149 11703
150 12621
151 11846
152 11029
153 11048
154 11100
155 10923
156 11131
157 11144
158 11188
159 11322
160 11181
161 11632
162 11307
163 11322
164 11486
165 11363
166 11574
167 11558
168 11839
169 12155
170 12576
171 12055
172 11945
173 12301
174 13097
175 14639
176 17888
177 15014
178 13062
179 12363
180 12166
181 12552
182 12179
183 12444
184 12540
185 12649
186 12682
187 12805
188 12680
189 12673
190 12762
191 12774
192 12856
193 13261
194 14562
195 15248
196 13808
197 12993
198 13511
199 13262
200 13749
201 13572
202 13642
203 13724
204 13542
205 13815
206 13761
207 13848
208 14111
209 14121
210 14135
211 14515
212 14520
213 14599
214 14559
215 14562
216 14992
217 15047
218 15028
219 15106
220 15333
221 15123
222 15169
223 15312
224 15511
225 15422
226 15662
227 15725
228 15552
229 15956
230 16146
231 16039
232 16294
233 16033
234 15972
235 16232
236 16720
237 16868
238 16882
239 18520
240 17685
241 16531
242 16523
243 16354
244 16256
245 16380
246 16295
247 17251
248 18082
249 16667
250 16201
251 16305
252 16304
253 16171
254 16405
255 16559
256 16828
257 16569
258 16750
259 16623
260 19070
261 30955
262 39426
263 23196
264 17162
265 16694
266 17063
267 17056
268 16805
269 16699
270 16673
271 16596
272 16595
273 16767
274 16704
275 16640
276 16480
277 16497
278 16738
279 16650
280 16623
281 16813
282 16543
283 16505
284 16430
285 16504
286 16489
287 16312
288 16512
289 16325
290 16573
291 16429
292 16455
293 16463
294 16230
295 16342
296 16055
297 16110
298 16128
299 16243
300 15982
301 16265
302 15896
303 15822
304 15902
305 15675
306 15967
307 15899
308 15915
309 16048
310 17494
311 20416
312 18742
313 16092
314 15344
315 15444
316 15470
317 15473
318 15223
319 15375
320 15190
321 15301
322 15212
323 14951
324 15067
325 15348
326 15044
327 15016
328 15049
329 15044
330 14818
331 15108
332 15165
333 15273
334 15063
335 15073
336 14853
337 15082
338 15349
339 15320
340 15461
341 15336
342 15575
343 15328
344 15486
345 15453
346 15489
347 15587
348 15733
349 15481
350 15401
351 15584
352 15437
353 15313
354 15436
355 15530
356 15646
357 16518
358 16336
359 15374
360 15313
361 15166
362 15669
363 20357
364 39568
365 43901
366 21796
367 15214
368 14622
369 14550
370 14178
371 14354
372 14330
373 14361
374 14240
375 14168
376 14116
377 14061
378 14079
379 14298
380 14755
381 14775
382 13922
383 13807
384 13825
385 14641
386 15676
387 14450
388 13470
389 13407
390 13474
391 13266
392 13205
393 13190
394 13152
395 13072
396 12867
397 12954
398 13051
399 12964
400 12959
401 12927
402 12849
403 12674
404 12824
405 12566
406 12706
407 12540
408 12533
409 12490
410 12389
411 13057
412 16860
413 23999
414 19957
415 13168
416 12346
417 12245
418 11882
419 11973
420 11662
421 11624
422 11809
423 11793
424 11687
425 11570
426 11585
427 11448
428 11525
429 11489
430 11426
431 11628
432 12080
433 12655
434 13211
435 12323
436 11214
437 11162
438 11133
439 10896
440 11201
441 10901
442 11365
443 10949
444 10813
445 10701
446 10617
447 10560
448 10654
449 10607
450 10373
451 10439
452 10332
453 10440
454 10383
455 10379
456 10307
457 10584
458 10399
459 10098
460 10085
461 9880
462 9903
463 10066
464 9877
465 9919
466 9792
467 9800
468 10029
469 9642
470 9576
471 9629
472 9597
473 9625
474 9678
475 9800
476 9577
477 9461
478 9392
479 9491
480 9479
481 9484
482 9339
483 9261
484 9422
485 9254
486 9296
487 9437
488 9177
489 9293
490 9272
491 9234
492 9086
493 8950
494 9199
495 8955
496 9010
497 9436
498 10111
499 9876
500 9156
501 8758
502 8925
503 9359
504 9312
505 8833
506 8861
507 9519
508 11604
509 12976
510 10470
511 9011
512 8735
513 8779
514 8860
515 8626
516 8540
517 8634
518 8645
519 8617
520 8576
521 8718
522 9285
523 10080
524 9457
525 8656
526 8610
527 8751
528 9008
529 11650
530 26134
531 54457
532 45702
533 16626
534 9418
535 9442
536 10731
537 10714
538 8979
539 8546
540 8392
541 8356
542 8416
543 8089
544 8104
545 8142
546 8139
547 8152
548 8177
549 8151
550 8249
551 8932
552 9661
553 9238
554 8296
555 8247
556 9129
557 12546
558 14887
559 11078
560 8339
561 7955
562 8024
563 7977
564 8135
565 8258
566 8171
567 7902
568 7854
569 8043
570 7928
571 8237
572 7757
573 8202
574 7963
575 8166
576 8133
577 7939
578 8211
579 9387
580 11203
581 10852
582 9255
583 8995
584 8074
585 7881
586 7870
587 7917
588 8102
589 8197
590 7915
591 7959
592 7921
593 7937
594 7922
595 8335
596 8185
597 8473
598 9799
599 17294
600 30129
601 25821
602 12287
603 8682
604 10246
605 11780
606 10011
607 8314
608 7555
609 7474
610 7731
611 7784
612 8080
613 7654
614 7897
615 8017
616 7574
617 7363
618 7290
619 7379
620 7192
621 7254
622 7282
623 7166
624 7253
625 7092
626 7140
627 7120
628 7152
629 7304
630 7087
631 7151
632 7153
633 7052
634 7280
635 7276
636 7140
637 7270
638 7175
639 7099
640 7035
641 6904
642 7154
643 7183
644 6899
645 6886
646 6953
647 6937
648 6917
649 6912
650 7034
651 6928
652 7023
653 6919
654 6960
655 6888
656 7035
657 7194
658 7610
659 7283
660 7323
661 6856
662 6835
663 6766
664 6602
665 6629
666 6647
667 6763
668 6777
669 6669
670 6516
671 6432
672 6658
673 6522
674 6410
675 6431
676 6515
677 6584
678 6753
679 6575
680 6328
681 5824
682 5998
683 5753
684 5639
685 5683
686 5565
687 5669
688 5479
689 5402
690 5437
691 5618
692 6512
693 7440
694 6545
695 5404
696 5089
697 4881
698 4826
699 5026
700 4908
701 4954
702 4893
703 4891
704 4681
705 4678
706 4845
707 4629
708 4527
709 4540
710 4492
711 4572
712 4569
713 4493
714 4368
715 4385
716 4368
717 4454
718 4378
719 4403
720 4291
721 4459
722 4393
723 4455
724 4272
725 4309
726 4198
727 4275
728 4675
729 4691
730 4301
731 4099
732 4039
733 4123
734 4129
735 4157
736 4171
737 4166
738 4078
739 4008
740 4001
741 4030
742 4163
743 4953
744 5890
745 5030
746 4402
747 4132
748 3998
749 3845
750 3785
751 3679
752 3658
753 3768
754 3698
755 3661
756 3519
757 3677
758 3703
759 4349
760 4468
761 3880
762 3567
763 3527
764 3456
765 3465
766 3565
767 3571
768 3488
769 3341
770 3434
771 3506
772 3359
773 3239
774 3511
775 3513
776 3669
777 3566
778 3411
779 3447
780 3460
781 3357
782 3180
783 3248
784 3300
785 3323
786 3192
787 3178
788 3068
789 2999
790 3047
791 3032
792 3013
793 3005
794 3061
795 3248
796 3415
797 3319
798 3069
799 2965
800 3134
801 2870
802 2856
803 2887
804 2800
805 2822
806 2711
807 2834
808 2893
809 3322
810 3509
811 3116
812 2873
813 2764
814 2741
815 2781
816 2769
817 2771
818 2586
819 2634
820 2826
821 3069
822 3407
823 3757
824 3466
825 2774
826 2617
827 2516
828 2567
829 2543
830 2551
831 2487
832 2522
833 2491
834 2516
835 2532
836 2507
837 2443
838 2652
839 2610
840 2596
841 2357
842 2453
843 2492
844 2457
845 2549
846 2694
847 2544
848 2517
849 2538
850 2391
851 2469
852 2297
853 2256
854 2297
855 2264
856 2252
857 2282
858 2360
859 2353
860 2445
861 2387
862 2383
863 2536
864 3007
865 3673
866 3454
867 2682
868 2299
869 2211
870 2185
871 2217
872 2267
873 2299
874 2297
875 2283
876 2220
877 2218
878 2131
879 2179
880 2188
881 2058
882 2132
883 2117
884 2115
885 2197
886 2271
887 2585
888 2805
889 2878
890 2497
891 2316
892 2189
893 2326
894 2509
895 2529
896 2197
897 2078
898 2088
899 2043
900 2025
901 2173
902 2220
903 2175
904 2166
905 2118
906 2429
907 2432
908 2183
909 2135
910 2042
911 2089
912 2075
913 2002
914 2040
915 1905
916 2004
917 2046
918 2073
919 2056
920 2056
921 2233
922 2211
923 2174
924 2300
925 2532
926 3388
927 7852
928 22311
929 41047
930 36223
931 14513
932 4034
933 2346
934 2111
935 2041
936 1948
937 1925
938 1977
939 2094
940 2009
941 1891
942 1941
943 1994
944 2079
945 2030
946 1939
947 1878
948 1961
949 2283
950 2663
951 3441
952 4029
953 7267
954 13807
955 15521
956 8617
957 3583
958 2938
959 3179
960 3355
961 3697
962 3353
963 2400
964 2005
965 2022
966 2399
967 2661
968 2585
969 2107
970 1918
971 1891
972 1912
973 2152
974 2428
975 2197
976 1792
977 1748
978 1716
979 1669
980 1717
981 1693
982 1728
983 1704
984 1724
985 1741
986 1739
987 1702
988 1796
989 1844
990 1955
991 2184
992 2413
993 2507
994 2225
995 2012
996 1907
997 2037
998 2134
999 1886
1000 1832
1001 1818
1002 1847
1003 1800
1004 1903
1005 1912
1006 1917
1007 1888
1008 2036
1009 2190
1010 2323
1011 2351
1012 2570
1013 2900
1014 3575
1015 5164
1016 7898
1017 12930
1018 23485
1019 40512
1020 63315
1021 82027
1022 88730
1023 78766
1024 60999
1025 40094
1026 23048
1027 12307
1028 7258
1029 4609
1030 3661
1031 3884
1032 4313
1033 3656
1034 3225
1035 5060
1036 7541
1037 6735
1038 3343
1039 1686
1040 1372
1041 1395
1042 1315
1043 1290
1044 1367
1045 1378
1046 1612
1047 2088
1048 2144
1049 1680
1050 1265
1051 1188
1052 1131
1053 1176
1054 1174
1055 1200
1056 1210
1057 1224
1058 1096
1059 1100
1060 1117
1061 1096
1062 1090
1063 1070
1064 1038
1065 1069
1066 1076
1067 1091
1068 1020
1069 1123
1070 1121
1071 1176
1072 1082
1073 1067
1074 1042
1075 1011
1076 1064
1077 1103
1078 1208
1079 1947
1080 3565
1081 4711
1082 4140
1083 2512
1084 1556
1085 1088
1086 1006
1087 990
1088 1002
1089 1008
1090 1041
1091 1159
1092 1261
1093 1267
1094 1124
1095 1016
1096 976
1097 1020
1098 1086
1099 1041
1100 943
1101 974
1102 996
1103 1003
1104 932
1105 927
1106 1018
1107 1027
1108 1023
1109 940
1110 921
1111 1042
1112 1014
1113 1091
1114 967
1115 922
1116 951
1117 920
1118 958
1119 993
1120 998
1121 1106
1122 986
1123 900
1124 938
1125 972
1126 1023
1127 1047
1128 1102
1129 1168
1130 1585
1131 1787
1132 2253
1133 4125
1134 7120
1135 6815
1136 3800
1137 1677
1138 1294
1139 1249
1140 1075
1141 1048
1142 1448
1143 2524
1144 4237
1145 4887
1146 3144
1147 1505
1148 1005
1149 896
1150 909
1151 973
1152 1295
1153 1970
1154 2861
1155 2500
1156 1572
1157 999
1158 846
1159 857
1160 851
1161 968
1162 969
1163 958
1164 878
1165 880
1166 807
1167 824
1168 851
1169 1002
1170 1047
1171 926
1172 829
1173 820
1174 841
1175 872
1176 920
1177 876
1178 798
1179 780
1180 785
1181 806
1182 836
1183 843
1184 788
1185 791
1186 825
1187 792
1188 781
1189 783
1190 864
1191 1071
1192 1222
1193 1067
1194 919
1195 892
1196 822
1197 707
1198 767
1199 761
1200 749
1201 743
1202 834
1203 931
1204 921
1205 892
1206 956
1207 1150
1208 1732
1209 2594
1210 2693
1211 2516
1212 3686
1213 6534
1214 7519
1215 4730
1216 1851
1217 956
1218 762
1219 740
1220 705
1221 826
1222 975
1223 1265
1224 1317
1225 1156
1226 781
1227 721
1228 714
1229 722
1230 774
1231 785
1232 722
1233 822
1234 1076
1235 1582
1236 1993
1237 1842
1238 1256
1239 838
1240 706
1241 895
1242 1111
1243 1398
1244 1415
1245 1111
1246 814
1247 727
1248 697
1249 702
1250 672
1251 643
1252 681
1253 655
1254 612
1255 686
1256 635
1257 624
1258 700
1259 676
1260 726
1261 761
1262 791
1263 775
1264 1066
1265 1487
1266 1548
1267 1160
1268 798
1269 671
1270 642
1271 591
1272 577
1273 573
1274 650
1275 591
1276 605
1277 612
1278 681
1279 634
1280 628
1281 638
1282 599
1283 608
1284 607
1285 598
1286 642
1287 685
1288 858
1289 1075
1290 1117
1291 919
1292 709
1293 634
1294 624
1295 607
1296 582
1297 562
1298 566
1299 570
1300 573
1301 571
1302 572
1303 584
1304 601
1305 592
1306 660
1307 723
1308 738
1309 713
1310 611
1311 635
1312 560
1313 584
1314 595
1315 576
1316 522
1317 589
1318 566
1319 575
1320 587
1321 561
1322 620
1323 809
1324 1241
1325 2334
1326 3405
1327 3192
1328 1907
1329 1085
1330 1074
1331 1445
1332 1627
1333 1261
1334 906
1335 830
1336 812
1337 684
1338 602
1339 573
1340 545
1341 559
1342 558
1343 570
1344 591
1345 520
1346 536
1347 551
1348 506
1349 513
1350 530
1351 535
1352 548
1353 580
1354 590
1355 641
1356 668
1357 656
1358 628
1359 586
1360 557
1361 561
1362 552
1363 518
1364 504
1365 530
1366 546
1367 609
1368 675
1369 704
1370 645
1371 547
1372 554
1373 533
1374 518
1375 576
1376 638
1377 885
1378 1239
1379 1404
1380 1238
1381 757
1382 557
1383 546
1384 486
1385 458
1386 504
1387 446
1388 532
1389 455
1390 445
1391 462
1392 524
1393 618
1394 645
1395 747
1396 723
1397 623
1398 566
1399 516
1400 489
1401 486
1402 489
1403 429
1404 463
1405 484
1406 478
1407 431
1408 475
1409 468
1410 460
1411 464
1412 475
1413 439
1414 507
1415 556
1416 466
1417 457
1418 384
1419 473
1420 431
1421 444
1422 509
1423 512
1424 516
1425 475
1426 446
1427 449
1428 404
1429 431
1430 428
1431 420
1432 450
1433 443
1434 486
1435 452
1436 503
1437 507
1438 489
1439 507
1440 419
1441 435
1442 412
1443 388
1444 403
1445 383
1446 413
1447 409
1448 378
1449 384
1450 405
1451 421
1452 398
1453 428
1454 420
1455 411
1456 415
1457 402
1458 402
1459 434
1460 406
1461 429
1462 416
1463 420
1464 363
1465 370
1466 393
1467 361
1468 393
1469 407
1470 402
1471 444
1472 394
1473 399
1474 426
1475 407
1476 403
1477 440
1478 372
1479 376
1480 413
1481 453
1482 453
1483 400
1484 402
1485 393
1486 416
1487 373
1488 395
1489 392
1490 367
1491 397
1492 329
1493 387
1494 369
1495 415
1496 379
1497 404
1498 401
1499 380
1500 439
1501 403
1502 429
1503 439
1504 465
1505 414
1506 384
1507 408
1508 444
1509 417
1510 422
1511 374
1512 375
1513 373
1514 350
1515 380
1516 357
1517 368
1518 358
1519 359
1520 369
1521 344
1522 367
1523 404
1524 380
1525 374
1526 367
1527 358
1528 399
1529 398
1530 413
1531 399
1532 377
1533 370
1534 376
1535 397
1536 364
1537 368
1538 366
1539 394
1540 386
1541 361
1542 352
1543 409
1544 371
1545 393
1546 421
1547 432
1548 463
1549 417
1550 415
1551 397
1552 352
1553 372
1554 416
1555 447
1556 470
1557 456
1558 438
1559 365
1560 433
1561 409
1562 424
1563 447
1564 640
1565 1154
1566 2155
1567 3267
1568 3759
1569 3380
1570 2212
1571 1223
1572 569
1573 411
1574 376
1575 359
1576 367
1577 363
1578 361
1579 333
1580 331
1581 336
1582 363
1583 332
1584 339
1585 326
1586 343
1587 331
1588 320
1589 340
1590 327
1591 316
1592 315
1593 301
1594 332
1595 339
1596 326
1597 357
1598 334
1599 343
1600 303
1601 331
1602 332
1603 326
1604 354
1605 327
1606 368
1607 351
1608 347
1609 342
1610 313
1611 377
1612 322
1613 315
1614 346
1615 351
1616 307
1617 339
1618 348
1619 375
1620 371
1621 403
1622 362
1623 377
1624 337
1625 348
1626 313
1627 290
1628 332
1629 371
1630 423
1631 500
1632 546
1633 494
1634 459
1635 397
1636 389
1637 378
1638 393
1639 464
1640 464
1641 379
1642 358
1643 323
1644 305
1645 289
1646 297
1647 338
1648 349
1649 321
1650 371
1651 354
1652 358
1653 376
1654 474
1655 832
1656 1356
1657 1584
1658 1342
1659 806
1660 534
1661 396
1662 304
1663 311
1664 299
1665 282
1666 302
1667 316
1668 348
1669 366
1670 426
1671 352
1672 332
1673 274
1674 299
1675 328
1676 263
1677 357
1678 307
1679 284
1680 311
1681 329
1682 345
1683 375
1684 360
1685 319
1686 310
1687 332
1688 318
1689 392
1690 396
1691 525
1692 548
1693 581
1694 422
1695 327
1696 274
1697 259
1698 275
1699 288
1700 257
1701 280
1702 284
1703 297
1704 276
1705 270
1706 285
1707 264
1708 274
1709 279
1710 300
1711 290
1712 292
1713 270
1714 310
1715 384
1716 473
1717 535
1718 511
1719 415
1720 331
1721 322
1722 306
1723 338
1724 349
1725 372
1726 344
1727 302
1728 267
1729 271
1730 249
1731 252
1732 285
1733 296
1734 344
1735 340
1736 326
1737 266
1738 317
1739 333
1740 385
1741 587
1742 785
1743 956
1744 820
1745 506
1746 323
1747 313
1748 372
1749 369
1750 344
1751 332
1752 282
1753 290
1754 299
1755 306
1756 264
1757 278
1758 265
1759 296
1760 296
1761 346
1762 371
1763 457
1764 433
1765 348
1766 254
1767 230
1768 251
1769 222
1770 259
1771 228
1772 250
1773 292
1774 281
1775 313
1776 313
1777 283
1778 243
1779 246
1780 242
1781 243
1782 241
1783 279
1784 247
1785 266
1786 260
1787 228
1788 252
1789 219
1790 242
1791 240
1792 253
1793 261
1794 294
1795 284
1796 418
1797 682
1798 1111
1799 1198
1800 962
1801 557
1802 378
1803 281
1804 260
1805 277
1806 227
1807 231
1808 256
1809 317
1810 404
1811 538
1812 584
1813 556
1814 366
1815 272
1816 223
1817 212
1818 235
1819 251
1820 221
1821 228
1822 271
1823 261
1824 308
1825 284
1826 251
1827 268
1828 253
1829 250
1830 232
1831 260
1832 252
1833 218
1834 263
1835 225
1836 269
1837 267
1838 277
1839 257
1840 264
1841 275
1842 239
1843 231
1844 215
1845 228
1846 233
1847 243
1848 260
1849 266
1850 252
1851 267
1852 256
1853 232
1854 219
1855 219
1856 219
1857 243
1858 223
1859 251
1860 270
1861 279
1862 256
1863 260
1864 262
1865 225
1866 237
1867 230
1868 234
1869 221
1870 224
1871 216
1872 228
1873 186
1874 217
1875 223
1876 217
1877 246
1878 241
1879 198
1880 246
1881 260
1882 256
1883 264
1884 257
1885 255
1886 251
1887 273
1888 308
1889 272
1890 235
1891 195
1892 198
1893 225
1894 216
1895 207
1896 219
1897 231
1898 242
1899 249
1900 314
1901 315
1902 401
1903 350
1904 295
1905 212
1906 213
1907 214
1908 202
1909 204
1910 200
1911 182
1912 212
1913 204
1914 205
1915 205
1916 208
1917 216
1918 203
1919 209
1920 220
1921 209
1922 231
1923 257
1924 237
1925 236
1926 249
1927 250
1928 241
1929 264
1930 293
1931 286
1932 264
1933 269
1934 290
1935 267
1936 254
1937 238
1938 217
1939 231
1940 227
1941 258
1942 254
1943 286
1944 327
1945 339
1946 307
1947 238
1948 226
1949 234
1950 222
1951 234
1952 221
1953 219
1954 229
1955 243
1956 219
1957 215
1958 212
1959 216
1960 256
1961 218
1962 214
1963 200
1964 225
1965 209
1966 296
1967 325
1968 340
1969 324
1970 253
1971 220
1972 233
1973 220
1974 214
1975 237
1976 227
1977 265
1978 365
1979 470
1980 553
1981 497
1982 375
1983 293
1984 240
1985 247
1986 243
1987 219
1988 218
1989 229
1990 223
1991 240
1992 208
1993 192
1994 232
1995 233
1996 221
1997 212
1998 221
1999 213
2000 194
2001 201
2002 189
2003 228
2004 180
2005 196
2006 215
2007 231
2008 217
2009 216
2010 257
2011 202
2012 180
2013 198
2014 206
2015 198
2016 206
2017 214
2018 224
2019 225
2020 220
2021 204
2022 189
2023 181
2024 188
2025 199
2026 210
2027 191
2028 198
2029 206
2030 181
2031 230
2032 217
2033 241
2034 244
2035 199
2036 214
2037 190
2038 199
2039 206
2040 175
2041 180
2042 225
2043 252
2044 251
2045 233
2046 261
2047 213
2048 194
2049 185
2050 157
2051 172
2052 168
2053 179
2054 200
2055 200
2056 237
2057 200
2058 237
2059 277
2060 357
2061 585
2062 963
2063 1403
2064 1446
2065 1108
2066 622
2067 336
2068 188
2069 207
2070 187
2071 191
2072 192
2073 220
2074 227
2075 234
2076 227
2077 194
2078 189
2079 192
2080 174
2081 201
2082 178
2083 196
2084 177
2085 208
2086 201
2087 242
2088 224
2089 256
2090 334
2091 477
2092 615
2093 723
2094 684
2095 493
2096 295
2097 209
2098 184
2099 157
2100 162
2101 170
2102 176
2103 167
2104 183
2105 161
2106 186
2107 165
2108 172
2109 175
2110 169
2111 158
2112 166
2113 185
2114 164
2115 177
2116 158
2117 173
2118 167
2119 187
2120 173
2121 196
2122 220
2123 228
2124 199
2125 179
2126 164
2127 185
2128 173
2129 182
2130 163
2131 164
2132 202
2133 176
2134 183
2135 166
2136 160
2137 158
2138 167
2139 158
2140 180
2141 153
2142 169
2143 178
2144 177
2145 163
2146 171
2147 185
2148 185
2149 182
2150 175
2151 163
2152 177
2153 184
2154 174
2155 171
2156 157
2157 169
2158 155
2159 191
2160 200
2161 216
2162 202
2163 200
2164 190
2165 173
2166 158
2167 172
2168 152
2169 197
2170 195
2171 183
2172 202
2173 165
2174 177
2175 168
2176 147
2177 169
2178 149
2179 189
2180 185
2181 213
2182 229
2183 247
2184 280
2185 261
2186 201
2187 189
2188 177
2189 148
2190 165
2191 175
2192 174
2193 156
2194 170
2195 164
2196 148
2197 143
2198 181
2199 214
2200 219
2201 226
2202 188
2203 184
2204 202
2205 156
2206 170
2207 132
2208 134
2209 152
2210 112
2211 155
2212 147
2213 141
2214 123
2215 141
2216 153
2217 151
2218 178
2219 174
2220 152
2221 176
2222 159
2223 137
2224 137
2225 137
2226 135
2227 132
2228 145
2229 129
2230 146
2231 151
2232 146
2233 136
2234 176
2235 142
2236 172
2237 157
2238 145
2239 143
2240 170
2241 155
2242 163
2243 150
2244 149
2245 153
2246 133
2247 139
2248 158
2249 146
2250 159
2251 160
2252 162
2253 138
2254 161
2255 178
2256 186
2257 200
2258 200
2259 194
2260 211
2261 189
2262 153
2263 137
2264 147
2265 142
2266 115
2267 125
2268 148
2269 146
2270 148
2271 126
2272 152
2273 131
2274 140
2275 151
2276 146
2277 134
2278 148
2279 156
2280 160
2281 146
2282 144
2283 150
2284 128
2285 141
2286 138
2287 142
2288 144
2289 131
2290 144
2291 120
2292 123
2293 143
2294 135
2295 152
2296 182
2297 190
2298 206
2299 244
2300 235
2301 221
2302 222
2303 185
2304 216
2305 203
2306 186
2307 177
2308 175
2309 215
2310 203
2311 180
2312 172
2313 188
2314 150
2315 111
2316 124
2317 138
2318 146
2319 137
2320 140
2321 138
2322 153
2323 154
2324 129
2325 140
2326 158
2327 131
2328 172
2329 122
2330 149
2331 145
2332 139
2333 133
2334 153
2335 157
2336 142
2337 178
2338 155
2339 140
2340 164
2341 160
2342 183
2343 172
2344 232
2345 219
2346 195
2347 210
2348 190
2349 172
2350 163
2351 146
2352 155
2353 137
2354 144
2355 119
2356 144
2357 141
2358 142
2359 140
2360 141
2361 168
2362 175
2363 167
2364 194
2365 222
2366 279
2367 323
2368 339
2369 305
2370 237
2371 172
2372 153
2373 148
2374 151
2375 140
2376 184
2377 187
2378 147
2379 191
2380 203
2381 196
2382 207
2383 153
2384 162
2385 139
2386 151
2387 142
2388 143
2389 170
2390 197
2391 211
2392 198
2393 239
2394 196
2395 194
2396 182
2397 202
2398 235
2399 297
2400 311
2401 266
2402 269
2403 171
2404 145
2405 152
2406 129
2407 138
2408 130
2409 142
2410 151
2411 151
2412 173
2413 193
2414 183
2415 175
2416 214
2417 202
2418 188
2419 168
2420 163
2421 175
2422 203
2423 208
2424 208
2425 215
2426 226
2427 236
2428 183
2429 182
2430 157
2431 146
2432 159
2433 151
2434 145
2435 178
2436 158
2437 167
2438 154
2439 226
2440 269
2441 411
2442 531
2443 513
2444 407
2445 309
2446 201
2447 144
2448 156
2449 138
2450 163
2451 138
2452 163
2453 151
2454 136
2455 136
2456 132
2457 133
2458 145
2459 140
2460 120
2461 161
2462 114
2463 143
2464 148
2465 160
2466 195
2467 200
2468 201
2469 183
2470 149
2471 144
2472 137
2473 158
2474 164
2475 171
2476 157
2477 150
2478 150
2479 159
2480 143
2481 158
2482 163
2483 158
2484 175
2485 158
2486 184
2487 151
2488 162
2489 173
2490 187
2491 176
2492 170
2493 197
2494 173
2495 186
2496 191
2497 168
2498 133
2499 167
2500 148
2501 145
2502 156
2503 175
2504 163
2505 156
2506 149
2507 137
2508 138
2509 151
2510 135
2511 136
2512 145
2513 165
2514 158
2515 206
2516 208
2517 190
2518 171
2519 168
2520 179
2521 138
2522 156
2523 131
2524 140
2525 153
2526 163
2527 144
2528 149
2529 164
2530 158
2531 167
2532 172
2533 162
2534 142
2535 134
2536 123
2537 125
2538 146
2539 126
2540 152
2541 172
2542 145
2543 172
2544 176
2545 143
2546 150
2547 150
2548 154
2549 145
2550 123
2551 144
2552 129
2553 163
2554 153
2555 177
2556 156
2557 150
2558 150
2559 117
2560 133
2561 137
2562 135
2563 143
2564 152
2565 164
2566 146
2567 151
2568 149
2569 137
2570 142
2571 147
2572 154
2573 150
2574 159
2575 186
2576 219
2577 171
2578 145
2579 134
2580 139
2581 127
2582 129
2583 112
2584 138
2585 130
2586 129
2587 148
2588 140
2589 140
2590 134
2591 122
2592 131
2593 131
2594 126
2595 104
2596 132
2597 128
2598 139
2599 123
2600 128
2601 139
2602 135
2603 126
2604 144
2605 131
2606 122
2607 110
2608 128
2609 134
2610 110
2611 114
2612 142
2613 122
2614 132
2615 119
2616 122
2617 148
2618 158
2619 153
2620 139
2621 130
2622 126
2623 147
2624 132
2625 149
2626 112
2627 136
2628 127
2629 140
2630 140
2631 151
2632 145
2633 144
2634 138
2635 138
2636 131
2637 124
2638 119
2639 143
2640 114
2641 135
2642 119
2643 127
2644 141
2645 115
2646 107
2647 109
2648 127
2649 137
2650 114
2651 127
2652 116
2653 134
2654 115
2655 128
2656 124
2657 132
2658 130
2659 107
2660 127
2661 120
2662 122
2663 133
2664 128
2665 130
2666 130
2667 138
2668 123
2669 137
2670 142
2671 123
2672 129
2673 114
2674 119
2675 116
2676 106
2677 108
2678 117
2679 126
2680 114
2681 138
2682 128
2683 137
2684 150
2685 151
2686 154
2687 178
2688 120
2689 136
2690 130
2691 126
2692 138
2693 130
2694 118
2695 143
2696 145
2697 137
2698 112
2699 114
2700 138
2701 127
2702 118
2703 121
2704 108
2705 109
2706 114
2707 105
2708 120
2709 132
2710 129
2711 129
2712 113
2713 104
2714 108
2715 97
2716 112
2717 121
2718 115
2719 120
2720 101
2721 117
2722 142
2723 134
2724 155
2725 171
2726 172
2727 141
2728 143
2729 141
2730 107
2731 118
2732 113
2733 133
2734 113
2735 116
2736 112
2737 117
2738 112
2739 129
2740 117
2741 104
2742 111
2743 108
2744 120
2745 113
2746 106
2747 95
2748 127
2749 124
2750 141
2751 171
2752 167
2753 191
2754 234
2755 217
2756 180
2757 167
2758 129
2759 91
2760 130
2761 118
2762 118
2763 102
2764 106
2765 109
2766 112
2767 82
2768 99
2769 94
2770 101
2771 101
2772 105
2773 94
2774 98
2775 82
2776 113
2777 94
2778 84
2779 116
2780 93
2781 92
2782 102
2783 97
2784 107
2785 113
2786 93
2787 106
2788 113
2789 120
2790 119
2791 115
2792 113
2793 122
2794 140
2795 156
2796 144
2797 113
2798 149
2799 117
2800 111
2801 103
2802 126
2803 114
2804 123
2805 126
2806 106
2807 103
2808 122
2809 118
2810 110
2811 120
2812 130
2813 105
2814 141
2815 143
2816 140
2817 108
2818 120
2819 93
2820 118
2821 107
2822 106
2823 103
2824 89
2825 88
2826 92
2827 91
2828 76
2829 106
2830 118
2831 108
2832 99
2833 98
2834 105
2835 111
2836 107
2837 95
2838 93
2839 105
2840 99
2841 105
2842 106
2843 110
2844 112
2845 108
2846 89
2847 108
2848 104
2849 114
2850 111
2851 98
2852 103
2853 97
2854 123
2855 88
2856 102
2857 94
2858 100
2859 93
2860 111
2861 113
2862 128
2863 157
2864 158
2865 180
2866 161
2867 149
2868 88
2869 103
2870 80
2871 96
2872 89
2873 105
2874 96
2875 101
2876 102
2877 123
2878 115
2879 122
2880 124
2881 147
2882 102
2883 110
2884 114
2885 89
2886 92
2887 80
2888 79
2889 75
2890 77
2891 79
2892 78
2893 90
2894 92
2895 83
2896 103
2897 89
2898 95
2899 99
2900 87
2901 87
2902 93
2903 81
2904 78
2905 80
2906 91
2907 87
2908 90
2909 92
2910 106
2911 89
2912 80
2913 79
2914 91
2915 75
2916 107
2917 95
2918 104
2919 90
2920 109
2921 88
2922 84
2923 74
2924 74
2925 87
2926 92
2927 95
2928 125
2929 140
2930 135
2931 152
2932 134
2933 136
2934 102
2935 113
2936 96
2937 107
2938 94
2939 80
2940 84
2941 74
2942 90
2943 106
2944 111
2945 115
2946 92
2947 87
2948 104
2949 74
2950 77
2951 89
2952 67
2953 80
2954 87
2955 90
2956 70
2957 82
2958 70
2959 74
2960 76
2961 71
2962 75
2963 81
2964 79
2965 84
2966 104
2967 96
2968 100
2969 91
2970 85
2971 99
2972 78
2973 77
2974 92
2975 117
2976 80
2977 78
2978 93
2979 99
2980 97
2981 85
2982 102
2983 89
2984 106
2985 111
2986 173
2987 175
2988 225
2989 289
2990 343
2991 241
2992 235
2993 160
2994 118
2995 131
2996 143
2997 198
2998 237
2999 296
3000 387
3001 416
3002 378
3003 270
3004 195
3005 119
3006 93
3007 83
3008 93
3009 94
3010 95
3011 104
3012 85
3013 91
3014 88
3015 75
3016 83
3017 80
3018 66
3019 85
3020 79
3021 87
3022 81
3023 87
3024 74
3025 75
3026 74
3027 80
3028 78
3029 67
3030 86
3031 81
3032 79
3033 95
3034 90
3035 76
3036 95
3037 80
3038 90
3039 100
3040 124
3041 116
3042 136
3043 107
3044 115
3045 94
3046 106
3047 88
3048 102
3049 107
3050 120
3051 164
3052 206
3053 214
3054 214
3055 225
3056 148
3057 89
3058 101
3059 82
3060 99
3061 93
3062 71
3063 98
3064 115
3065 147
3066 192
3067 214
3068 205
3069 185
3070 160
3071 124
3072 92
3073 67
3074 76
3075 79
3076 85
3077 86
3078 93
3079 79
3080 77
3081 84
3082 86
3083 66
3084 86
3085 79
3086 75
3087 73
3088 79
3089 88
3090 81
3091 96
3092 82
3093 66
3094 80
3095 67
3096 79
3097 65
3098 78
3099 86
3100 70
3101 74
3102 83
3103 71
3104 86
3105 77
3106 82
3107 77
3108 88
3109 99
3110 93
3111 87
3112 103
3113 103
3114 92
3115 116
3116 99
3117 86
3118 87
3119 85
3120 90
3121 82
3122 87
3123 95
3124 64
3125 87
3126 95
3127 80
3128 88
3129 82
3130 91
3131 77
3132 75
3133 92
3134 83
3135 74
3136 83
3137 79
3138 74
3139 89
3140 98
3141 76
3142 75
3143 82
3144 88
3145 74
3146 110
3147 99
3148 120
3149 90
3150 76
3151 81
3152 70
3153 69
3154 86
3155 79
3156 74
3157 75
3158 84
3159 98
3160 87
3161 114
3162 146
3163 149
3164 160
3165 171
3166 190
3167 171
3168 199
3169 221
3170 220
3171 185
3172 146
3173 117
3174 106
3175 96
3176 89
3177 81
3178 85
3179 62
3180 76
3181 103
3182 90
3183 106
3184 123
3185 112
3186 125
3187 118
3188 127
3189 130
3190 213
3191 280
3192 272
3193 298
3194 279
3195 201
3196 138
3197 78
3198 89
3199 80
3200 98
3201 77
3202 103
3203 124
3204 155
3205 191
3206 250
3207 367
3208 371
3209 344
3210 294
3211 198
3212 118
3213 92
3214 73
3215 83
3216 104
3217 98
3218 81
3219 98
3220 82
3221 80
3222 77
3223 71
3224 71
3225 71
3226 74
3227 71
3228 89
3229 90
3230 92
3231 73
3232 76
3233 74
3234 105
3235 94
3236 89
3237 81
3238 84
3239 77
3240 86
3241 88
3242 69
3243 81
3244 89
3245 87
3246 95
3247 81
3248 72
3249 67
3250 78
3251 78
3252 54
3253 68
3254 76
3255 76
3256 57
3257 62
3258 85
3259 86
3260 80
3261 79
3262 72
3263 67
3264 80
3265 86
3266 63
3267 65
3268 82
3269 69
3270 91
3271 79
3272 84
3273 99
3274 100
3275 91
3276 80
3277 64
3278 74
3279 95
3280 76
3281 97
3282 86
3283 81
3284 74
3285 79
3286 74
3287 67
3288 81
3289 87
3290 92
3291 88
3292 77
3293 85
3294 89
3295 87
3296 87
3297 80
3298 77
3299 94
3300 90
3301 83
3302 88
3303 80
3304 88
3305 83
3306 98
3307 87
3308 99
3309 88
3310 78
3311 78
3312 55
3313 68
3314 77
3315 72
3316 81
3317 92
3318 83
3319 97
3320 70
3321 75
3322 75
3323 81
3324 67
3325 90
3326 100
3327 97
3328 103
3329 117
3330 88
3331 92
3332 73
3333 82
3334 78
3335 77
3336 79
3337 92
3338 63
3339 72
3340 76
3341 72
3342 91
3343 68
3344 80
3345 81
3346 78
3347 61
3348 73
3349 62
3350 78
3351 64
3352 71
3353 90
3354 77
3355 97
3356 88
3357 93
3358 71
3359 79
3360 84
3361 74
3362 75
3363 62
3364 62
3365 74
3366 76
3367 73
3368 78
3369 88
3370 81
3371 69
3372 80
3373 70
3374 75
3375 68
3376 66
3377 54
3378 65
3379 69
3380 67
3381 59
3382 61
3383 71
3384 53
3385 71
3386 73
3387 68
3388 69
3389 76
3390 67
3391 76
3392 72
3393 64
3394 83
3395 71
3396 83
3397 80
3398 73
3399 71
3400 65
3401 70
3402 60
3403 65
3404 76
3405 74
3406 61
3407 62
3408 55
3409 55
3410 73
3411 73
3412 66
3413 72
3414 65
3415 73
3416 66
3417 75
3418 71
3419 69
3420 75
3421 74
3422 83
3423 52
3424 69
3425 62
3426 59
3427 66
3428 60
3429 62
3430 55
3431 58
3432 64
3433 64
3434 62
3435 72
3436 66
3437 88
3438 95
3439 120
3440 134
3441 125
3442 123
3443 90
3444 89
3445 73
3446 77
3447 80
3448 61
3449 71
3450 55
3451 64
3452 68
3453 64
3454 71
3455 79
3456 63
3457 62
3458 59
3459 63
3460 55
3461 63
3462 69
3463 104
3464 81
3465 92
3466 81
3467 74
3468 70
3469 78
3470 56
3471 57
3472 53
3473 63
3474 59
3475 43
3476 66
3477 62
3478 76
3479 66
3480 66
3481 56
3482 61
3483 63
3484 55
3485 68
3486 59
3487 44
3488 62
3489 42
3490 42
3491 51
3492 64
3493 53
3494 53
3495 62
3496 56
3497 48
3498 57
3499 61
3500 49
3501 68
3502 56
3503 41
3504 46
3505 42
3506 57
3507 55
3508 58
3509 63
3510 78
3511 74
3512 69
3513 54
3514 51
3515 59
3516 44
3517 59
3518 54
3519 41
3520 58
3521 46
3522 57
3523 50
3524 57
3525 58
3526 62
3527 40
3528 50
3529 50
3530 63
3531 65
3532 57
3533 72
3534 67
3535 79
3536 78
3537 77
3538 96
3539 110
3540 99
3541 81
3542 87
3543 64
3544 53
3545 57
3546 65
3547 64
3548 71
3549 68
3550 52
3551 47
3552 45
3553 46
3554 57
3555 59
3556 45
3557 53
3558 62
3559 59
3560 59
3561 72
3562 67
3563 74
3564 102
3565 90
3566 84
3567 72
3568 46
3569 56
3570 64
3571 44
3572 49
3573 59
3574 42
3575 45
3576 52
3577 56
3578 55
3579 30
3580 54
3581 50
3582 51
3583 54
3584 59
3585 52
3586 59
3587 48
3588 50
3589 58
3590 56
3591 57
3592 54
3593 50
3594 48
3595 55
3596 48
3597 46
3598 46
3599 56
3600 63
3601 51
3602 76
3603 67
3604 63
3605 53
3606 74
3607 66
3608 71
3609 71
3610 64
3611 51
3612 57
3613 41
3614 39
3615 57
3616 45
3617 43
3618 54
3619 46
3620 59
3621 48
3622 42
3623 48
3624 52
3625 36
3626 47
3627 44
3628 49
3629 46
3630 45
3631 61
3632 34
3633 33
3634 44
3635 37
3636 47
3637 46
3638 52
3639 44
3640 54
3641 58
3642 49
3643 46
3644 72
3645 67
3646 60
3647 67
3648 100
3649 90
3650 78
3651 75
3652 64
3653 52
3654 42
3655 47
3656 46
3657 45
3658 51
3659 49
3660 41
3661 41
3662 29
3663 44
3664 51
3665 35
3666 52
3667 52
3668 43
3669 50
3670 63
3671 55
3672 50
3673 60
3674 59
3675 47
3676 54
3677 55
3678 38
3679 42
3680 35
3681 51
3682 51
3683 47
3684 37
3685 49
3686 52
3687 44
3688 56
3689 58
3690 49
3691 51
3692 50
3693 50
3694 41
3695 49
3696 34
3697 37
3698 41
3699 50
3700 45
3701 71
3702 68
3703 61
3704 68
3705 69
3706 68
3707 60
3708 52
3709 49
3710 46
3711 49
3712 38
3713 48
3714 44
3715 49
3716 38
3717 42
3718 51
3719 48
3720 37
3721 45
3722 43
3723 40
3724 38
3725 35
3726 49
3727 38
3728 39
3729 35
3730 37
3731 46
3732 34
3733 50
3734 42
3735 28
3736 44
3737 46
3738 34
3739 45
3740 50
3741 39
3742 47
3743 55
3744 40
3745 40
3746 52
3747 46
3748 42
3749 53
3750 47
3751 59
3752 58
3753 59
3754 59
3755 52
3756 50
3757 61
3758 55
3759 46
3760 49
3761 42
3762 46
3763 30
3764 38
3765 39
3766 24
3767 38
3768 36
3769 39
3770 39
3771 47
3772 68
3773 68
3774 85
3775 88
3776 83
3777 82
3778 50
3779 46
3780 55
3781 53
3782 50
3783 48
3784 32
3785 34
3786 51
3787 31
3788 54
3789 37
3790 39
3791 40
3792 53
3793 31
3794 38
3795 47
3796 36
3797 42
3798 52
3799 51
3800 38
3801 37
3802 49
3803 47
3804 41
3805 54
3806 49
3807 37
3808 48
3809 55
3810 61
3811 56
3812 76
3813 68
3814 104
3815 163
3816 214
3817 304
3818 450
3819 560
3820 634
3821 575
3822 424
3823 300
3824 152
3825 105
3826 57
3827 40
3828 29
3829 34
3830 39
3831 35
3832 48
3833 43
3834 42
3835 27
3836 38
3837 37
3838 54
3839 44
3840 50
3841 52
3842 64
3843 66
3844 58
3845 52
3846 42
3847 44
3848 36
3849 31
3850 34
3851 36
3852 39
3853 37
3854 36
3855 43
3856 48
3857 54
3858 46
3859 62
3860 49
3861 36
3862 47
3863 47
3864 42
3865 27
3866 29
3867 28
3868 33
3869 28
3870 32
3871 47
3872 37
3873 37
3874 34
3875 32
3876 33
3877 30
3878 29
3879 39
3880 40
3881 41
3882 45
3883 42
3884 43
3885 47
3886 47
3887 44
3888 38
3889 28
3890 31
3891 24
3892 36
3893 38
3894 26
3895 36
3896 55
3897 33
3898 31
3899 34
3900 34
3901 28
3902 43
3903 34
3904 28
3905 38
3906 27
3907 24
3908 25
3909 31
3910 23
3911 28
3912 21
3913 35
3914 28
3915 41
3916 33
3917 22
3918 26
3919 43
3920 37
3921 31
3922 32
3923 40
3924 33
3925 31
3926 31
3927 36
3928 35
3929 30
3930 32
3931 26
3932 30
3933 29
3934 28
3935 34
3936 26
3937 37
3938 37
3939 35
3940 34
3941 41
3942 40
3943 32
3944 37
3945 31
3946 24
3947 25
3948 28
3949 23
3950 19
3951 24
3952 28
3953 31
3954 33
3955 35
3956 32
3957 24
3958 26
3959 28
3960 35
3961 20
3962 21
3963 35
3964 24
3965 27
3966 26
3967 28
3968 36
3969 27
3970 22
3971 26
3972 24
3973 32
3974 31
3975 30
3976 32
3977 19
3978 28
3979 28
3980 21
3981 26
3982 25
3983 19
3984 29
3985 22
3986 19
3987 24
3988 26
3989 29
3990 27
3991 33
3992 45
3993 40
3994 46
3995 48
3996 55
3997 39
3998 42
3999 40
4000 34
4001 30
4002 34
4003 27
4004 29
4005 29
4006 23
4007 20
4008 28
4009 34
4010 34
4011 26
4012 29
4013 31
4014 30
4015 30
4016 36
4017 24
4018 24
4019 27
4020 24
4021 19
4022 17
4023 18
4024 26
4025 24
4026 24
4027 28
4028 20
4029 15
4030 18
4031 40
4032 34
4033 43
4034 53
4035 68
4036 82
4037 87
4038 82
4039 58
4040 40
4041 23
4042 25
4043 22
4044 24
4045 30
4046 20
4047 28
4048 25
4049 24
4050 34
4051 31
4052 24
4053 23
4054 22
4055 32
4056 26
4057 27
4058 25
4059 22
4060 33
4061 26
4062 26
4063 25
4064 23
4065 21
4066 16
4067 17
4068 21
4069 17
4070 23
4071 22
4072 22
4073 37
4074 24
4075 30
4076 29
4077 40
4078 46
4079 44
4080 68
4081 74
4082 74
4083 68
4084 66
4085 54
4086 49
4087 41
4088 58
4089 45
4090 53
4091 39
4092 44
4093 33
4094 28
4095 19
End
