ASCII channel-by-channel listing for 290_025.18
1139 - 57 - 278 started 2018-10-17 09:54:51.0 on counter 76
Generated Oct 17 2018 17.01.59, CRNG database/web system
Channel Data
0 300
1 317
2 0
3 0
4 0
5 0
6 0
7 0
8 0
9 0
10 0
11 0
12 0
13 0
14 0
15 0
16 0
17 0
18 0
19 0
20 0
21 0
22 0
23 0
24 0
25 0
26 0
27 0
28 0
29 0
30 0
31 0
32 0
33 0
34 0
35 0
36 0
37 0
38 0
39 0
40 0
41 0
42 0
43 0
44 0
45 0
46 0
47 0
48 0
49 0
50 0
51 0
52 0
53 0
54 0
55 0
56 0
57 0
58 0
59 0
60 0
61 0
62 0
63 0
64 0
65 0
66 0
67 0
68 0
69 0
70 0
71 0
72 0
73 0
74 0
75 0
76 0
77 0
78 0
79 1
80 8
81 39
82 196
83 592
84 5358
85 10205
86 10446
87 10291
88 10378
89 10137
90 10141
91 10206
92 10018
93 10136
94 10099
95 9892
96 9984
97 10010
98 9662
99 9774
100 9881
101 9673
102 9704
103 9782
104 9678
105 9645
106 9646
107 9752
108 9519
109 9593
110 9556
111 9546
112 9407
113 9671
114 9372
115 9720
116 11655
117 15116
118 10659
119 9335
120 9201
121 9156
122 9231
123 9205
124 9284
125 9215
126 9127
127 9087
128 9354
129 9461
130 9273
131 9304
132 9181
133 9323
134 9265
135 9296
136 9439
137 9220
138 9276
139 9024
140 9549
141 9268
142 9409
143 9266
144 9128
145 9855
146 10144
147 9590
148 9293
149 9712
150 10554
151 9814
152 9422
153 9370
154 9206
155 9372
156 9367
157 9499
158 9433
159 9346
160 9410
161 9407
162 9671
163 9499
164 9591
165 9663
166 9515
167 9783
168 9794
169 10183
170 10637
171 10100
172 9844
173 10467
174 11303
175 12701
176 15759
177 13239
178 11424
179 10247
180 10336
181 10541
182 10171
183 10288
184 10505
185 10645
186 10572
187 10415
188 10726
189 10598
190 10767
191 10816
192 10675
193 11011
194 12465
195 12642
196 11248
197 11008
198 11064
199 11317
200 11226
201 11231
202 11386
203 11344
204 11542
205 11538
206 11645
207 11699
208 11873
209 11711
210 12029
211 12017
212 12192
213 12087
214 12226
215 12104
216 12291
217 12248
218 12329
219 12510
220 12479
221 12496
222 12710
223 12578
224 12806
225 12974
226 13007
227 13038
228 13178
229 13333
230 13401
231 13177
232 13258
233 13323
234 13496
235 13697
236 14246
237 14200
238 14578
239 16842
240 15710
241 13716
242 13431
243 13566
244 13435
245 13613
246 13819
247 14744
248 15467
249 13889
250 13417
251 13371
252 13602
253 13592
254 13572
255 13706
256 13751
257 13880
258 13797
259 14125
260 16038
261 27898
262 34983
263 19277
264 14427
265 13877
266 14277
267 14103
268 14087
269 13840
270 14004
271 13824
272 13694
273 13632
274 13749
275 13835
276 14007
277 13695
278 13660
279 13922
280 13978
281 13806
282 13708
283 13658
284 13870
285 13744
286 13556
287 13613
288 13501
289 13478
290 13574
291 13467
292 13536
293 13254
294 13358
295 13217
296 13463
297 13118
298 13141
299 13145
300 13086
301 13035
302 13034
303 13204
304 13195
305 12910
306 13107
307 12822
308 13066
309 13070
310 12990
311 13062
312 13028
313 12710
314 12788
315 12965
316 12899
317 12871
318 12635
319 12794
320 12742
321 12568
322 12391
323 12575
324 12729
325 12745
326 12676
327 12534
328 12271
329 12261
330 12404
331 12265
332 12402
333 12283
334 12376
335 12287
336 12513
337 12561
338 12828
339 12932
340 12866
341 12765
342 12690
343 12897
344 12903
345 12865
346 13032
347 13003
348 13050
349 13049
350 12950
351 12912
352 12821
353 12770
354 13044
355 13208
356 13069
357 14008
358 14005
359 12793
360 12448
361 12573
362 12647
363 12811
364 13682
365 13765
366 12524
367 12196
368 12077
369 11975
370 12015
371 11974
372 12116
373 12029
374 12189
375 11935
376 11557
377 11849
378 11992
379 11671
380 11905
381 11805
382 11560
383 11522
384 11353
385 11786
386 11704
387 11654
388 11647
389 11190
390 11124
391 11187
392 11265
393 11113
394 11234
395 11131
396 11236
397 11108
398 11043
399 10894
400 10649
401 11040
402 11080
403 10814
404 10935
405 10722
406 10702
407 10601
408 10701
409 10773
410 10809
411 11511
412 17091
413 27387
414 21125
415 11706
416 10376
417 10139
418 10119
419 10101
420 9800
421 9909
422 10073
423 10101
424 10168
425 9835
426 9895
427 9699
428 9770
429 9734
430 9673
431 9960
432 10553
433 10181
434 9768
435 9445
436 9457
437 9314
438 9225
439 9224
440 9135
441 9151
442 9320
443 9245
444 9163
445 9133
446 8781
447 8842
448 8912
449 8717
450 8638
451 8550
452 8586
453 8531
454 8527
455 8648
456 8614
457 8758
458 8704
459 8183
460 8211
461 8060
462 8162
463 8185
464 8031
465 8030
466 8049
467 7981
468 8003
469 7886
470 7820
471 7921
472 7892
473 8061
474 8062
475 7759
476 7873
477 7796
478 7782
479 7798
480 7742
481 7535
482 7467
483 7713
484 7537
485 7636
486 7531
487 7453
488 7520
489 7421
490 7349
491 7500
492 7332
493 7210
494 7270
495 7341
496 7372
497 7808
498 8380
499 7853
500 7455
501 7284
502 7219
503 7022
504 7107
505 7108
506 7297
507 7783
508 10689
509 12168
510 8788
511 7144
512 7006
513 7047
514 7000
515 6902
516 6926
517 6953
518 6765
519 7014
520 6897
521 6955
522 7648
523 8235
524 7619
525 6991
526 6959
527 7176
528 7656
529 11161
530 31961
531 71062
532 55758
533 16783
534 7743
535 7923
536 8826
537 8426
538 7155
539 6540
540 6418
541 6476
542 6606
543 6337
544 6377
545 6375
546 6479
547 6485
548 6606
549 6482
550 6486
551 6913
552 7383
553 7121
554 6405
555 6597
556 7369
557 10331
558 12152
559 8792
560 6531
561 6164
562 6437
563 6366
564 6356
565 6329
566 6265
567 6183
568 6142
569 6327
570 6169
571 6311
572 6336
573 6343
574 6353
575 6262
576 6314
577 6224
578 6359
579 7514
580 9371
581 8859
582 7625
583 7020
584 6422
585 6081
586 6021
587 6232
588 6463
589 6482
590 6272
591 6222
592 6161
593 6188
594 6266
595 6357
596 6492
597 6813
598 9052
599 19275
600 37599
601 30588
602 12011
603 7200
604 8237
605 9612
606 7595
607 6364
608 6227
609 6209
610 5847
611 6050
612 6048
613 6072
614 6494
615 6712
616 6242
617 5956
618 5993
619 5816
620 6069
621 6010
622 5790
623 5949
624 5865
625 5788
626 5766
627 5883
628 5915
629 5819
630 5844
631 6035
632 5912
633 5903
634 5829
635 5863
636 5771
637 5900
638 6005
639 5864
640 5878
641 5921
642 5782
643 5707
644 5930
645 5669
646 5709
647 5856
648 5728
649 5826
650 5679
651 5872
652 5812
653 5772
654 5916
655 5751
656 5933
657 6225
658 6241
659 5996
660 5696
661 5629
662 5622
663 5665
664 5740
665 5545
666 5674
667 5495
668 5524
669 5461
670 5410
671 5460
672 5489
673 5317
674 5459
675 5459
676 5457
677 5491
678 5759
679 5488
680 5289
681 5019
682 4875
683 4868
684 4724
685 4677
686 4711
687 4646
688 4570
689 4463
690 4427
691 4645
692 5593
693 6618
694 5588
695 4454
696 4160
697 4021
698 4005
699 4040
700 4166
701 3856
702 4066
703 3907
704 3826
705 3930
706 3873
707 3855
708 3766
709 3690
710 3791
711 3737
712 3778
713 3847
714 3669
715 3625
716 3649
717 3565
718 3578
719 3626
720 3478
721 3520
722 3554
723 3577
724 3417
725 3546
726 3561
727 3740
728 3912
729 3904
730 3601
731 3343
732 3299
733 3490
734 3423
735 3301
736 3307
737 3253
738 3373
739 3327
740 3273
741 3426
742 3291
743 3221
744 3271
745 3361
746 3500
747 3609
748 3304
749 3255
750 3096
751 2987
752 3043
753 3120
754 3103
755 2982
756 3036
757 3176
758 3413
759 3991
760 4358
761 3618
762 2999
763 3010
764 2850
765 2862
766 2774
767 2841
768 2881
769 2804
770 2865
771 2799
772 2721
773 2804
774 3014
775 3020
776 3273
777 3041
778 2749
779 2805
780 2732
781 2679
782 2655
783 2651
784 2725
785 2678
786 2643
787 2593
788 2549
789 2530
790 2477
791 2552
792 2465
793 2538
794 2444
795 2782
796 3117
797 2904
798 2526
799 2506
800 2488
801 2554
802 2401
803 2306
804 2392
805 2258
806 2353
807 2330
808 2437
809 2818
810 2877
811 2556
812 2301
813 2277
814 2315
815 2263
816 2162
817 2163
818 2090
819 2125
820 2310
821 2360
822 2344
823 2205
824 2132
825 2141
826 2019
827 2172
828 2138
829 2075
830 2100
831 2131
832 2032
833 2090
834 2068
835 2027
836 2073
837 2068
838 2147
839 2164
840 2043
841 1976
842 1948
843 1969
844 1995
845 2170
846 2205
847 2090
848 1964
849 1926
850 1912
851 1922
852 1835
853 1837
854 1913
855 1838
856 1900
857 1919
858 1914
859 1883
860 1795
861 1791
862 1870
863 2008
864 2426
865 3137
866 2932
867 2191
868 1919
869 1809
870 1781
871 1734
872 1788
873 1816
874 1846
875 1822
876 1734
877 1748
878 1747
879 1639
880 1652
881 1719
882 1755
883 1650
884 1622
885 1742
886 1768
887 2018
888 2368
889 2339
890 2061
891 1777
892 1812
893 1934
894 2185
895 2145
896 1823
897 1652
898 1604
899 1564
900 1653
901 1552
902 1649
903 1737
904 1653
905 1716
906 1766
907 2000
908 1673
909 1644
910 1520
911 1554
912 1508
913 1574
914 1604
915 1509
916 1504
917 1672
918 1656
919 1692
920 1578
921 1576
922 1620
923 1573
924 1515
925 1682
926 1555
927 1869
928 2823
929 3952
930 3751
931 2301
932 1683
933 1552
934 1446
935 1490
936 1537
937 1490
938 1555
939 1534
940 1536
941 1449
942 1446
943 1577
944 1485
945 1509
946 1502
947 1671
948 1623
949 1846
950 2287
951 2879
952 3468
953 6608
954 12918
955 14040
956 7355
957 2696
958 1853
959 1902
960 2768
961 3657
962 3102
963 2093
964 1600
965 1760
966 2109
967 2801
968 2583
969 1866
970 1610
971 1567
972 1591
973 1883
974 2104
975 1963
976 1538
977 1392
978 1427
979 1371
980 1361
981 1432
982 1423
983 1420
984 1379
985 1415
986 1454
987 1440
988 1401
989 1508
990 1663
991 1835
992 2206
993 2251
994 1950
995 1601
996 1503
997 1574
998 1505
999 1469
1000 1563
1001 1539
1002 1540
1003 1571
1004 1578
1005 1603
1006 1600
1007 1637
1008 1697
1009 1888
1010 1927
1011 2109
1012 2384
1013 2744
1014 3466
1015 4915
1016 7541
1017 12771
1018 22800
1019 40367
1020 63216
1021 81022
1022 86694
1023 77822
1024 59025
1025 38470
1026 21416
1027 11593
1028 6356
1029 4066
1030 2686
1031 2162
1032 1938
1033 1937
1034 2850
1035 6332
1036 9640
1037 8121
1038 3594
1039 1448
1040 1065
1041 995
1042 930
1043 952
1044 922
1045 1085
1046 1255
1047 1706
1048 1768
1049 1322
1050 1009
1051 864
1052 870
1053 877
1054 935
1055 956
1056 950
1057 945
1058 875
1059 799
1060 834
1061 802
1062 759
1063 783
1064 781
1065 792
1066 805
1067 780
1068 798
1069 842
1070 851
1071 806
1072 813
1073 749
1074 727
1075 698
1076 745
1077 746
1078 813
1079 838
1080 964
1081 1258
1082 1612
1083 1642
1084 1130
1085 816
1086 756
1087 749
1088 719
1089 735
1090 775
1091 974
1092 1062
1093 1010
1094 842
1095 770
1096 723
1097 701
1098 696
1099 663
1100 698
1101 660
1102 698
1103 671
1104 701
1105 701
1106 704
1107 697
1108 669
1109 618
1110 744
1111 770
1112 799
1113 754
1114 746
1115 748
1116 662
1117 675
1118 719
1119 760
1120 818
1121 821
1122 705
1123 705
1124 721
1125 805
1126 887
1127 922
1128 842
1129 879
1130 1164
1131 1264
1132 1127
1133 1246
1134 1515
1135 1436
1136 1025
1137 753
1138 756
1139 734
1140 786
1141 895
1142 1347
1143 2940
1144 5538
1145 6068
1146 3635
1147 1433
1148 773
1149 720
1150 674
1151 814
1152 1107
1153 2187
1154 3240
1155 2926
1156 1590
1157 828
1158 620
1159 627
1160 577
1161 718
1162 757
1163 721
1164 681
1165 639
1166 629
1167 647
1168 671
1169 754
1170 740
1171 709
1172 619
1173 611
1174 645
1175 693
1176 682
1177 667
1178 588
1179 552
1180 603
1181 561
1182 635
1183 595
1184 617
1185 643
1186 591
1187 608
1188 619
1189 579
1190 667
1191 834
1192 952
1193 904
1194 744
1195 685
1196 588
1197 573
1198 550
1199 555
1200 610
1201 613
1202 596
1203 626
1204 637
1205 655
1206 772
1207 1123
1208 2218
1209 3691
1210 3853
1211 3192
1212 4706
1213 8666
1214 9930
1215 5729
1216 2010
1217 772
1218 585
1219 580
1220 567
1221 611
1222 753
1223 1005
1224 1146
1225 854
1226 594
1227 573
1228 549
1229 542
1230 597
1231 598
1232 536
1233 610
1234 869
1235 1270
1236 1767
1237 1519
1238 995
1239 603
1240 527
1241 603
1242 907
1243 1181
1244 1147
1245 846
1246 576
1247 496
1248 436
1249 502
1250 462
1251 525
1252 459
1253 418
1254 416
1255 449
1256 449
1257 430
1258 480
1259 469
1260 545
1261 571
1262 540
1263 622
1264 821
1265 1195
1266 1272
1267 903
1268 656
1269 468
1270 412
1271 445
1272 424
1273 421
1274 442
1275 431
1276 446
1277 435
1278 432
1279 447
1280 483
1281 424
1282 406
1283 433
1284 410
1285 462
1286 472
1287 489
1288 675
1289 829
1290 793
1291 586
1292 445
1293 415
1294 377
1295 374
1296 417
1297 381
1298 414
1299 430
1300 421
1301 394
1302 407
1303 422
1304 420
1305 423
1306 394
1307 471
1308 518
1309 458
1310 372
1311 389
1312 402
1313 416
1314 379
1315 403
1316 371
1317 360
1318 390
1319 378
1320 387
1321 367
1322 380
1323 427
1324 418
1325 514
1326 540
1327 590
1328 573
1329 661
1330 987
1331 1479
1332 1756
1333 1254
1334 762
1335 629
1336 652
1337 528
1338 438
1339 399
1340 382
1341 402
1342 378
1343 386
1344 374
1345 395
1346 392
1347 346
1348 334
1349 362
1350 354
1351 345
1352 357
1353 376
1354 466
1355 501
1356 466
1357 468
1358 416
1359 417
1360 372
1361 351
1362 369
1363 374
1364 354
1365 367
1366 387
1367 469
1368 557
1369 617
1370 489
1371 390
1372 315
1373 345
1374 352
1375 347
1376 394
1377 549
1378 923
1379 1114
1380 969
1381 547
1382 397
1383 349
1384 378
1385 335
1386 324
1387 297
1388 312
1389 312
1390 295
1391 313
1392 367
1393 344
1394 391
1395 370
1396 331
1397 352
1398 312
1399 357
1400 323
1401 331
1402 287
1403 312
1404 318
1405 294
1406 267
1407 272
1408 267
1409 274
1410 323
1411 294
1412 312
1413 354
1414 358
1415 325
1416 374
1417 321
1418 282
1419 267
1420 273
1421 305
1422 356
1423 402
1424 353
1425 315
1426 270
1427 276
1428 263
1429 273
1430 250
1431 283
1432 253
1433 293
1434 329
1435 307
1436 348
1437 419
1438 382
1439 367
1440 302
1441 300
1442 294
1443 280
1444 236
1445 264
1446 260
1447 259
1448 263
1449 255
1450 272
1451 281
1452 267
1453 247
1454 264
1455 289
1456 287
1457 295
1458 255
1459 256
1460 256
1461 296
1462 253
1463 283
1464 285
1465 272
1466 241
1467 253
1468 255
1469 261
1470 247
1471 239
1472 282
1473 259
1474 265
1475 273
1476 270
1477 267
1478 282
1479 250
1480 260
1481 285
1482 284
1483 276
1484 253
1485 272
1486 269
1487 264
1488 261
1489 252
1490 226
1491 222
1492 249
1493 255
1494 266
1495 258
1496 261
1497 231
1498 253
1499 235
1500 265
1501 259
1502 316
1503 287
1504 296
1505 258
1506 235
1507 275
1508 299
1509 295
1510 281
1511 266
1512 223
1513 233
1514 227
1515 243
1516 263
1517 239
1518 259
1519 238
1520 233
1521 251
1522 220
1523 218
1524 268
1525 235
1526 225
1527 242
1528 251
1529 243
1530 295
1531 248
1532 245
1533 224
1534 211
1535 206
1536 212
1537 192
1538 213
1539 245
1540 259
1541 244
1542 249
1543 218
1544 258
1545 259
1546 281
1547 356
1548 339
1549 331
1550 265
1551 241
1552 247
1553 230
1554 274
1555 323
1556 406
1557 324
1558 317
1559 287
1560 256
1561 270
1562 276
1563 347
1564 605
1565 1285
1566 2656
1567 4134
1568 4460
1569 3577
1570 2118
1571 1037
1572 409
1573 274
1574 224
1575 229
1576 210
1577 198
1578 200
1579 222
1580 208
1581 186
1582 208
1583 177
1584 208
1585 195
1586 210
1587 208
1588 190
1589 187
1590 214
1591 198
1592 175
1593 176
1594 194
1595 184
1596 174
1597 217
1598 181
1599 219
1600 177
1601 199
1602 195
1603 223
1604 230
1605 187
1606 204
1607 181
1608 187
1609 207
1610 208
1611 209
1612 219
1613 214
1614 193
1615 170
1616 173
1617 179
1618 209
1619 220
1620 265
1621 232
1622 255
1623 224
1624 238
1625 175
1626 196
1627 178
1628 198
1629 220
1630 289
1631 333
1632 370
1633 301
1634 240
1635 192
1636 175
1637 264
1638 275
1639 323
1640 314
1641 239
1642 201
1643 207
1644 176
1645 184
1646 179
1647 206
1648 208
1649 238
1650 246
1651 218
1652 271
1653 302
1654 457
1655 886
1656 1549
1657 1908
1658 1545
1659 874
1660 466
1661 254
1662 211
1663 186
1664 174
1665 204
1666 180
1667 189
1668 213
1669 263
1670 261
1671 252
1672 220
1673 186
1674 182
1675 175
1676 187
1677 196
1678 173
1679 192
1680 185
1681 175
1682 222
1683 253
1684 242
1685 222
1686 202
1687 216
1688 236
1689 265
1690 272
1691 363
1692 418
1693 417
1694 306
1695 215
1696 166
1697 182
1698 180
1699 189
1700 182
1701 163
1702 155
1703 173
1704 171
1705 155
1706 174
1707 172
1708 177
1709 175
1710 164
1711 177
1712 174
1713 179
1714 183
1715 251
1716 309
1717 395
1718 327
1719 219
1720 222
1721 206
1722 225
1723 219
1724 242
1725 242
1726 230
1727 193
1728 150
1729 173
1730 164
1731 140
1732 172
1733 243
1734 215
1735 241
1736 223
1737 197
1738 212
1739 228
1740 308
1741 592
1742 958
1743 1071
1744 841
1745 487
1746 256
1747 202
1748 252
1749 304
1750 273
1751 226
1752 197
1753 213
1754 165
1755 194
1756 194
1757 197
1758 186
1759 187
1760 173
1761 177
1762 187
1763 179
1764 185
1765 154
1766 123
1767 163
1768 146
1769 166
1770 148
1771 160
1772 139
1773 144
1774 153
1775 163
1776 181
1777 175
1778 143
1779 115
1780 121
1781 162
1782 141
1783 172
1784 162
1785 141
1786 140
1787 126
1788 135
1789 149
1790 148
1791 139
1792 139
1793 162
1794 140
1795 156
1796 145
1797 162
1798 186
1799 174
1800 191
1801 168
1802 159
1803 168
1804 142
1805 154
1806 140
1807 168
1808 169
1809 215
1810 355
1811 555
1812 628
1813 474
1814 306
1815 200
1816 160
1817 140
1818 135
1819 151
1820 135
1821 139
1822 150
1823 176
1824 180
1825 188
1826 163
1827 159
1828 123
1829 144
1830 146
1831 163
1832 141
1833 140
1834 124
1835 131
1836 136
1837 164
1838 162
1839 151
1840 151
1841 143
1842 154
1843 134
1844 164
1845 150
1846 152
1847 129
1848 147
1849 176
1850 162
1851 171
1852 160
1853 131
1854 124
1855 139
1856 144
1857 128
1858 149
1859 139
1860 144
1861 153
1862 143
1863 148
1864 141
1865 166
1866 158
1867 146
1868 147
1869 123
1870 147
1871 133
1872 153
1873 121
1874 141
1875 124
1876 133
1877 133
1878 136
1879 121
1880 134
1881 129
1882 122
1883 153
1884 161
1885 166
1886 169
1887 202
1888 192
1889 175
1890 118
1891 142
1892 131
1893 139
1894 154
1895 138
1896 146
1897 137
1898 139
1899 163
1900 201
1901 269
1902 282
1903 259
1904 177
1905 135
1906 124
1907 123
1908 123
1909 122
1910 136
1911 128
1912 128
1913 130
1914 128
1915 128
1916 137
1917 109
1918 114
1919 112
1920 127
1921 132
1922 157
1923 153
1924 152
1925 154
1926 133
1927 158
1928 181
1929 197
1930 201
1931 199
1932 164
1933 144
1934 156
1935 143
1936 137
1937 148
1938 138
1939 136
1940 146
1941 180
1942 160
1943 178
1944 237
1945 250
1946 194
1947 131
1948 160
1949 112
1950 139
1951 126
1952 117
1953 136
1954 141
1955 139
1956 128
1957 144
1958 127
1959 139
1960 119
1961 133
1962 136
1963 127
1964 138
1965 149
1966 170
1967 209
1968 251
1969 194
1970 188
1971 135
1972 117
1973 124
1974 157
1975 157
1976 145
1977 201
1978 294
1979 397
1980 436
1981 434
1982 280
1983 183
1984 134
1985 138
1986 132
1987 120
1988 114
1989 134
1990 112
1991 130
1992 116
1993 124
1994 126
1995 135
1996 111
1997 132
1998 124
1999 106
2000 119
2001 121
2002 113
2003 103
2004 113
2005 112
2006 111
2007 129
2008 139
2009 161
2010 155
2011 111
2012 105
2013 104
2014 114
2015 104
2016 104
2017 127
2018 123
2019 123
2020 152
2021 108
2022 116
2023 110
2024 115
2025 113
2026 131
2027 115
2028 105
2029 120
2030 126
2031 167
2032 165
2033 167
2034 144
2035 108
2036 106
2037 136
2038 122
2039 118
2040 119
2041 131
2042 129
2043 153
2044 162
2045 154
2046 127
2047 118
2048 112
2049 106
2050 93
2051 104
2052 104
2053 90
2054 81
2055 100
2056 99
2057 93
2058 102
2059 96
2060 118
2061 116
2062 147
2063 169
2064 206
2065 174
2066 121
2067 115
2068 103
2069 101
2070 84
2071 111
2072 95
2073 120
2074 97
2075 85
2076 103
2077 120
2078 102
2079 97
2080 91
2081 97
2082 111
2083 103
2084 93
2085 103
2086 118
2087 110
2088 140
2089 168
2090 138
2091 140
2092 130
2093 165
2094 161
2095 127
2096 111
2097 114
2098 93
2099 90
2100 91
2101 110
2102 105
2103 104
2104 115
2105 113
2106 100
2107 87
2108 90
2109 94
2110 109
2111 100
2112 89
2113 91
2114 83
2115 80
2116 98
2117 88
2118 111
2119 99
2120 104
2121 132
2122 122
2123 157
2124 131
2125 109
2126 95
2127 115
2128 100
2129 109
2130 103
2131 99
2132 88
2133 111
2134 106
2135 101
2136 104
2137 97
2138 104
2139 86
2140 91
2141 94
2142 92
2143 93
2144 108
2145 121
2146 111
2147 96
2148 108
2149 102
2150 122
2151 111
2152 112
2153 117
2154 107
2155 106
2156 100
2157 92
2158 78
2159 109
2160 121
2161 110
2162 116
2163 117
2164 111
2165 91
2166 112
2167 89
2168 110
2169 97
2170 133
2171 132
2172 125
2173 122
2174 97
2175 97
2176 109
2177 92
2178 115
2179 99
2180 118
2181 141
2182 156
2183 185
2184 182
2185 143
2186 134
2187 115
2188 109
2189 84
2190 87
2191 96
2192 87
2193 95
2194 82
2195 112
2196 91
2197 101
2198 127
2199 141
2200 145
2201 146
2202 133
2203 112
2204 95
2205 84
2206 102
2207 78
2208 84
2209 76
2210 81
2211 84
2212 91
2213 102
2214 100
2215 95
2216 83
2217 113
2218 108
2219 103
2220 108
2221 110
2222 98
2223 80
2224 88
2225 84
2226 81
2227 106
2228 61
2229 86
2230 83
2231 93
2232 91
2233 68
2234 89
2235 80
2236 72
2237 84
2238 75
2239 91
2240 86
2241 82
2242 108
2243 76
2244 92
2245 83
2246 81
2247 84
2248 75
2249 61
2250 76
2251 90
2252 76
2253 87
2254 107
2255 111
2256 126
2257 140
2258 146
2259 135
2260 140
2261 117
2262 100
2263 91
2264 80
2265 74
2266 95
2267 94
2268 95
2269 80
2270 93
2271 98
2272 89
2273 82
2274 99
2275 66
2276 92
2277 86
2278 98
2279 108
2280 105
2281 80
2282 82
2283 68
2284 83
2285 81
2286 84
2287 103
2288 89
2289 80
2290 76
2291 88
2292 70
2293 85
2294 74
2295 91
2296 115
2297 110
2298 185
2299 199
2300 190
2301 163
2302 138
2303 117
2304 125
2305 103
2306 131
2307 113
2308 125
2309 118
2310 136
2311 110
2312 82
2313 91
2314 84
2315 86
2316 83
2317 66
2318 89
2319 66
2320 66
2321 85
2322 82
2323 93
2324 70
2325 78
2326 73
2327 78
2328 94
2329 75
2330 86
2331 84
2332 63
2333 85
2334 102
2335 91
2336 102
2337 101
2338 100
2339 118
2340 106
2341 155
2342 130
2343 151
2344 151
2345 148
2346 149
2347 114
2348 126
2349 134
2350 100
2351 100
2352 88
2353 87
2354 68
2355 64
2356 72
2357 89
2358 93
2359 109
2360 100
2361 100
2362 105
2363 118
2364 120
2365 180
2366 242
2367 337
2368 363
2369 289
2370 246
2371 131
2372 117
2373 83
2374 87
2375 86
2376 78
2377 78
2378 102
2379 96
2380 108
2381 102
2382 95
2383 91
2384 97
2385 77
2386 90
2387 73
2388 88
2389 105
2390 88
2391 94
2392 117
2393 114
2394 122
2395 111
2396 122
2397 118
2398 168
2399 208
2400 209
2401 208
2402 156
2403 80
2404 78
2405 82
2406 69
2407 82
2408 66
2409 64
2410 84
2411 79
2412 99
2413 115
2414 129
2415 134
2416 100
2417 94
2418 104
2419 86
2420 112
2421 96
2422 107
2423 104
2424 154
2425 173
2426 170
2427 166
2428 144
2429 118
2430 89
2431 77
2432 92
2433 92
2434 97
2435 94
2436 78
2437 79
2438 69
2439 84
2440 109
2441 96
2442 95
2443 108
2444 90
2445 99
2446 83
2447 85
2448 86
2449 82
2450 81
2451 73
2452 73
2453 77
2454 81
2455 71
2456 78
2457 87
2458 81
2459 82
2460 92
2461 73
2462 77
2463 87
2464 77
2465 116
2466 117
2467 144
2468 143
2469 113
2470 81
2471 71
2472 72
2473 81
2474 73
2475 88
2476 109
2477 111
2478 88
2479 89
2480 85
2481 86
2482 92
2483 77
2484 80
2485 63
2486 93
2487 87
2488 90
2489 78
2490 99
2491 97
2492 86
2493 81
2494 81
2495 80
2496 81
2497 82
2498 95
2499 122
2500 98
2501 90
2502 95
2503 113
2504 127
2505 71
2506 71
2507 74
2508 85
2509 74
2510 72
2511 74
2512 89
2513 74
2514 111
2515 110
2516 128
2517 152
2518 120
2519 88
2520 82
2521 88
2522 89
2523 102
2524 95
2525 89
2526 79
2527 92
2528 76
2529 88
2530 92
2531 99
2532 107
2533 98
2534 79
2535 85
2536 72
2537 77
2538 73
2539 86
2540 74
2541 107
2542 102
2543 91
2544 94
2545 71
2546 85
2547 69
2548 93
2549 80
2550 90
2551 82
2552 78
2553 100
2554 127
2555 113
2556 89
2557 87
2558 90
2559 71
2560 82
2561 68
2562 72
2563 75
2564 76
2565 77
2566 88
2567 90
2568 108
2569 79
2570 75
2571 78
2572 84
2573 111
2574 107
2575 148
2576 128
2577 114
2578 77
2579 68
2580 51
2581 65
2582 69
2583 69
2584 75
2585 81
2586 66
2587 75
2588 85
2589 96
2590 78
2591 81
2592 66
2593 67
2594 72
2595 75
2596 79
2597 78
2598 70
2599 74
2600 94
2601 60
2602 82
2603 67
2604 73
2605 67
2606 64
2607 59
2608 86
2609 72
2610 98
2611 64
2612 73
2613 64
2614 60
2615 77
2616 69
2617 67
2618 52
2619 88
2620 80
2621 78
2622 67
2623 66
2624 74
2625 68
2626 74
2627 77
2628 85
2629 83
2630 84
2631 78
2632 84
2633 77
2634 75
2635 64
2636 71
2637 56
2638 80
2639 69
2640 71
2641 63
2642 92
2643 73
2644 65
2645 56
2646 60
2647 61
2648 58
2649 55
2650 63
2651 57
2652 52
2653 63
2654 50
2655 65
2656 70
2657 54
2658 61
2659 57
2660 62
2661 63
2662 57
2663 75
2664 74
2665 81
2666 64
2667 71
2668 66
2669 65
2670 63
2671 71
2672 61
2673 57
2674 61
2675 48
2676 46
2677 67
2678 74
2679 62
2680 51
2681 46
2682 52
2683 74
2684 59
2685 52
2686 71
2687 63
2688 80
2689 75
2690 61
2691 76
2692 49
2693 70
2694 77
2695 72
2696 82
2697 83
2698 82
2699 69
2700 60
2701 52
2702 51
2703 56
2704 74
2705 75
2706 73
2707 55
2708 50
2709 48
2710 57
2711 56
2712 53
2713 51
2714 56
2715 50
2716 71
2717 57
2718 62
2719 62
2720 54
2721 59
2722 79
2723 82
2724 86
2725 105
2726 96
2727 92
2728 70
2729 49
2730 72
2731 71
2732 59
2733 50
2734 57
2735 50
2736 60
2737 62
2738 60
2739 60
2740 58
2741 44
2742 56
2743 45
2744 45
2745 54
2746 49
2747 53
2748 61
2749 57
2750 61
2751 71
2752 123
2753 135
2754 208
2755 160
2756 134
2757 113
2758 63
2759 51
2760 65
2761 60
2762 55
2763 45
2764 46
2765 47
2766 48
2767 60
2768 43
2769 48
2770 37
2771 49
2772 40
2773 49
2774 43
2775 52
2776 44
2777 42
2778 44
2779 41
2780 34
2781 44
2782 46
2783 47
2784 55
2785 52
2786 39
2787 48
2788 48
2789 41
2790 49
2791 68
2792 58
2793 49
2794 59
2795 52
2796 56
2797 49
2798 60
2799 47
2800 50
2801 55
2802 50
2803 60
2804 52
2805 53
2806 51
2807 60
2808 65
2809 50
2810 52
2811 52
2812 49
2813 53
2814 50
2815 54
2816 43
2817 54
2818 40
2819 47
2820 52
2821 48
2822 43
2823 39
2824 52
2825 33
2826 39
2827 44
2828 48
2829 36
2830 45
2831 46
2832 38
2833 41
2834 48
2835 40
2836 51
2837 50
2838 42
2839 55
2840 46
2841 45
2842 50
2843 48
2844 45
2845 68
2846 62
2847 52
2848 56
2849 76
2850 63
2851 52
2852 44
2853 44
2854 52
2855 62
2856 48
2857 35
2858 41
2859 38
2860 48
2861 61
2862 71
2863 94
2864 122
2865 139
2866 121
2867 84
2868 58
2869 52
2870 47
2871 49
2872 38
2873 46
2874 47
2875 42
2876 44
2877 32
2878 55
2879 47
2880 49
2881 50
2882 45
2883 37
2884 39
2885 32
2886 36
2887 39
2888 32
2889 35
2890 44
2891 35
2892 29
2893 44
2894 38
2895 47
2896 34
2897 45
2898 35
2899 42
2900 38
2901 42
2902 38
2903 36
2904 32
2905 47
2906 39
2907 42
2908 47
2909 46
2910 45
2911 37
2912 48
2913 46
2914 37
2915 32
2916 43
2917 30
2918 35
2919 28
2920 38
2921 41
2922 42
2923 34
2924 37
2925 38
2926 43
2927 55
2928 62
2929 67
2930 106
2931 92
2932 89
2933 72
2934 87
2935 56
2936 48
2937 45
2938 44
2939 46
2940 36
2941 52
2942 35
2943 58
2944 56
2945 57
2946 40
2947 55
2948 46
2949 41
2950 40
2951 31
2952 36
2953 48
2954 28
2955 48
2956 41
2957 35
2958 34
2959 41
2960 40
2961 35
2962 48
2963 40
2964 34
2965 54
2966 52
2967 48
2968 56
2969 34
2970 51
2971 39
2972 44
2973 34
2974 37
2975 34
2976 37
2977 45
2978 34
2979 35
2980 28
2981 44
2982 46
2983 50
2984 42
2985 64
2986 90
2987 126
2988 156
2989 222
2990 252
2991 197
2992 143
2993 86
2994 53
2995 52
2996 80
2997 122
2998 177
2999 237
3000 311
3001 363
3002 303
3003 228
3004 134
3005 79
3006 51
3007 32
3008 39
3009 36
3010 42
3011 34
3012 37
3013 49
3014 44
3015 37
3016 31
3017 34
3018 27
3019 29
3020 30
3021 32
3022 41
3023 41
3024 25
3025 32
3026 36
3027 22
3028 25
3029 35
3030 35
3031 23
3032 36
3033 31
3034 36
3035 36
3036 34
3037 52
3038 44
3039 38
3040 62
3041 62
3042 80
3043 50
3044 52
3045 45
3046 47
3047 39
3048 45
3049 56
3050 80
3051 116
3052 147
3053 206
3054 178
3055 138
3056 72
3057 54
3058 53
3059 40
3060 26
3061 29
3062 35
3063 29
3064 32
3065 41
3066 39
3067 51
3068 38
3069 40
3070 42
3071 31
3072 25
3073 26
3074 28
3075 29
3076 29
3077 22
3078 29
3079 30
3080 25
3081 32
3082 29
3083 34
3084 34
3085 33
3086 40
3087 38
3088 32
3089 37
3090 41
3091 30
3092 27
3093 25
3094 34
3095 25
3096 26
3097 28
3098 37
3099 24
3100 33
3101 42
3102 25
3103 43
3104 27
3105 33
3106 33
3107 35
3108 50
3109 64
3110 59
3111 60
3112 62
3113 41
3114 36
3115 54
3116 51
3117 46
3118 42
3119 34
3120 28
3121 42
3122 43
3123 38
3124 29
3125 30
3126 43
3127 37
3128 32
3129 30
3130 28
3131 28
3132 30
3133 21
3134 26
3135 18
3136 32
3137 28
3138 28
3139 26
3140 30
3141 25
3142 32
3143 31
3144 38
3145 37
3146 40
3147 49
3148 45
3149 33
3150 28
3151 25
3152 19
3153 24
3154 24
3155 17
3156 31
3157 28
3158 30
3159 30
3160 26
3161 40
3162 30
3163 38
3164 43
3165 47
3166 65
3167 82
3168 127
3169 164
3170 155
3171 109
3172 102
3173 55
3174 37
3175 36
3176 37
3177 20
3178 29
3179 29
3180 33
3181 37
3182 42
3183 39
3184 56
3185 53
3186 38
3187 64
3188 85
3189 105
3190 158
3191 228
3192 300
3193 277
3194 244
3195 140
3196 89
3197 46
3198 26
3199 27
3200 27
3201 28
3202 30
3203 27
3204 34
3205 37
3206 30
3207 37
3208 40
3209 44
3210 31
3211 32
3212 26
3213 26
3214 29
3215 23
3216 35
3217 46
3218 38
3219 32
3220 30
3221 34
3222 37
3223 28
3224 21
3225 32
3226 24
3227 27
3228 24
3229 24
3230 23
3231 25
3232 21
3233 22
3234 29
3235 37
3236 22
3237 27
3238 25
3239 40
3240 45
3241 34
3242 35
3243 38
3244 26
3245 26
3246 27
3247 28
3248 21
3249 31
3250 31
3251 22
3252 18
3253 24
3254 22
3255 21
3256 16
3257 21
3258 13
3259 21
3260 24
3261 21
3262 15
3263 17
3264 26
3265 14
3266 27
3267 20
3268 16
3269 22
3270 37
3271 39
3272 36
3273 48
3274 45
3275 29
3276 26
3277 38
3278 26
3279 35
3280 18
3281 37
3282 32
3283 32
3284 17
3285 25
3286 25
3287 29
3288 17
3289 26
3290 21
3291 30
3292 31
3293 34
3294 35
3295 33
3296 24
3297 25
3298 26
3299 28
3300 28
3301 22
3302 31
3303 28
3304 37
3305 36
3306 44
3307 46
3308 37
3309 50
3310 27
3311 28
3312 19
3313 8
3314 19
3315 32
3316 38
3317 34
3318 34
3319 29
3320 24
3321 22
3322 25
3323 25
3324 27
3325 42
3326 31
3327 43
3328 62
3329 55
3330 56
3331 42
3332 32
3333 23
3334 14
3335 22
3336 21
3337 24
3338 21
3339 20
3340 17
3341 22
3342 10
3343 17
3344 16
3345 25
3346 15
3347 20
3348 23
3349 16
3350 20
3351 20
3352 16
3353 20
3354 31
3355 22
3356 40
3357 34
3358 32
3359 27
3360 22
3361 21
3362 22
3363 28
3364 21
3365 18
3366 23
3367 18
3368 35
3369 24
3370 34
3371 18
3372 28
3373 24
3374 21
3375 20
3376 22
3377 21
3378 16
3379 17
3380 13
3381 19
3382 19
3383 24
3384 19
3385 26
3386 32
3387 23
3388 25
3389 25
3390 21
3391 16
3392 18
3393 23
3394 28
3395 33
3396 29
3397 40
3398 30
3399 23
3400 13
3401 15
3402 21
3403 16
3404 15
3405 18
3406 15
3407 14
3408 21
3409 20
3410 22
3411 22
3412 24
3413 25
3414 27
3415 19
3416 13
3417 26
3418 19
3419 30
3420 20
3421 20
3422 15
3423 19
3424 18
3425 26
3426 21
3427 22
3428 23
3429 11
3430 10
3431 14
3432 20
3433 10
3434 24
3435 33
3436 31
3437 52
3438 51
3439 76
3440 78
3441 83
3442 67
3443 47
3444 39
3445 28
3446 39
3447 27
3448 15
3449 15
3450 22
3451 16
3452 16
3453 25
3454 23
3455 31
3456 19
3457 21
3458 13
3459 14
3460 23
3461 37
3462 29
3463 33
3464 34
3465 40
3466 28
3467 28
3468 21
3469 16
3470 14
3471 19
3472 20
3473 14
3474 12
3475 14
3476 15
3477 17
3478 16
3479 17
3480 18
3481 22
3482 20
3483 12
3484 18
3485 14
3486 10
3487 14
3488 16
3489 11
3490 11
3491 14
3492 16
3493 17
3494 13
3495 18
3496 10
3497 13
3498 20
3499 13
3500 18
3501 21
3502 15
3503 17
3504 16
3505 18
3506 21
3507 13
3508 15
3509 20
3510 21
3511 21
3512 17
3513 22
3514 15
3515 9
3516 10
3517 13
3518 11
3519 12
3520 15
3521 19
3522 13
3523 14
3524 15
3525 12
3526 9
3527 15
3528 17
3529 14
3530 21
3531 19
3532 25
3533 25
3534 26
3535 48
3536 36
3537 57
3538 72
3539 70
3540 68
3541 66
3542 42
3543 22
3544 20
3545 28
3546 16
3547 20
3548 13
3549 25
3550 17
3551 24
3552 11
3553 18
3554 15
3555 12
3556 26
3557 19
3558 12
3559 31
3560 18
3561 26
3562 30
3563 36
3564 48
3565 55
3566 33
3567 28
3568 27
3569 20
3570 16
3571 12
3572 17
3573 15
3574 19
3575 15
3576 14
3577 13
3578 14
3579 12
3580 15
3581 9
3582 12
3583 15
3584 16
3585 22
3586 14
3587 13
3588 14
3589 9
3590 13
3591 10
3592 14
3593 7
3594 18
3595 14
3596 17
3597 11
3598 15
3599 21
3600 16
3601 9
3602 12
3603 11
3604 14
3605 16
3606 19
3607 15
3608 14
3609 15
3610 9
3611 17
3612 10
3613 19
3614 19
3615 9
3616 14
3617 9
3618 14
3619 18
3620 13
3621 10
3622 10
3623 15
3624 12
3625 14
3626 14
3627 13
3628 5
3629 11
3630 11
3631 13
3632 15
3633 11
3634 10
3635 10
3636 11
3637 13
3638 13
3639 15
3640 20
3641 15
3642 11
3643 17
3644 12
3645 18
3646 14
3647 13
3648 13
3649 18
3650 17
3651 15
3652 13
3653 15
3654 19
3655 10
3656 11
3657 12
3658 13
3659 16
3660 10
3661 8
3662 8
3663 11
3664 7
3665 10
3666 10
3667 10
3668 12
3669 20
3670 27
3671 19
3672 18
3673 11
3674 22
3675 13
3676 18
3677 20
3678 7
3679 18
3680 4
3681 13
3682 13
3683 27
3684 11
3685 16
3686 18
3687 11
3688 9
3689 10
3690 14
3691 11
3692 18
3693 15
3694 22
3695 14
3696 16
3697 14
3698 15
3699 10
3700 12
3701 21
3702 25
3703 34
3704 29
3705 43
3706 32
3707 26
3708 16
3709 9
3710 14
3711 15
3712 14
3713 14
3714 12
3715 13
3716 12
3717 14
3718 18
3719 9
3720 10
3721 11
3722 10
3723 10
3724 13
3725 11
3726 10
3727 11
3728 17
3729 10
3730 13
3731 7
3732 16
3733 13
3734 5
3735 11
3736 10
3737 14
3738 12
3739 13
3740 13
3741 12
3742 16
3743 9
3744 10
3745 14
3746 6
3747 15
3748 11
3749 9
3750 13
3751 12
3752 12
3753 18
3754 19
3755 13
3756 16
3757 13
3758 8
3759 8
3760 5
3761 7
3762 11
3763 5
3764 6
3765 12
3766 17
3767 11
3768 7
3769 14
3770 15
3771 23
3772 36
3773 35
3774 41
3775 54
3776 50
3777 45
3778 24
3779 25
3780 11
3781 12
3782 6
3783 9
3784 8
3785 7
3786 17
3787 7
3788 10
3789 7
3790 13
3791 7
3792 10
3793 9
3794 9
3795 9
3796 13
3797 13
3798 13
3799 13
3800 6
3801 10
3802 9
3803 13
3804 8
3805 3
3806 4
3807 11
3808 11
3809 12
3810 12
3811 14
3812 15
3813 17
3814 17
3815 20
3816 30
3817 23
3818 36
3819 51
3820 48
3821 40
3822 39
3823 23
3824 20
3825 8
3826 7
3827 7
3828 7
3829 9
3830 5
3831 5
3832 12
3833 7
3834 4
3835 1
3836 8
3837 6
3838 11
3839 5
3840 11
3841 10
3842 4
3843 13
3844 5
3845 9
3846 14
3847 10
3848 12
3849 7
3850 9
3851 7
3852 12
3853 11
3854 13
3855 6
3856 3
3857 9
3858 11
3859 10
3860 11
3861 15
3862 22
3863 19
3864 16
3865 10
3866 17
3867 11
3868 6
3869 6
3870 11
3871 6
3872 10
3873 7
3874 7
3875 6
3876 9
3877 4
3878 9
3879 7
3880 5
3881 19
3882 13
3883 25
3884 13
3885 12
3886 7
3887 12
3888 9
3889 8
3890 3
3891 7
3892 5
3893 8
3894 6
3895 3
3896 10
3897 9
3898 7
3899 3
3900 5
3901 11
3902 5
3903 8
3904 8
3905 3
3906 7
3907 5
3908 9
3909 8
3910 8
3911 8
3912 10
3913 9
3914 4
3915 5
3916 0
3917 11
3918 11
3919 16
3920 10
3921 17
3922 16
3923 11
3924 15
3925 11
3926 11
3927 14
3928 9
3929 12
3930 8
3931 6
3932 9
3933 2
3934 7
3935 12
3936 5
3937 4
3938 5
3939 9
3940 7
3941 8
3942 12
3943 8
3944 8
3945 7
3946 6
3947 6
3948 9
3949 6
3950 4
3951 2
3952 9
3953 4
3954 6
3955 2
3956 2
3957 3
3958 7
3959 4
3960 2
3961 6
3962 4
3963 6
3964 5
3965 4
3966 8
3967 9
3968 4
3969 6
3970 6
3971 5
3972 3
3973 5
3974 7
3975 4
3976 6
3977 5
3978 7
3979 5
3980 4
3981 5
3982 5
3983 2
3984 9
3985 2
3986 9
3987 7
3988 9
3989 11
3990 8
3991 12
3992 4
3993 15
3994 3
3995 3
3996 9
3997 6
3998 11
3999 4
4000 8
4001 4
4002 5
4003 4
4004 10
4005 7
4006 4
4007 4
4008 4
4009 2
4010 4
4011 4
4012 2
4013 5
4014 2
4015 5
4016 2
4017 5
4018 3
4019 5
4020 12
4021 2
4022 6
4023 5
4024 6
4025 5
4026 6
4027 4
4028 9
4029 8
4030 6
4031 6
4032 22
4033 25
4034 29
4035 45
4036 56
4037 56
4038 45
4039 23
4040 22
4041 15
4042 5
4043 6
4044 2
4045 5
4046 5
4047 10
4048 3
4049 7
4050 11
4051 5
4052 4
4053 6
4054 6
4055 3
4056 6
4057 6
4058 10
4059 10
4060 9
4061 6
4062 6
4063 5
4064 6
4065 6
4066 5
4067 5
4068 0
4069 4
4070 3
4071 4
4072 5
4073 8
4074 10
4075 1
4076 7
4077 4
4078 7
4079 13
4080 7
4081 6
4082 9
4083 10
4084 14
4085 14
4086 25
4087 29
4088 36
4089 32
4090 19
4091 19
4092 23
4093 8
4094 6
4095 6
End
