ASCII channel-by-channel listing for 290_027.18
1139 - 57 - 371 started 2018-10-17 10:28:50.0 on counter 76
Generated Oct 17 2018 17.02.11, CRNG database/web system
Channel Data
0 300
1 335
2 0
3 0
4 0
5 0
6 0
7 0
8 0
9 0
10 0
11 0
12 0
13 0
14 0
15 0
16 0
17 0
18 0
19 0
20 0
21 0
22 0
23 0
24 0
25 0
26 0
27 0
28 0
29 0
30 0
31 0
32 0
33 0
34 0
35 0
36 0
37 0
38 0
39 0
40 0
41 0
42 0
43 0
44 0
45 0
46 0
47 0
48 0
49 0
50 0
51 0
52 0
53 0
54 0
55 0
56 0
57 0
58 0
59 0
60 0
61 0
62 0
63 0
64 0
65 0
66 0
67 0
68 0
69 0
70 0
71 0
72 0
73 0
74 0
75 0
76 0
77 0
78 0
79 0
80 25
81 189
82 662
83 2139
84 12227
85 19681
86 19866
87 19815
88 19858
89 19636
90 19362
91 19436
92 19246
93 19136
94 19371
95 18977
96 18950
97 18920
98 18924
99 18903
100 18782
101 18593
102 18717
103 18655
104 18400
105 18756
106 18529
107 18660
108 18111
109 18122
110 18373
111 17935
112 18105
113 18223
114 18304
115 18342
116 19560
117 21465
118 19037
119 18073
120 17607
121 17896
122 17682
123 17942
124 17864
125 17899
126 18108
127 17998
128 17976
129 17856
130 17909
131 17898
132 17848
133 18111
134 17751
135 17619
136 17930
137 17921
138 17823
139 17858
140 17859
141 17805
142 17898
143 17804
144 18286
145 18760
146 19111
147 18033
148 17879
149 18741
150 20140
151 18935
152 17725
153 17776
154 17795
155 17791
156 17817
157 17940
158 17668
159 18281
160 18241
161 18295
162 18115
163 18005
164 18236
165 18453
166 18304
167 18268
168 19296
169 19673
170 19851
171 19296
172 19286
173 20102
174 21746
175 21945
176 22916
177 22788
178 22165
179 19908
180 19722
181 19656
182 19539
183 19514
184 19789
185 19791
186 19899
187 19912
188 20241
189 19890
190 20238
191 20698
192 20669
193 20881
194 21707
195 21727
196 20786
197 21073
198 21267
199 21228
200 21397
201 21383
202 21645
203 21802
204 21976
205 22109
206 22410
207 22484
208 22202
209 22721
210 22793
211 22736
212 22836
213 22948
214 23156
215 23109
216 23458
217 23636
218 23760
219 23785
220 23874
221 24031
222 24126
223 23972
224 24423
225 24684
226 24614
227 24436
228 24863
229 24893
230 25192
231 25340
232 25279
233 25443
234 25672
235 26364
236 28557
237 27738
238 29247
239 35673
240 31511
241 26642
242 26248
243 26042
244 26100
245 26257
246 26532
247 28262
248 29627
249 27219
250 26164
251 26321
252 26280
253 26379
254 26669
255 26434
256 26630
257 26885
258 26958
259 27571
260 29221
261 37271
262 39857
263 31015
264 28536
265 28178
266 29101
267 28421
268 28118
269 27730
270 27827
271 27601
272 27643
273 27461
274 27576
275 27455
276 27475
277 27457
278 27573
279 27937
280 27484
281 27206
282 27534
283 27187
284 27503
285 27175
286 27277
287 26954
288 26923
289 26847
290 26507
291 26809
292 26599
293 26673
294 26490
295 26324
296 26652
297 26558
298 26388
299 26131
300 26088
301 25892
302 26034
303 25967
304 25977
305 25438
306 25657
307 25552
308 25312
309 25238
310 25492
311 25183
312 25333
313 25399
314 25240
315 24927
316 24761
317 24989
318 24754
319 24760
320 24357
321 24464
322 24461
323 24493
324 25162
325 25340
326 24625
327 23704
328 24219
329 24047
330 24014
331 24190
332 24690
333 23879
334 24315
335 24024
336 24035
337 24490
338 25026
339 25441
340 24796
341 25080
342 25447
343 25341
344 25607
345 25784
346 25921
347 25934
348 25992
349 25882
350 26044
351 26100
352 25907
353 25893
354 26029
355 26278
356 26648
357 26836
358 26535
359 26413
360 25375
361 25420
362 25690
363 25586
364 25592
365 25365
366 25174
367 24999
368 25010
369 25138
370 24748
371 24910
372 24876
373 24778
374 24780
375 24299
376 24029
377 24253
378 23840
379 23646
380 23520
381 23328
382 23451
383 22979
384 23409
385 23165
386 22869
387 22888
388 22740
389 22751
390 22387
391 22256
392 22041
393 21980
394 21819
395 21810
396 21656
397 21601
398 21487
399 21136
400 21218
401 21199
402 21300
403 20890
404 20669
405 20467
406 20091
407 20229
408 20062
409 20316
410 20558
411 22893
412 39593
413 65712
414 47359
415 23756
416 19611
417 19378
418 19228
419 18923
420 18700
421 18808
422 18714
423 18336
424 18184
425 18102
426 17936
427 17930
428 17934
429 17790
430 17556
431 18285
432 19096
433 18569
434 17657
435 17431
436 16979
437 17036
438 16948
439 16905
440 16847
441 17105
442 17153
443 16984
444 16602
445 16451
446 16431
447 16235
448 16189
449 16243
450 16355
451 16071
452 15805
453 16055
454 15838
455 15851
456 15742
457 15844
458 15501
459 15538
460 15582
461 15356
462 15498
463 15388
464 15336
465 15327
466 15300
467 15121
468 15258
469 15296
470 15199
471 15086
472 14999
473 15222
474 15038
475 14592
476 14791
477 14888
478 14898
479 14959
480 14772
481 14594
482 14476
483 14784
484 14474
485 14743
486 14445
487 14394
488 14625
489 14373
490 14560
491 14297
492 14365
493 14340
494 14473
495 14253
496 14217
497 14410
498 15018
499 14713
500 14451
501 14035
502 14030
503 14112
504 14292
505 14161
506 14265
507 16113
508 22595
509 25299
510 18186
511 14372
512 14159
513 14043
514 13867
515 13957
516 13740
517 13920
518 13890
519 13650
520 13660
521 14002
522 14344
523 14598
524 14376
525 14093
526 14325
527 14772
528 16762
529 27703
530 88526
531 190149
532 143755
533 42356
534 17830
535 17557
536 18897
537 16790
538 14619
539 13868
540 13418
541 13530
542 13154
543 12969
544 13079
545 13204
546 13015
547 12916
548 12880
549 13079
550 12876
551 13900
552 14412
553 13825
554 13116
555 12795
556 13372
557 15006
558 16151
559 14033
560 12683
561 12520
562 12509
563 12370
564 12620
565 12386
566 12379
567 12292
568 12396
569 12400
570 12403
571 12362
572 12402
573 12294
574 12475
575 12319
576 12316
577 12194
578 12505
579 13059
580 13917
581 13581
582 13105
583 12663
584 12190
585 11992
586 12332
587 12290
588 12315
589 12374
590 12301
591 12122
592 12195
593 12145
594 12201
595 12285
596 12821
597 14098
598 20677
599 50910
600 98177
601 76569
602 27944
603 14540
604 14044
605 14312
606 12932
607 12287
608 12079
609 12044
610 12140
611 11612
612 11624
613 11822
614 11794
615 11923
616 11660
617 11624
618 11721
619 11478
620 11540
621 11383
622 11497
623 11549
624 11385
625 11257
626 11328
627 11200
628 11369
629 11346
630 11182
631 11488
632 11379
633 11194
634 11265
635 11059
636 11244
637 11399
638 11343
639 11165
640 11126
641 11485
642 11115
643 11237
644 10991
645 11234
646 11011
647 11141
648 10866
649 11268
650 11341
651 11167
652 11199
653 10971
654 11092
655 11215
656 11505
657 12009
658 11918
659 11508
660 10871
661 10951
662 10825
663 10851
664 10859
665 10739
666 10887
667 10853
668 10841
669 10690
670 10516
671 10734
672 10483
673 10532
674 10332
675 10346
676 10168
677 10176
678 10088
679 9960
680 9763
681 9494
682 9127
683 9175
684 8901
685 8742
686 8986
687 8639
688 8314
689 8228
690 8316
691 8150
692 8769
693 9155
694 8477
695 8028
696 7836
697 7659
698 7610
699 7415
700 7500
701 7447
702 7392
703 7420
704 7172
705 7263
706 7241
707 7072
708 6990
709 6854
710 6976
711 6745
712 6852
713 6860
714 6706
715 6898
716 6707
717 6590
718 6473
719 6592
720 6657
721 6526
722 6366
723 6450
724 6449
725 6396
726 6326
727 6248
728 6685
729 6517
730 6398
731 6250
732 6265
733 6227
734 6233
735 6243
736 6148
737 5957
738 6117
739 6096
740 6044
741 6040
742 5994
743 5933
744 5985
745 6056
746 6281
747 6345
748 6092
749 5928
750 5831
751 5716
752 5704
753 5693
754 5780
755 5711
756 5680
757 5707
758 6526
759 8497
760 9460
761 7373
762 5743
763 5563
764 5482
765 5286
766 5619
767 5387
768 5325
769 5272
770 5346
771 5325
772 5204
773 5217
774 5441
775 6284
776 6475
777 5806
778 5219
779 5198
780 5136
781 5000
782 5023
783 4894
784 4934
785 4885
786 4834
787 4904
788 4744
789 4774
790 4878
791 4791
792 4705
793 4601
794 4970
795 5232
796 5903
797 5473
798 4945
799 4870
800 5135
801 4943
802 4458
803 4393
804 4402
805 4393
806 4396
807 4313
808 4382
809 4638
810 4600
811 4368
812 4145
813 4163
814 4250
815 4200
816 4168
817 4054
818 4089
819 4067
820 4110
821 4276
822 4042
823 4073
824 4104
825 4052
826 4038
827 3969
828 4000
829 3851
830 3879
831 3984
832 3946
833 3772
834 3942
835 3790
836 3740
837 3873
838 3843
839 3913
840 3795
841 3687
842 3749
843 3799
844 3699
845 3832
846 3765
847 3690
848 3717
849 3718
850 3642
851 3626
852 3617
853 3601
854 3562
855 3664
856 3554
857 3468
858 3475
859 3488
860 3447
861 3450
862 3483
863 3466
864 3839
865 4260
866 4115
867 3658
868 3439
869 3354
870 3209
871 3394
872 3387
873 3572
874 3481
875 3345
876 3391
877 3245
878 3259
879 3285
880 3186
881 3296
882 3123
883 3226
884 3323
885 3223
886 3317
887 3358
888 3498
889 3500
890 3330
891 3232
892 3366
893 3640
894 4039
895 4195
896 3544
897 3196
898 3152
899 3121
900 3154
901 3128
902 3006
903 3016
904 2945
905 3114
906 3251
907 3255
908 3060
909 3112
910 2974
911 2959
912 3070
913 2962
914 3022
915 2943
916 3162
917 3137
918 3115
919 3275
920 3013
921 2982
922 2829
923 2987
924 2846
925 3030
926 2863
927 2876
928 3122
929 3298
930 3235
931 3232
932 2976
933 2902
934 2912
935 2850
936 2912
937 2864
938 2864
939 2877
940 2838
941 2976
942 2833
943 2930
944 2844
945 2802
946 2834
947 2773
948 2896
949 3063
950 3372
951 3637
952 4123
953 5926
954 9689
955 10329
956 6501
957 3750
958 3275
959 3838
960 5685
961 7702
962 6690
963 4123
964 3358
965 3590
966 4986
967 6271
968 5649
969 4076
970 3410
971 3231
972 3100
973 3792
974 4232
975 4009
976 3122
977 2851
978 2793
979 2841
980 2691
981 2727
982 2776
983 2855
984 2911
985 2778
986 2822
987 2863
988 2739
989 3085
990 3109
991 3510
992 4028
993 4287
994 3683
995 3189
996 3040
997 2962
998 2980
999 2991
1000 3037
1001 3109
1002 3122
1003 3067
1004 3182
1005 3228
1006 3266
1007 3359
1008 3379
1009 3665
1010 3896
1011 4367
1012 4903
1013 5602
1014 7148
1015 10277
1016 16188
1017 27619
1018 49840
1019 86335
1020 132342
1021 171458
1022 187041
1023 170765
1024 132347
1025 86916
1026 49615
1027 27425
1028 16196
1029 10173
1030 7152
1031 5621
1032 4804
1033 5194
1034 8007
1035 17163
1036 27152
1037 21920
1038 9890
1039 4197
1040 3016
1041 2737
1042 2656
1043 2454
1044 2466
1045 2486
1046 2470
1047 2792
1048 2754
1049 2565
1050 2239
1051 2174
1052 2062
1053 2091
1054 2098
1055 2096
1056 2183
1057 2242
1058 2113
1059 2049
1060 1966
1061 1895
1062 1861
1063 1845
1064 1884
1065 1870
1066 1828
1067 1813
1068 1816
1069 1873
1070 1873
1071 1788
1072 1752
1073 1754
1074 1767
1075 1780
1076 1574
1077 1724
1078 1680
1079 1648
1080 1741
1081 1904
1082 2167
1083 2121
1084 1892
1085 1754
1086 1604
1087 1672
1088 1628
1089 1702
1090 1840
1091 2224
1092 2677
1093 2386
1094 1812
1095 1675
1096 1650
1097 1541
1098 1578
1099 1547
1100 1551
1101 1568
1102 1542
1103 1555
1104 1474
1105 1504
1106 1526
1107 1513
1108 1574
1109 1522
1110 1528
1111 1540
1112 1556
1113 1561
1114 1531
1115 1532
1116 1482
1117 1452
1118 1594
1119 1524
1120 1650
1121 1608
1122 1577
1123 1524
1124 1658
1125 1796
1126 2050
1127 2024
1128 1791
1129 1661
1130 1810
1131 1939
1132 1950
1133 2273
1134 2494
1135 2159
1136 1764
1137 1492
1138 1512
1139 1584
1140 1688
1141 1988
1142 3397
1143 7585
1144 14698
1145 16427
1146 9832
1147 3640
1148 1942
1149 1669
1150 1684
1151 1886
1152 2837
1153 5505
1154 8789
1155 7845
1156 4182
1157 2053
1158 1581
1159 1535
1160 1409
1161 1536
1162 1434
1163 1448
1164 1411
1165 1341
1166 1380
1167 1375
1168 1471
1169 1487
1170 1498
1171 1433
1172 1388
1173 1277
1174 1400
1175 1481
1176 1569
1177 1525
1178 1340
1179 1208
1180 1281
1181 1322
1182 1301
1183 1297
1184 1333
1185 1343
1186 1347
1187 1257
1188 1257
1189 1297
1190 1304
1191 1361
1192 1460
1193 1452
1194 1402
1195 1268
1196 1285
1197 1263
1198 1212
1199 1278
1200 1314
1201 1295
1202 1241
1203 1337
1204 1400
1205 1456
1206 1791
1207 2803
1208 5987
1209 10036
1210 10316
1211 8550
1212 13076
1213 23819
1214 26757
1215 15805
1216 5468
1217 2163
1218 1540
1219 1407
1220 1329
1221 1371
1222 1365
1223 1449
1224 1571
1225 1420
1226 1254
1227 1190
1228 1174
1229 1178
1230 1141
1231 1175
1232 1137
1233 1188
1234 1295
1235 1610
1236 1804
1237 1661
1238 1354
1239 1242
1240 1171
1241 1260
1242 1421
1243 1836
1244 1808
1245 1580
1246 1206
1247 1095
1248 1072
1249 1034
1250 1088
1251 992
1252 1028
1253 1036
1254 950
1255 1056
1256 991
1257 983
1258 1042
1259 1047
1260 1032
1261 1085
1262 1089
1263 1120
1264 1207
1265 1384
1266 1523
1267 1223
1268 1083
1269 1023
1270 986
1271 958
1272 931
1273 946
1274 938
1275 918
1276 939
1277 919
1278 893
1279 928
1280 896
1281 881
1282 855
1283 911
1284 866
1285 912
1286 909
1287 904
1288 992
1289 1147
1290 1084
1291 941
1292 883
1293 754
1294 829
1295 882
1296 865
1297 803
1298 801
1299 862
1300 880
1301 810
1302 875
1303 878
1304 843
1305 841
1306 932
1307 852
1308 901
1309 844
1310 840
1311 849
1312 797
1313 804
1314 778
1315 818
1316 830
1317 804
1318 753
1319 790
1320 779
1321 820
1322 801
1323 780
1324 808
1325 835
1326 854
1327 874
1328 1000
1329 1349
1330 2428
1331 3902
1332 4434
1333 3169
1334 1797
1335 1282
1336 1141
1337 978
1338 864
1339 761
1340 805
1341 841
1342 777
1343 782
1344 784
1345 801
1346 765
1347 736
1348 769
1349 758
1350 725
1351 739
1352 730
1353 741
1354 748
1355 808
1356 779
1357 816
1358 763
1359 819
1360 779
1361 765
1362 795
1363 749
1364 757
1365 782
1366 848
1367 955
1368 1126
1369 1215
1370 1011
1371 840
1372 723
1373 719
1374 650
1375 718
1376 809
1377 774
1378 1048
1379 1147
1380 1072
1381 799
1382 703
1383 690
1384 655
1385 621
1386 687
1387 656
1388 649
1389 630
1390 596
1391 614
1392 647
1393 687
1394 698
1395 624
1396 655
1397 585
1398 632
1399 633
1400 631
1401 642
1402 576
1403 623
1404 629
1405 589
1406 606
1407 619
1408 618
1409 584
1410 535
1411 613
1412 565
1413 616
1414 623
1415 621
1416 600
1417 599
1418 573
1419 565
1420 571
1421 588
1422 559
1423 659
1424 642
1425 659
1426 606
1427 523
1428 534
1429 537
1430 535
1431 524
1432 535
1433 541
1434 588
1435 631
1436 741
1437 930
1438 992
1439 782
1440 644
1441 536
1442 522
1443 519
1444 458
1445 465
1446 514
1447 505
1448 501
1449 500
1450 514
1451 521
1452 525
1453 506
1454 500
1455 569
1456 561
1457 612
1458 502
1459 480
1460 507
1461 449
1462 514
1463 480
1464 479
1465 482
1466 472
1467 479
1468 472
1469 501
1470 478
1471 475
1472 439
1473 508
1474 504
1475 487
1476 467
1477 473
1478 482
1479 492
1480 483
1481 482
1482 466
1483 415
1484 499
1485 445
1486 422
1487 471
1488 468
1489 478
1490 458
1491 456
1492 464
1493 438
1494 448
1495 448
1496 437
1497 448
1498 433
1499 461
1500 444
1501 487
1502 461
1503 529
1504 482
1505 496
1506 449
1507 453
1508 477
1509 487
1510 451
1511 409
1512 437
1513 416
1514 475
1515 438
1516 394
1517 420
1518 428
1519 422
1520 444
1521 398
1522 414
1523 492
1524 451
1525 509
1526 450
1527 412
1528 421
1529 452
1530 427
1531 469
1532 419
1533 374
1534 399
1535 405
1536 422
1537 418
1538 404
1539 427
1540 462
1541 466
1542 452
1543 451
1544 443
1545 496
1546 646
1547 757
1548 812
1549 689
1550 591
1551 474
1552 472
1553 469
1554 554
1555 684
1556 800
1557 724
1558 571
1559 496
1560 454
1561 558
1562 592
1563 806
1564 1361
1565 3036
1566 6592
1567 10161
1568 9958
1569 6025
1570 2687
1571 1188
1572 681
1573 469
1574 459
1575 458
1576 400
1577 434
1578 402
1579 422
1580 363
1581 383
1582 384
1583 377
1584 340
1585 375
1586 381
1587 392
1588 361
1589 366
1590 366
1591 361
1592 354
1593 354
1594 349
1595 381
1596 388
1597 345
1598 353
1599 334
1600 360
1601 347
1602 375
1603 343
1604 360
1605 324
1606 337
1607 347
1608 320
1609 338
1610 356
1611 381
1612 353
1613 346
1614 379
1615 356
1616 325
1617 306
1618 304
1619 344
1620 338
1621 344
1622 364
1623 364
1624 356
1625 340
1626 346
1627 331
1628 329
1629 413
1630 464
1631 608
1632 699
1633 506
1634 432
1635 350
1636 353
1637 333
1638 374
1639 387
1640 379
1641 341
1642 314
1643 325
1644 326
1645 292
1646 328
1647 349
1648 397
1649 388
1650 428
1651 422
1652 447
1653 582
1654 1125
1655 2152
1656 3848
1657 4836
1658 3910
1659 1907
1660 736
1661 421
1662 397
1663 359
1664 374
1665 340
1666 290
1667 371
1668 334
1669 466
1670 433
1671 408
1672 370
1673 307
1674 301
1675 303
1676 325
1677 286
1678 322
1679 278
1680 299
1681 278
1682 322
1683 306
1684 329
1685 306
1686 279
1687 324
1688 330
1689 399
1690 482
1691 466
1692 478
1693 418
1694 327
1695 314
1696 289
1697 288
1698 236
1699 270
1700 290
1701 258
1702 260
1703 235
1704 260
1705 288
1706 295
1707 256
1708 268
1709 293
1710 286
1711 282
1712 261
1713 276
1714 260
1715 321
1716 338
1717 359
1718 379
1719 294
1720 277
1721 296
1722 289
1723 298
1724 304
1725 347
1726 297
1727 280
1728 260
1729 247
1730 256
1731 242
1732 245
1733 282
1734 339
1735 378
1736 383
1737 325
1738 376
1739 441
1740 769
1741 1418
1742 2310
1743 2888
1744 2214
1745 1147
1746 564
1747 433
1748 480
1749 576
1750 449
1751 363
1752 296
1753 328
1754 266
1755 288
1756 279
1757 253
1758 217
1759 237
1760 237
1761 264
1762 214
1763 227
1764 214
1765 227
1766 238
1767 229
1768 216
1769 234
1770 230
1771 220
1772 234
1773 227
1774 230
1775 259
1776 261
1777 255
1778 217
1779 250
1780 232
1781 246
1782 211
1783 211
1784 213
1785 216
1786 243
1787 238
1788 216
1789 234
1790 254
1791 216
1792 212
1793 207
1794 191
1795 198
1796 204
1797 211
1798 192
1799 195
1800 224
1801 209
1802 223
1803 244
1804 254
1805 197
1806 253
1807 236
1808 277
1809 461
1810 837
1811 1256
1812 1499
1813 1198
1814 688
1815 369
1816 243
1817 226
1818 217
1819 199
1820 241
1821 258
1822 246
1823 213
1824 270
1825 252
1826 213
1827 206
1828 223
1829 204
1830 225
1831 262
1832 212
1833 229
1834 207
1835 197
1836 192
1837 210
1838 206
1839 227
1840 266
1841 226
1842 220
1843 215
1844 208
1845 208
1846 226
1847 213
1848 232
1849 258
1850 259
1851 286
1852 273
1853 237
1854 237
1855 204
1856 195
1857 228
1858 208
1859 203
1860 219
1861 203
1862 235
1863 212
1864 210
1865 194
1866 211
1867 220
1868 214
1869 212
1870 214
1871 200
1872 199
1873 186
1874 194
1875 213
1876 188
1877 198
1878 194
1879 193
1880 199
1881 186
1882 183
1883 190
1884 187
1885 217
1886 226
1887 230
1888 179
1889 212
1890 196
1891 219
1892 203
1893 217
1894 166
1895 176
1896 184
1897 180
1898 177
1899 221
1900 225
1901 265
1902 291
1903 239
1904 209
1905 209
1906 177
1907 172
1908 194
1909 178
1910 170
1911 203
1912 170
1913 162
1914 224
1915 182
1916 185
1917 198
1918 183
1919 164
1920 197
1921 174
1922 193
1923 185
1924 171
1925 184
1926 217
1927 236
1928 309
1929 365
1930 412
1931 364
1932 237
1933 235
1934 193
1935 193
1936 193
1937 211
1938 165
1939 191
1940 191
1941 185
1942 204
1943 191
1944 244
1945 259
1946 250
1947 162
1948 172
1949 184
1950 180
1951 171
1952 179
1953 191
1954 191
1955 170
1956 187
1957 169
1958 167
1959 168
1960 178
1961 167
1962 179
1963 172
1964 177
1965 186
1966 213
1967 229
1968 282
1969 239
1970 242
1971 197
1972 183
1973 174
1974 163
1975 171
1976 213
1977 220
1978 234
1979 331
1980 364
1981 291
1982 282
1983 232
1984 162
1985 159
1986 181
1987 186
1988 164
1989 150
1990 178
1991 166
1992 164
1993 168
1994 162
1995 170
1996 166
1997 143
1998 173
1999 157
2000 165
2001 157
2002 142
2003 171
2004 178
2005 168
2006 147
2007 184
2008 165
2009 182
2010 166
2011 158
2012 150
2013 151
2014 145
2015 166
2016 168
2017 143
2018 170
2019 181
2020 182
2021 151
2022 175
2023 177
2024 145
2025 132
2026 162
2027 154
2028 163
2029 156
2030 165
2031 183
2032 186
2033 184
2034 170
2035 175
2036 138
2037 173
2038 180
2039 196
2040 178
2041 179
2042 171
2043 181
2044 177
2045 190
2046 143
2047 139
2048 141
2049 143
2050 125
2051 142
2052 142
2053 134
2054 121
2055 133
2056 138
2057 154
2058 122
2059 132
2060 113
2061 128
2062 127
2063 139
2064 134
2065 137
2066 140
2067 117
2068 135
2069 145
2070 115
2071 128
2072 142
2073 149
2074 161
2075 140
2076 152
2077 170
2078 153
2079 170
2080 128
2081 113
2082 111
2083 121
2084 117
2085 137
2086 114
2087 141
2088 132
2089 151
2090 135
2091 133
2092 149
2093 129
2094 157
2095 151
2096 111
2097 156
2098 118
2099 108
2100 143
2101 121
2102 133
2103 159
2104 179
2105 162
2106 143
2107 126
2108 122
2109 121
2110 129
2111 108
2112 125
2113 110
2114 106
2115 99
2116 140
2117 126
2118 114
2119 122
2120 139
2121 133
2122 143
2123 141
2124 137
2125 122
2126 117
2127 127
2128 127
2129 114
2130 122
2131 134
2132 122
2133 117
2134 125
2135 113
2136 126
2137 136
2138 97
2139 103
2140 120
2141 141
2142 114
2143 124
2144 112
2145 108
2146 110
2147 120
2148 101
2149 107
2150 131
2151 122
2152 99
2153 126
2154 112
2155 117
2156 112
2157 110
2158 100
2159 111
2160 118
2161 97
2162 105
2163 126
2164 118
2165 131
2166 120
2167 128
2168 140
2169 130
2170 157
2171 145
2172 135
2173 132
2174 105
2175 109
2176 95
2177 113
2178 113
2179 115
2180 115
2181 119
2182 163
2183 150
2184 146
2185 158
2186 139
2187 124
2188 109
2189 99
2190 111
2191 93
2192 115
2193 104
2194 111
2195 112
2196 106
2197 122
2198 115
2199 142
2200 145
2201 127
2202 134
2203 116
2204 121
2205 106
2206 100
2207 109
2208 96
2209 120
2210 103
2211 104
2212 117
2213 129
2214 94
2215 103
2216 112
2217 113
2218 100
2219 109
2220 109
2221 119
2222 118
2223 76
2224 111
2225 102
2226 83
2227 96
2228 91
2229 118
2230 101
2231 126
2232 102
2233 104
2234 91
2235 107
2236 91
2237 95
2238 89
2239 104
2240 93
2241 87
2242 95
2243 98
2244 94
2245 99
2246 100
2247 95
2248 86
2249 104
2250 95
2251 109
2252 97
2253 104
2254 118
2255 107
2256 108
2257 104
2258 126
2259 133
2260 122
2261 134
2262 86
2263 81
2264 82
2265 97
2266 110
2267 96
2268 84
2269 87
2270 91
2271 94
2272 83
2273 108
2274 91
2275 96
2276 102
2277 102
2278 128
2279 158
2280 123
2281 113
2282 103
2283 105
2284 86
2285 99
2286 87
2287 84
2288 110
2289 114
2290 108
2291 99
2292 104
2293 88
2294 98
2295 122
2296 169
2297 235
2298 357
2299 397
2300 418
2301 298
2302 216
2303 156
2304 146
2305 108
2306 110
2307 110
2308 127
2309 148
2310 113
2311 109
2312 109
2313 100
2314 96
2315 98
2316 83
2317 85
2318 98
2319 98
2320 82
2321 96
2322 85
2323 93
2324 103
2325 79
2326 90
2327 92
2328 78
2329 85
2330 89
2331 101
2332 85
2333 101
2334 122
2335 135
2336 146
2337 129
2338 138
2339 116
2340 133
2341 170
2342 200
2343 241
2344 208
2345 209
2346 174
2347 208
2348 162
2349 203
2350 150
2351 134
2352 91
2353 100
2354 85
2355 113
2356 108
2357 110
2358 111
2359 108
2360 107
2361 109
2362 124
2363 123
2364 139
2365 241
2366 407
2367 542
2368 647
2369 640
2370 471
2371 293
2372 163
2373 112
2374 93
2375 98
2376 115
2377 85
2378 91
2379 119
2380 95
2381 108
2382 100
2383 101
2384 96
2385 86
2386 86
2387 90
2388 92
2389 105
2390 104
2391 122
2392 117
2393 116
2394 115
2395 102
2396 109
2397 119
2398 126
2399 162
2400 174
2401 160
2402 120
2403 111
2404 85
2405 94
2406 89
2407 75
2408 89
2409 88
2410 63
2411 88
2412 97
2413 112
2414 101
2415 90
2416 121
2417 97
2418 93
2419 88
2420 100
2421 142
2422 158
2423 170
2424 157
2425 185
2426 146
2427 188
2428 159
2429 178
2430 107
2431 104
2432 88
2433 87
2434 98
2435 86
2436 117
2437 76
2438 80
2439 74
2440 97
2441 97
2442 91
2443 104
2444 89
2445 88
2446 94
2447 79
2448 70
2449 84
2450 59
2451 82
2452 78
2453 79
2454 92
2455 69
2456 84
2457 89
2458 87
2459 72
2460 88
2461 86
2462 94
2463 99
2464 108
2465 118
2466 129
2467 166
2468 139
2469 113
2470 101
2471 84
2472 92
2473 77
2474 90
2475 83
2476 82
2477 86
2478 97
2479 82
2480 89
2481 79
2482 92
2483 71
2484 69
2485 80
2486 81
2487 105
2488 84
2489 90
2490 99
2491 85
2492 92
2493 89
2494 86
2495 80
2496 80
2497 87
2498 87
2499 82
2500 89
2501 89
2502 97
2503 109
2504 98
2505 98
2506 77
2507 103
2508 87
2509 63
2510 87
2511 96
2512 99
2513 73
2514 93
2515 94
2516 124
2517 105
2518 120
2519 110
2520 87
2521 97
2522 97
2523 96
2524 77
2525 81
2526 69
2527 83
2528 90
2529 92
2530 70
2531 95
2532 90
2533 82
2534 82
2535 80
2536 63
2537 64
2538 88
2539 83
2540 92
2541 86
2542 96
2543 94
2544 88
2545 90
2546 82
2547 88
2548 58
2549 80
2550 102
2551 79
2552 96
2553 85
2554 90
2555 89
2556 104
2557 107
2558 73
2559 73
2560 80
2561 72
2562 90
2563 83
2564 74
2565 73
2566 82
2567 81
2568 88
2569 93
2570 74
2571 91
2572 88
2573 89
2574 108
2575 140
2576 121
2577 99
2578 87
2579 75
2580 78
2581 90
2582 72
2583 77
2584 86
2585 77
2586 100
2587 89
2588 76
2589 92
2590 88
2591 80
2592 90
2593 70
2594 87
2595 84
2596 72
2597 102
2598 108
2599 106
2600 105
2601 94
2602 84
2603 85
2604 56
2605 70
2606 58
2607 66
2608 77
2609 73
2610 83
2611 81
2612 77
2613 83
2614 82
2615 73
2616 76
2617 71
2618 85
2619 80
2620 101
2621 74
2622 79
2623 70
2624 79
2625 81
2626 67
2627 100
2628 68
2629 90
2630 79
2631 82
2632 70
2633 89
2634 77
2635 85
2636 56
2637 65
2638 77
2639 72
2640 92
2641 81
2642 90
2643 100
2644 78
2645 77
2646 88
2647 71
2648 83
2649 68
2650 73
2651 67
2652 69
2653 60
2654 77
2655 60
2656 76
2657 62
2658 66
2659 74
2660 67
2661 82
2662 66
2663 63
2664 63
2665 75
2666 94
2667 72
2668 62
2669 79
2670 86
2671 94
2672 66
2673 76
2674 80
2675 59
2676 71
2677 64
2678 73
2679 65
2680 69
2681 77
2682 61
2683 61
2684 70
2685 52
2686 80
2687 61
2688 71
2689 70
2690 59
2691 65
2692 87
2693 84
2694 80
2695 79
2696 72
2697 83
2698 65
2699 73
2700 69
2701 71
2702 67
2703 60
2704 70
2705 63
2706 64
2707 83
2708 66
2709 74
2710 79
2711 62
2712 69
2713 54
2714 61
2715 68
2716 71
2717 76
2718 66
2719 80
2720 73
2721 77
2722 81
2723 74
2724 76
2725 87
2726 78
2727 83
2728 71
2729 69
2730 61
2731 58
2732 94
2733 67
2734 56
2735 69
2736 60
2737 69
2738 61
2739 70
2740 57
2741 67
2742 63
2743 61
2744 55
2745 55
2746 53
2747 49
2748 61
2749 58
2750 64
2751 76
2752 102
2753 116
2754 124
2755 128
2756 107
2757 91
2758 62
2759 68
2760 67
2761 70
2762 65
2763 60
2764 46
2765 61
2766 47
2767 62
2768 46
2769 52
2770 56
2771 60
2772 63
2773 68
2774 62
2775 46
2776 42
2777 52
2778 53
2779 54
2780 55
2781 44
2782 49
2783 52
2784 47
2785 55
2786 57
2787 56
2788 45
2789 51
2790 65
2791 69
2792 65
2793 62
2794 66
2795 56
2796 64
2797 52
2798 59
2799 49
2800 63
2801 50
2802 64
2803 56
2804 47
2805 57
2806 47
2807 60
2808 66
2809 57
2810 62
2811 52
2812 45
2813 44
2814 45
2815 53
2816 44
2817 50
2818 47
2819 46
2820 60
2821 58
2822 46
2823 46
2824 40
2825 48
2826 46
2827 41
2828 47
2829 39
2830 43
2831 57
2832 51
2833 59
2834 55
2835 39
2836 46
2837 55
2838 43
2839 50
2840 50
2841 49
2842 43
2843 64
2844 47
2845 54
2846 60
2847 71
2848 85
2849 108
2850 84
2851 80
2852 66
2853 54
2854 49
2855 54
2856 38
2857 53
2858 51
2859 56
2860 53
2861 71
2862 51
2863 70
2864 106
2865 90
2866 87
2867 67
2868 56
2869 48
2870 50
2871 55
2872 59
2873 38
2874 50
2875 54
2876 52
2877 46
2878 59
2879 48
2880 58
2881 46
2882 37
2883 37
2884 44
2885 55
2886 38
2887 42
2888 34
2889 47
2890 48
2891 44
2892 37
2893 42
2894 35
2895 51
2896 41
2897 46
2898 34
2899 47
2900 41
2901 45
2902 44
2903 46
2904 49
2905 34
2906 44
2907 44
2908 41
2909 47
2910 45
2911 45
2912 46
2913 39
2914 30
2915 44
2916 38
2917 44
2918 41
2919 50
2920 41
2921 44
2922 37
2923 40
2924 40
2925 46
2926 43
2927 33
2928 45
2929 60
2930 93
2931 96
2932 110
2933 126
2934 121
2935 124
2936 75
2937 59
2938 48
2939 44
2940 42
2941 28
2942 45
2943 50
2944 50
2945 44
2946 45
2947 43
2948 42
2949 27
2950 30
2951 39
2952 41
2953 39
2954 45
2955 37
2956 40
2957 39
2958 43
2959 35
2960 48
2961 39
2962 47
2963 47
2964 41
2965 63
2966 85
2967 79
2968 77
2969 74
2970 51
2971 41
2972 36
2973 35
2974 37
2975 36
2976 32
2977 39
2978 39
2979 33
2980 48
2981 56
2982 43
2983 48
2984 69
2985 57
2986 60
2987 89
2988 120
2989 147
2990 156
2991 131
2992 97
2993 69
2994 53
2995 53
2996 75
2997 55
2998 103
2999 132
3000 179
3001 220
3002 254
3003 149
3004 126
3005 84
3006 59
3007 39
3008 32
3009 33
3010 37
3011 48
3012 39
3013 31
3014 44
3015 46
3016 36
3017 34
3018 41
3019 30
3020 35
3021 33
3022 21
3023 34
3024 31
3025 32
3026 31
3027 32
3028 29
3029 33
3030 37
3031 33
3032 38
3033 27
3034 34
3035 27
3036 37
3037 32
3038 33
3039 38
3040 35
3041 59
3042 49
3043 42
3044 41
3045 48
3046 24
3047 32
3048 39
3049 47
3050 58
3051 70
3052 98
3053 115
3054 98
3055 96
3056 57
3057 52
3058 29
3059 34
3060 25
3061 35
3062 34
3063 31
3064 28
3065 40
3066 31
3067 30
3068 34
3069 29
3070 35
3071 28
3072 37
3073 24
3074 25
3075 21
3076 27
3077 31
3078 41
3079 27
3080 37
3081 31
3082 29
3083 27
3084 37
3085 28
3086 24
3087 36
3088 44
3089 35
3090 47
3091 30
3092 34
3093 22
3094 24
3095 27
3096 28
3097 26
3098 38
3099 34
3100 34
3101 42
3102 42
3103 43
3104 42
3105 36
3106 55
3107 73
3108 111
3109 112
3110 137
3111 122
3112 97
3113 69
3114 54
3115 49
3116 47
3117 38
3118 46
3119 46
3120 51
3121 52
3122 63
3123 51
3124 41
3125 39
3126 34
3127 24
3128 37
3129 26
3130 33
3131 17
3132 20
3133 24
3134 28
3135 29
3136 27
3137 39
3138 34
3139 20
3140 22
3141 31
3142 22
3143 26
3144 28
3145 30
3146 35
3147 49
3148 29
3149 46
3150 33
3151 28
3152 25
3153 22
3154 22
3155 27
3156 36
3157 27
3158 32
3159 28
3160 33
3161 33
3162 31
3163 30
3164 23
3165 40
3166 60
3167 63
3168 94
3169 92
3170 96
3171 101
3172 65
3173 59
3174 29
3175 40
3176 30
3177 31
3178 36
3179 32
3180 28
3181 35
3182 40
3183 42
3184 48
3185 45
3186 63
3187 77
3188 96
3189 168
3190 282
3191 432
3192 528
3193 570
3194 463
3195 295
3196 151
3197 67
3198 44
3199 31
3200 34
3201 34
3202 22
3203 31
3204 28
3205 28
3206 23
3207 24
3208 20
3209 23
3210 23
3211 24
3212 28
3213 25
3214 23
3215 30
3216 20
3217 23
3218 27
3219 31
3220 28
3221 27
3222 27
3223 27
3224 31
3225 25
3226 20
3227 23
3228 17
3229 20
3230 14
3231 22
3232 16
3233 21
3234 24
3235 24
3236 12
3237 25
3238 24
3239 23
3240 27
3241 23
3242 42
3243 26
3244 26
3245 34
3246 31
3247 21
3248 24
3249 18
3250 18
3251 17
3252 25
3253 13
3254 18
3255 17
3256 22
3257 15
3258 16
3259 19
3260 19
3261 21
3262 25
3263 17
3264 23
3265 25
3266 25
3267 20
3268 23
3269 20
3270 28
3271 30
3272 24
3273 38
3274 42
3275 20
3276 35
3277 19
3278 37
3279 37
3280 25
3281 21
3282 17
3283 12
3284 28
3285 22
3286 15
3287 17
3288 15
3289 25
3290 15
3291 22
3292 20
3293 35
3294 27
3295 26
3296 20
3297 27
3298 24
3299 19
3300 20
3301 22
3302 22
3303 20
3304 28
3305 31
3306 26
3307 29
3308 42
3309 29
3310 27
3311 22
3312 16
3313 22
3314 22
3315 18
3316 15
3317 22
3318 27
3319 32
3320 21
3321 28
3322 20
3323 21
3324 21
3325 20
3326 36
3327 36
3328 41
3329 46
3330 38
3331 35
3332 19
3333 16
3334 18
3335 27
3336 17
3337 15
3338 25
3339 17
3340 22
3341 16
3342 19
3343 23
3344 26
3345 21
3346 17
3347 17
3348 22
3349 19
3350 26
3351 16
3352 18
3353 20
3354 25
3355 22
3356 30
3357 31
3358 27
3359 17
3360 19
3361 17
3362 15
3363 22
3364 24
3365 19
3366 23
3367 26
3368 16
3369 17
3370 23
3371 16
3372 16
3373 21
3374 20
3375 19
3376 19
3377 16
3378 8
3379 19
3380 17
3381 16
3382 18
3383 16
3384 25
3385 14
3386 29
3387 25
3388 23
3389 24
3390 22
3391 14
3392 19
3393 25
3394 23
3395 27
3396 39
3397 26
3398 29
3399 19
3400 6
3401 22
3402 22
3403 13
3404 10
3405 13
3406 20
3407 16
3408 18
3409 18
3410 23
3411 15
3412 14
3413 11
3414 24
3415 17
3416 19
3417 23
3418 21
3419 16
3420 15
3421 14
3422 21
3423 28
3424 15
3425 21
3426 19
3427 21
3428 18
3429 16
3430 14
3431 14
3432 12
3433 22
3434 17
3435 25
3436 19
3437 26
3438 26
3439 45
3440 53
3441 54
3442 43
3443 32
3444 30
3445 26
3446 26
3447 21
3448 18
3449 15
3450 14
3451 20
3452 24
3453 18
3454 22
3455 10
3456 20
3457 21
3458 22
3459 26
3460 29
3461 38
3462 38
3463 53
3464 57
3465 61
3466 67
3467 43
3468 29
3469 15
3470 13
3471 8
3472 23
3473 17
3474 14
3475 16
3476 16
3477 15
3478 17
3479 16
3480 18
3481 19
3482 15
3483 14
3484 12
3485 16
3486 20
3487 16
3488 15
3489 12
3490 10
3491 12
3492 12
3493 16
3494 12
3495 19
3496 12
3497 15
3498 11
3499 14
3500 16
3501 18
3502 7
3503 19
3504 10
3505 18
3506 10
3507 17
3508 22
3509 7
3510 10
3511 17
3512 16
3513 12
3514 16
3515 7
3516 19
3517 13
3518 17
3519 15
3520 14
3521 13
3522 9
3523 15
3524 11
3525 14
3526 15
3527 21
3528 13
3529 15
3530 27
3531 35
3532 46
3533 48
3534 50
3535 61
3536 52
3537 56
3538 40
3539 48
3540 43
3541 56
3542 19
3543 26
3544 24
3545 21
3546 23
3547 28
3548 31
3549 26
3550 25
3551 17
3552 14
3553 22
3554 18
3555 17
3556 21
3557 15
3558 17
3559 22
3560 12
3561 18
3562 20
3563 34
3564 39
3565 25
3566 33
3567 23
3568 13
3569 15
3570 13
3571 14
3572 8
3573 8
3574 11
3575 7
3576 9
3577 11
3578 9
3579 15
3580 17
3581 13
3582 10
3583 6
3584 8
3585 8
3586 10
3587 11
3588 10
3589 17
3590 11
3591 10
3592 10
3593 12
3594 15
3595 12
3596 11
3597 10
3598 23
3599 14
3600 11
3601 8
3602 12
3603 14
3604 17
3605 12
3606 17
3607 12
3608 15
3609 7
3610 13
3611 16
3612 4
3613 11
3614 14
3615 7
3616 14
3617 10
3618 10
3619 13
3620 13
3621 12
3622 8
3623 12
3624 13
3625 7
3626 10
3627 13
3628 13
3629 9
3630 8
3631 9
3632 9
3633 7
3634 11
3635 10
3636 11
3637 15
3638 8
3639 10
3640 17
3641 14
3642 15
3643 9
3644 13
3645 13
3646 7
3647 15
3648 10
3649 10
3650 10
3651 12
3652 9
3653 13
3654 11
3655 15
3656 9
3657 5
3658 15
3659 13
3660 15
3661 8
3662 15
3663 15
3664 15
3665 8
3666 5
3667 16
3668 11
3669 8
3670 9
3671 9
3672 16
3673 9
3674 15
3675 13
3676 17
3677 14
3678 13
3679 11
3680 10
3681 13
3682 9
3683 14
3684 10
3685 10
3686 10
3687 11
3688 12
3689 9
3690 18
3691 8
3692 12
3693 13
3694 15
3695 17
3696 9
3697 12
3698 11
3699 8
3700 13
3701 7
3702 13
3703 20
3704 24
3705 27
3706 27
3707 24
3708 18
3709 9
3710 12
3711 7
3712 15
3713 10
3714 3
3715 19
3716 9
3717 16
3718 7
3719 10
3720 12
3721 8
3722 13
3723 11
3724 13
3725 3
3726 11
3727 10
3728 13
3729 8
3730 11
3731 5
3732 6
3733 9
3734 15
3735 10
3736 11
3737 7
3738 10
3739 15
3740 8
3741 12
3742 14
3743 9
3744 11
3745 11
3746 7
3747 9
3748 6
3749 5
3750 6
3751 5
3752 16
3753 7
3754 15
3755 10
3756 11
3757 8
3758 10
3759 9
3760 7
3761 12
3762 9
3763 13
3764 9
3765 7
3766 9
3767 8
3768 13
3769 7
3770 11
3771 15
3772 16
3773 34
3774 37
3775 32
3776 41
3777 29
3778 24
3779 15
3780 21
3781 4
3782 7
3783 11
3784 6
3785 6
3786 4
3787 7
3788 8
3789 7
3790 4
3791 9
3792 10
3793 5
3794 15
3795 11
3796 8
3797 6
3798 9
3799 13
3800 12
3801 12
3802 6
3803 9
3804 8
3805 9
3806 7
3807 13
3808 5
3809 10
3810 6
3811 9
3812 6
3813 10
3814 6
3815 9
3816 8
3817 9
3818 11
3819 11
3820 10
3821 11
3822 10
3823 4
3824 4
3825 5
3826 7
3827 6
3828 6
3829 12
3830 4
3831 7
3832 5
3833 8
3834 7
3835 6
3836 6
3837 9
3838 10
3839 11
3840 6
3841 5
3842 6
3843 7
3844 9
3845 7
3846 16
3847 5
3848 10
3849 12
3850 8
3851 6
3852 4
3853 9
3854 11
3855 5
3856 11
3857 5
3858 8
3859 6
3860 7
3861 14
3862 10
3863 12
3864 18
3865 14
3866 9
3867 5
3868 5
3869 6
3870 6
3871 7
3872 7
3873 6
3874 4
3875 6
3876 7
3877 5
3878 2
3879 7
3880 4
3881 11
3882 7
3883 11
3884 7
3885 19
3886 9
3887 7
3888 7
3889 5
3890 6
3891 4
3892 2
3893 8
3894 6
3895 6
3896 11
3897 7
3898 7
3899 11
3900 9
3901 12
3902 8
3903 5
3904 9
3905 7
3906 5
3907 9
3908 6
3909 5
3910 6
3911 14
3912 7
3913 8
3914 9
3915 2
3916 11
3917 8
3918 24
3919 18
3920 18
3921 15
3922 16
3923 20
3924 14
3925 12
3926 7
3927 12
3928 8
3929 10
3930 12
3931 7
3932 10
3933 8
3934 5
3935 6
3936 3
3937 6
3938 5
3939 5
3940 5
3941 5
3942 6
3943 4
3944 2
3945 8
3946 4
3947 5
3948 10
3949 7
3950 7
3951 4
3952 8
3953 11
3954 2
3955 3
3956 2
3957 3
3958 2
3959 6
3960 3
3961 8
3962 3
3963 1
3964 6
3965 5
3966 6
3967 5
3968 3
3969 5
3970 2
3971 4
3972 4
3973 4
3974 7
3975 7
3976 3
3977 2
3978 9
3979 1
3980 3
3981 2
3982 3
3983 5
3984 3
3985 2
3986 9
3987 6
3988 12
3989 21
3990 12
3991 22
3992 10
3993 14
3994 16
3995 7
3996 6
3997 6
3998 7
3999 5
4000 6
4001 6
4002 2
4003 3
4004 12
4005 7
4006 6
4007 6
4008 2
4009 2
4010 3
4011 5
4012 6
4013 3
4014 5
4015 4
4016 4
4017 7
4018 5
4019 5
4020 8
4021 5
4022 8
4023 5
4024 7
4025 7
4026 2
4027 7
4028 7
4029 5
4030 8
4031 10
4032 11
4033 15
4034 29
4035 28
4036 37
4037 27
4038 29
4039 31
4040 22
4041 11
4042 12
4043 2
4044 6
4045 1
4046 2
4047 5
4048 4
4049 4
4050 7
4051 5
4052 6
4053 3
4054 5
4055 8
4056 11
4057 15
4058 14
4059 10
4060 8
4061 11
4062 15
4063 5
4064 6
4065 5
4066 1
4067 4
4068 6
4069 5
4070 7
4071 6
4072 8
4073 4
4074 8
4075 4
4076 6
4077 5
4078 5
4079 3
4080 1
4081 9
4082 5
4083 5
4084 13
4085 6
4086 15
4087 10
4088 19
4089 24
4090 23
4091 15
4092 6
4093 7
4094 5
4095 1
End
