ASCII channel-by-channel listing for 290_029.18
1139 - 57 - 465 started 2018-10-17 11:04:59.0 on counter 76
Generated Oct 17 2018 17.02.37, CRNG database/web system
Channel Data
0 300
1 338
2 0
3 0
4 0
5 0
6 0
7 0
8 0
9 0
10 0
11 0
12 0
13 0
14 0
15 0
16 0
17 0
18 0
19 0
20 0
21 0
22 0
23 0
24 0
25 0
26 0
27 0
28 0
29 0
30 0
31 0
32 0
33 0
34 0
35 0
36 0
37 0
38 0
39 0
40 0
41 0
42 0
43 0
44 0
45 0
46 0
47 0
48 0
49 0
50 0
51 0
52 0
53 0
54 0
55 0
56 0
57 0
58 0
59 0
60 0
61 0
62 0
63 0
64 0
65 0
66 0
67 0
68 0
69 0
70 0
71 0
72 0
73 0
74 0
75 0
76 0
77 0
78 0
79 1
80 25
81 178
82 819
83 2421
84 13420
85 21544
86 21165
87 21438
88 21465
89 21340
90 21553
91 21006
92 20950
93 21179
94 20904
95 20824
96 20883
97 20761
98 20699
99 20746
100 20334
101 20284
102 20440
103 19910
104 20091
105 20344
106 20143
107 20029
108 19837
109 19940
110 20116
111 19712
112 19613
113 19739
114 19713
115 19523
116 19843
117 20062
118 19915
119 19662
120 19822
121 19400
122 19672
123 19439
124 19304
125 19638
126 19539
127 19442
128 19489
129 19426
130 19402
131 19539
132 19369
133 19636
134 19251
135 19510
136 19648
137 19709
138 19290
139 19650
140 19521
141 19589
142 19672
143 19649
144 19694
145 20465
146 20878
147 20007
148 19589
149 20376
150 22339
151 20805
152 19406
153 19350
154 19261
155 19297
156 19368
157 19564
158 19724
159 19698
160 20143
161 19503
162 19972
163 20097
164 20059
165 20359
166 20371
167 20659
168 20832
169 21585
170 22190
171 21359
172 20798
173 22276
174 24698
175 23167
176 22464
177 25003
178 25381
179 22053
180 21410
181 21431
182 21657
183 21871
184 21674
185 22047
186 21629
187 22126
188 22242
189 22348
190 22322
191 22586
192 22766
193 22654
194 22867
195 23058
196 23217
197 23611
198 23571
199 23648
200 24005
201 23926
202 24040
203 24129
204 24306
205 24446
206 24603
207 24933
208 25112
209 25075
210 25326
211 24963
212 25430
213 25384
214 26082
215 25840
216 25913
217 26022
218 26191
219 26419
220 26698
221 26664
222 26537
223 26903
224 26925
225 27377
226 27438
227 27542
228 27742
229 27632
230 28233
231 28023
232 28455
233 28431
234 29237
235 29736
236 32725
237 32040
238 33793
239 43458
240 37816
241 30025
242 29278
243 29185
244 29463
245 29234
246 29410
247 30052
248 30872
249 30129
250 29816
251 29607
252 29565
253 29539
254 29676
255 29663
256 29940
257 30079
258 30456
259 30371
260 30910
261 32360
262 32355
263 31755
264 31633
265 32241
266 33354
267 32354
268 31893
269 31911
270 31823
271 31457
272 31288
273 31270
274 31197
275 31565
276 31220
277 31126
278 31311
279 31324
280 31286
281 31455
282 31036
283 30920
284 31219
285 31025
286 30981
287 30603
288 30861
289 30590
290 30282
291 30576
292 30383
293 30063
294 30037
295 30002
296 29907
297 29576
298 29488
299 29483
300 29477
301 29213
302 29140
303 29054
304 28885
305 28798
306 28773
307 28490
308 28823
309 28284
310 28765
311 28338
312 28192
313 28017
314 28139
315 27974
316 27567
317 27694
318 27858
319 27347
320 27504
321 27438
322 27011
323 27314
324 27573
325 27842
326 27166
327 26827
328 26568
329 26400
330 26712
331 26402
332 26736
333 26754
334 26447
335 26481
336 26899
337 26818
338 27035
339 27640
340 27194
341 27338
342 27174
343 27605
344 27698
345 27823
346 27854
347 28212
348 27948
349 27936
350 27891
351 28346
352 28103
353 27778
354 27900
355 28335
356 28600
357 28487
358 28496
359 28400
360 27741
361 27836
362 27627
363 27993
364 27575
365 27590
366 27506
367 27150
368 27432
369 27046
370 27321
371 27000
372 26769
373 26968
374 26863
375 26520
376 26433
377 25935
378 25869
379 25686
380 25599
381 25664
382 25107
383 25020
384 25079
385 25092
386 24825
387 24590
388 24452
389 24005
390 24207
391 23754
392 23811
393 23767
394 23388
395 23478
396 23277
397 23283
398 22935
399 22531
400 22655
401 22825
402 22716
403 22477
404 22184
405 22088
406 21895
407 21810
408 21604
409 21818
410 22090
411 25873
412 50537
413 91469
414 65402
415 28136
416 21491
417 20600
418 20489
419 19982
420 20138
421 19916
422 19532
423 19483
424 19448
425 18988
426 19126
427 18588
428 18578
429 18809
430 18734
431 18471
432 19083
433 18754
434 18210
435 18002
436 18200
437 17857
438 17695
439 17615
440 17705
441 17730
442 17998
443 17628
444 17286
445 17149
446 17033
447 17073
448 16935
449 16651
450 16779
451 16716
452 16458
453 16459
454 16551
455 16429
456 16392
457 16273
458 16397
459 16140
460 15930
461 16312
462 16170
463 15519
464 15878
465 15793
466 15637
467 15449
468 15715
469 15666
470 15375
471 15573
472 15531
473 15485
474 15433
475 15421
476 15373
477 15476
478 15265
479 15290
480 15126
481 15253
482 15243
483 15236
484 15231
485 15206
486 15074
487 14831
488 14843
489 14764
490 14859
491 14825
492 14709
493 14872
494 14881
495 14639
496 14769
497 14590
498 14704
499 14561
500 14776
501 14664
502 14626
503 14512
504 14619
505 14915
506 14730
507 17057
508 23717
509 27213
510 19280
511 15057
512 14597
513 14557
514 14387
515 14589
516 14498
517 14158
518 14528
519 14335
520 14505
521 14366
522 14411
523 14740
524 14774
525 14722
526 15442
527 15941
528 18548
529 34418
530 125754
531 285161
532 220981
533 61298
534 21682
535 20147
536 21154
537 18175
538 15388
539 14434
540 14176
541 14032
542 13969
543 13757
544 13694
545 13599
546 13465
547 13448
548 13498
549 13359
550 13549
551 14000
552 15037
553 14511
554 13491
555 13243
556 13093
557 13204
558 13004
559 13173
560 12619
561 12778
562 12888
563 12820
564 12851
565 12832
566 12739
567 12711
568 12695
569 12703
570 12571
571 12475
572 12472
573 12613
574 12546
575 12379
576 12540
577 12291
578 12551
579 12431
580 12652
581 12544
582 12305
583 12558
584 12274
585 12461
586 12631
587 12565
588 12675
589 12566
590 12435
591 12530
592 12428
593 12704
594 12515
595 12950
596 13291
597 15248
598 24913
599 70448
600 144493
601 115072
602 38388
603 16016
604 13536
605 13196
606 12860
607 12505
608 12513
609 12842
610 12101
611 12072
612 12063
613 11736
614 11674
615 11646
616 11740
617 11479
618 11553
619 11521
620 11758
621 11599
622 11436
623 11640
624 11503
625 11388
626 11446
627 11380
628 11315
629 11425
630 11223
631 11433
632 11337
633 11325
634 11440
635 11227
636 11416
637 11544
638 11309
639 11259
640 11153
641 11063
642 11181
643 11288
644 10985
645 11043
646 11081
647 11169
648 11300
649 11036
650 11116
651 10965
652 10927
653 10891
654 11089
655 11078
656 11409
657 11867
658 12098
659 11427
660 10945
661 10760
662 10838
663 11116
664 10757
665 10706
666 10719
667 10762
668 10587
669 10588
670 10576
671 10660
672 10377
673 10494
674 10374
675 10280
676 10249
677 10145
678 9953
679 10038
680 9733
681 9459
682 9415
683 9217
684 9012
685 9123
686 9152
687 9072
688 8721
689 8506
690 8347
691 8307
692 8192
693 8125
694 8086
695 7818
696 7812
697 7722
698 7821
699 7877
700 7596
701 7626
702 7652
703 7454
704 7311
705 7420
706 7532
707 7376
708 7283
709 7139
710 7288
711 7313
712 7135
713 6941
714 6927
715 7070
716 7015
717 6804
718 6786
719 6895
720 6722
721 6810
722 6878
723 6808
724 6681
725 6518
726 6607
727 6530
728 6532
729 6443
730 6420
731 6591
732 6479
733 6584
734 6603
735 6385
736 6330
737 6357
738 6598
739 6341
740 6306
741 6203
742 6296
743 6305
744 6136
745 6234
746 6347
747 6423
748 6280
749 6250
750 6162
751 6002
752 6050
753 6028
754 6130
755 5692
756 6013
757 6197
758 7246
759 10480
760 11875
761 8721
762 6292
763 5951
764 5831
765 5830
766 5667
767 5724
768 5919
769 5667
770 5650
771 5582
772 5597
773 5729
774 6183
775 7044
776 7589
777 6537
778 5783
779 5490
780 5427
781 5413
782 5293
783 5316
784 5404
785 5254
786 5287
787 5213
788 5183
789 5060
790 5227
791 5159
792 5057
793 5183
794 5280
795 5787
796 6702
797 6408
798 5615
799 5383
800 6058
801 5548
802 5138
803 4751
804 4721
805 4695
806 4673
807 4774
808 4799
809 4743
810 4722
811 4604
812 4574
813 4476
814 4623
815 4507
816 4332
817 4340
818 4451
819 4516
820 4471
821 4428
822 4408
823 4378
824 4185
825 4215
826 4338
827 4193
828 4298
829 4400
830 4265
831 4288
832 4366
833 4166
834 4282
835 4241
836 4267
837 4271
838 4180
839 4218
840 4045
841 4098
842 4072
843 4104
844 4012
845 4103
846 4110
847 4033
848 4057
849 3953
850 3981
851 3829
852 3813
853 3839
854 3821
855 3743
856 3768
857 3701
858 3634
859 3567
860 3616
861 3661
862 3668
863 3596
864 3652
865 3804
866 3840
867 3597
868 3787
869 3555
870 3610
871 3515
872 3577
873 3658
874 3593
875 3494
876 3491
877 3538
878 3493
879 3419
880 3466
881 3518
882 3505
883 3438
884 3420
885 3409
886 3411
887 3393
888 3400
889 3292
890 3355
891 3304
892 3423
893 3826
894 4545
895 4511
896 3720
897 3308
898 3219
899 3224
900 3284
901 3241
902 3166
903 3116
904 3230
905 3211
906 3224
907 3181
908 3184
909 3199
910 3210
911 3100
912 3225
913 3124
914 3173
915 2964
916 3249
917 3298
918 3618
919 3440
920 3231
921 3018
922 3121
923 3083
924 2960
925 3031
926 3015
927 3070
928 3013
929 3254
930 3344
931 3260
932 3107
933 2973
934 3052
935 2943
936 2947
937 3003
938 3011
939 2978
940 2865
941 2947
942 2901
943 2959
944 2990
945 2989
946 2989
947 2964
948 2928
949 2940
950 2979
951 2944
952 3131
953 3129
954 3405
955 3838
956 3339
957 3041
958 3282
959 4109
960 6275
961 8965
962 7681
963 4702
964 3423
965 3897
966 5976
967 8347
968 7319
969 4775
970 3836
971 3479
972 3383
973 3862
974 4384
975 4137
976 3271
977 2943
978 2893
979 2930
980 2903
981 2899
982 2837
983 2906
984 2845
985 2865
986 2929
987 2878
988 2871
989 2959
990 3091
991 3167
992 3457
993 3457
994 3277
995 3018
996 2943
997 2999
998 3043
999 2987
1000 3002
1001 3031
1002 2919
1003 3114
1004 3174
1005 3212
1006 3318
1007 3332
1008 3346
1009 3552
1010 3689
1011 4124
1012 4682
1013 5294
1014 6487
1015 9229
1016 14121
1017 23791
1018 41895
1019 72183
1020 110260
1021 144190
1022 159235
1023 147651
1024 115447
1025 76793
1026 44250
1027 25017
1028 14518
1029 9586
1030 6961
1031 5573
1032 4911
1033 5811
1034 10341
1035 24328
1036 39650
1037 33318
1038 14520
1039 5204
1040 3444
1041 3010
1042 3047
1043 2766
1044 2639
1045 2734
1046 2514
1047 2487
1048 2502
1049 2419
1050 2334
1051 2382
1052 2348
1053 2349
1054 2315
1055 2290
1056 2506
1057 2550
1058 2368
1059 2259
1060 2145
1061 2092
1062 2073
1063 2100
1064 2056
1065 2074
1066 2089
1067 2042
1068 1990
1069 1995
1070 1919
1071 2040
1072 1989
1073 1899
1074 1909
1075 1926
1076 1945
1077 1954
1078 1895
1079 1914
1080 1929
1081 1842
1082 1946
1083 1888
1084 1893
1085 1776
1086 1890
1087 1812
1088 1899
1089 1966
1090 2034
1091 2777
1092 3371
1093 3028
1094 2250
1095 1755
1096 1838
1097 1784
1098 1838
1099 1701
1100 1755
1101 1781
1102 1805
1103 1770
1104 1684
1105 1690
1106 1746
1107 1656
1108 1721
1109 1683
1110 1724
1111 1742
1112 1760
1113 1758
1114 1655
1115 1682
1116 1706
1117 1653
1118 1699
1119 1759
1120 1759
1121 1688
1122 1817
1123 1771
1124 1815
1125 2167
1126 2360
1127 2291
1128 1984
1129 1807
1130 1798
1131 1823
1132 2127
1133 2705
1134 2942
1135 2408
1136 1988
1137 1723
1138 1715
1139 1850
1140 2023
1141 2557
1142 4503
1143 10630
1144 21872
1145 25486
1146 14903
1147 5471
1148 2483
1149 2088
1150 2128
1151 2324
1152 3833
1153 7953
1154 12574
1155 11645
1156 6270
1157 2754
1158 1818
1159 1742
1160 1660
1161 1625
1162 1612
1163 1683
1164 1666
1165 1603
1166 1596
1167 1574
1168 1595
1169 1609
1170 1589
1171 1606
1172 1610
1173 1626
1174 1603
1175 1783
1176 1871
1177 1753
1178 1489
1179 1525
1180 1414
1181 1479
1182 1487
1183 1482
1184 1502
1185 1501
1186 1383
1187 1442
1188 1447
1189 1420
1190 1491
1191 1460
1192 1391
1193 1386
1194 1367
1195 1419
1196 1387
1197 1404
1198 1413
1199 1396
1200 1454
1201 1444
1202 1495
1203 1513
1204 1573
1205 1716
1206 2019
1207 3461
1208 7038
1209 11572
1210 12071
1211 10844
1212 18411
1213 35863
1214 41157
1215 24926
1216 8450
1217 2875
1218 1921
1219 1695
1220 1609
1221 1650
1222 1525
1223 1523
1224 1481
1225 1399
1226 1386
1227 1362
1228 1349
1229 1374
1230 1283
1231 1352
1232 1272
1233 1330
1234 1264
1235 1341
1236 1302
1237 1272
1238 1235
1239 1284
1240 1299
1241 1276
1242 1544
1243 1853
1244 2069
1245 1820
1246 1404
1247 1234
1248 1142
1249 1233
1250 1189
1251 1198
1252 1166
1253 1101
1254 1228
1255 1169
1256 1265
1257 1165
1258 1098
1259 1091
1260 1147
1261 1111
1262 1086
1263 1133
1264 1145
1265 1138
1266 1119
1267 1181
1268 1127
1269 1109
1270 1068
1271 1072
1272 1118
1273 1061
1274 1069
1275 1040
1276 1068
1277 1043
1278 1033
1279 1026
1280 979
1281 1032
1282 1006
1283 961
1284 1039
1285 979
1286 946
1287 981
1288 966
1289 987
1290 1004
1291 963
1292 984
1293 976
1294 928
1295 897
1296 940
1297 908
1298 950
1299 981
1300 953
1301 1031
1302 977
1303 952
1304 988
1305 986
1306 923
1307 878
1308 897
1309 946
1310 903
1311 916
1312 914
1313 860
1314 932
1315 903
1316 881
1317 862
1318 936
1319 924
1320 914
1321 916
1322 905
1323 905
1324 854
1325 940
1326 1009
1327 996
1328 1147
1329 1743
1330 3164
1331 5633
1332 6668
1333 4808
1334 2326
1335 1324
1336 1128
1337 991
1338 898
1339 874
1340 842
1341 855
1342 861
1343 810
1344 849
1345 860
1346 770
1347 812
1348 810
1349 856
1350 816
1351 765
1352 771
1353 811
1354 818
1355 761
1356 789
1357 777
1358 816
1359 797
1360 832
1361 840
1362 808
1363 805
1364 753
1365 763
1366 847
1367 1033
1368 1305
1369 1373
1370 1203
1371 949
1372 774
1373 742
1374 713
1375 739
1376 744
1377 703
1378 767
1379 733
1380 756
1381 744
1382 755
1383 710
1384 659
1385 696
1386 695
1387 670
1388 662
1389 713
1390 687
1391 701
1392 699
1393 752
1394 713
1395 693
1396 651
1397 656
1398 661
1399 713
1400 615
1401 645
1402 663
1403 642
1404 617
1405 643
1406 614
1407 632
1408 633
1409 568
1410 575
1411 642
1412 629
1413 598
1414 566
1415 619
1416 619
1417 576
1418 611
1419 578
1420 581
1421 629
1422 580
1423 613
1424 631
1425 649
1426 614
1427 603
1428 573
1429 568
1430 537
1431 607
1432 575
1433 568
1434 619
1435 637
1436 811
1437 1073
1438 1282
1439 997
1440 735
1441 585
1442 548
1443 538
1444 536
1445 547
1446 499
1447 507
1448 552
1449 484
1450 502
1451 553
1452 500
1453 553
1454 566
1455 638
1456 666
1457 613
1458 568
1459 549
1460 489
1461 539
1462 505
1463 495
1464 526
1465 467
1466 493
1467 487
1468 474
1469 475
1470 458
1471 489
1472 491
1473 471
1474 543
1475 508
1476 548
1477 548
1478 523
1479 502
1480 508
1481 457
1482 479
1483 481
1484 434
1485 457
1486 450
1487 505
1488 505
1489 460
1490 477
1491 463
1492 450
1493 497
1494 478
1495 424
1496 468
1497 429
1498 459
1499 435
1500 480
1501 513
1502 493
1503 503
1504 513
1505 465
1506 460
1507 459
1508 479
1509 442
1510 469
1511 457
1512 426
1513 443
1514 470
1515 440
1516 452
1517 387
1518 417
1519 418
1520 466
1521 452
1522 469
1523 473
1524 449
1525 466
1526 464
1527 415
1528 465
1529 445
1530 426
1531 442
1532 440
1533 430
1534 422
1535 430
1536 402
1537 441
1538 448
1539 445
1540 461
1541 515
1542 502
1543 516
1544 523
1545 616
1546 757
1547 922
1548 1066
1549 877
1550 679
1551 533
1552 468
1553 524
1554 705
1555 817
1556 943
1557 844
1558 659
1559 513
1560 510
1561 551
1562 683
1563 920
1564 1785
1565 4292
1566 9431
1567 15069
1568 14411
1569 8341
1570 3053
1571 1015
1572 625
1573 549
1574 488
1575 475
1576 452
1577 454
1578 424
1579 411
1580 365
1581 417
1582 396
1583 400
1584 381
1585 376
1586 372
1587 375
1588 351
1589 346
1590 337
1591 364
1592 345
1593 393
1594 369
1595 357
1596 352
1597 333
1598 385
1599 365
1600 343
1601 348
1602 399
1603 378
1604 359
1605 364
1606 342
1607 357
1608 394
1609 336
1610 323
1611 344
1612 319
1613 318
1614 361
1615 340
1616 343
1617 336
1618 341
1619 354
1620 336
1621 322
1622 319
1623 338
1624 355
1625 340
1626 323
1627 329
1628 331
1629 376
1630 530
1631 662
1632 696
1633 589
1634 438
1635 326
1636 316
1637 322
1638 307
1639 307
1640 276
1641 320
1642 301
1643 310
1644 303
1645 314
1646 322
1647 329
1648 399
1649 419
1650 479
1651 466
1652 514
1653 645
1654 1360
1655 3124
1656 5843
1657 7273
1658 5576
1659 2837
1660 1031
1661 479
1662 400
1663 362
1664 401
1665 386
1666 359
1667 320
1668 421
1669 450
1670 508
1671 434
1672 380
1673 300
1674 290
1675 298
1676 255
1677 310
1678 284
1679 260
1680 285
1681 252
1682 248
1683 277
1684 251
1685 273
1686 287
1687 306
1688 302
1689 381
1690 463
1691 417
1692 361
1693 350
1694 282
1695 241
1696 253
1697 267
1698 247
1699 252
1700 249
1701 244
1702 262
1703 260
1704 260
1705 241
1706 258
1707 242
1708 277
1709 261
1710 287
1711 266
1712 261
1713 228
1714 262
1715 248
1716 245
1717 251
1718 246
1719 245
1720 223
1721 235
1722 227
1723 273
1724 291
1725 227
1726 244
1727 246
1728 231
1729 252
1730 222
1731 236
1732 263
1733 253
1734 296
1735 375
1736 348
1737 345
1738 388
1739 497
1740 958
1741 1954
1742 3521
1743 4256
1744 3350
1745 1713
1746 787
1747 482
1748 487
1749 625
1750 549
1751 451
1752 306
1753 254
1754 236
1755 239
1756 212
1757 220
1758 210
1759 240
1760 215
1761 255
1762 253
1763 232
1764 214
1765 212
1766 228
1767 245
1768 236
1769 205
1770 192
1771 194
1772 225
1773 194
1774 227
1775 224
1776 221
1777 200
1778 228
1779 227
1780 209
1781 204
1782 236
1783 216
1784 198
1785 228
1786 233
1787 219
1788 242
1789 259
1790 275
1791 227
1792 230
1793 191
1794 211
1795 218
1796 204
1797 217
1798 176
1799 241
1800 219
1801 200
1802 220
1803 228
1804 230
1805 244
1806 249
1807 283
1808 357
1809 579
1810 1060
1811 1709
1812 2175
1813 1665
1814 948
1815 458
1816 292
1817 283
1818 194
1819 206
1820 213
1821 181
1822 224
1823 178
1824 196
1825 184
1826 196
1827 201
1828 207
1829 205
1830 225
1831 189
1832 192
1833 217
1834 212
1835 173
1836 190
1837 216
1838 195
1839 245
1840 240
1841 204
1842 224
1843 222
1844 186
1845 210
1846 187
1847 204
1848 216
1849 217
1850 288
1851 293
1852 251
1853 240
1854 183
1855 202
1856 207
1857 192
1858 213
1859 179
1860 194
1861 245
1862 198
1863 192
1864 189
1865 189
1866 209
1867 212
1868 241
1869 217
1870 198
1871 174
1872 183
1873 175
1874 194
1875 178
1876 190
1877 188
1878 170
1879 168
1880 179
1881 163
1882 154
1883 187
1884 161
1885 147
1886 193
1887 184
1888 172
1889 185
1890 165
1891 164
1892 168
1893 173
1894 174
1895 176
1896 160
1897 167
1898 154
1899 163
1900 164
1901 165
1902 195
1903 185
1904 162
1905 181
1906 171
1907 150
1908 184
1909 159
1910 170
1911 167
1912 181
1913 150
1914 166
1915 158
1916 154
1917 146
1918 164
1919 143
1920 154
1921 181
1922 184
1923 163
1924 163
1925 166
1926 182
1927 235
1928 315
1929 441
1930 538
1931 466
1932 313
1933 222
1934 170
1935 159
1936 145
1937 180
1938 175
1939 163
1940 153
1941 147
1942 158
1943 139
1944 166
1945 172
1946 159
1947 151
1948 151
1949 133
1950 141
1951 157
1952 128
1953 113
1954 150
1955 144
1956 135
1957 136
1958 142
1959 165
1960 162
1961 142
1962 145
1963 155
1964 147
1965 159
1966 159
1967 185
1968 196
1969 229
1970 192
1971 186
1972 164
1973 144
1974 131
1975 111
1976 117
1977 149
1978 122
1979 128
1980 137
1981 182
1982 164
1983 137
1984 127
1985 133
1986 150
1987 162
1988 166
1989 152
1990 171
1991 131
1992 139
1993 127
1994 132
1995 151
1996 120
1997 145
1998 128
1999 121
2000 120
2001 123
2002 124
2003 148
2004 129
2005 120
2006 131
2007 154
2008 132
2009 148
2010 128
2011 138
2012 130
2013 121
2014 132
2015 138
2016 118
2017 144
2018 114
2019 124
2020 118
2021 124
2022 132
2023 106
2024 136
2025 116
2026 130
2027 127
2028 116
2029 106
2030 117
2031 143
2032 148
2033 124
2034 132
2035 139
2036 138
2037 139
2038 125
2039 123
2040 133
2041 135
2042 147
2043 152
2044 111
2045 127
2046 136
2047 137
2048 119
2049 123
2050 109
2051 124
2052 113
2053 102
2054 97
2055 113
2056 120
2057 106
2058 106
2059 124
2060 94
2061 100
2062 82
2063 99
2064 95
2065 88
2066 91
2067 84
2068 111
2069 95
2070 89
2071 102
2072 104
2073 103
2074 114
2075 128
2076 136
2077 120
2078 158
2079 143
2080 105
2081 95
2082 94
2083 95
2084 102
2085 104
2086 98
2087 94
2088 108
2089 90
2090 112
2091 87
2092 102
2093 93
2094 89
2095 113
2096 88
2097 103
2098 105
2099 108
2100 112
2101 119
2102 112
2103 164
2104 173
2105 141
2106 137
2107 98
2108 89
2109 95
2110 90
2111 82
2112 92
2113 105
2114 65
2115 95
2116 88
2117 96
2118 81
2119 83
2120 95
2121 84
2122 73
2123 95
2124 83
2125 103
2126 73
2127 89
2128 72
2129 72
2130 81
2131 93
2132 100
2133 102
2134 89
2135 88
2136 87
2137 82
2138 100
2139 80
2140 79
2141 93
2142 69
2143 77
2144 82
2145 89
2146 102
2147 78
2148 80
2149 91
2150 85
2151 93
2152 77
2153 96
2154 95
2155 97
2156 91
2157 91
2158 71
2159 85
2160 75
2161 91
2162 74
2163 85
2164 80
2165 73
2166 92
2167 87
2168 103
2169 80
2170 83
2171 72
2172 100
2173 81
2174 94
2175 75
2176 80
2177 80
2178 77
2179 65
2180 78
2181 68
2182 68
2183 79
2184 63
2185 76
2186 62
2187 74
2188 88
2189 82
2190 83
2191 91
2192 71
2193 71
2194 77
2195 65
2196 81
2197 76
2198 75
2199 64
2200 86
2201 84
2202 89
2203 97
2204 87
2205 94
2206 82
2207 72
2208 67
2209 73
2210 75
2211 81
2212 64
2213 68
2214 65
2215 54
2216 61
2217 66
2218 76
2219 84
2220 66
2221 67
2222 66
2223 82
2224 89
2225 69
2226 65
2227 77
2228 70
2229 70
2230 86
2231 85
2232 71
2233 67
2234 68
2235 74
2236 72
2237 83
2238 58
2239 68
2240 56
2241 75
2242 64
2243 57
2244 70
2245 58
2246 100
2247 64
2248 71
2249 79
2250 48
2251 63
2252 73
2253 66
2254 62
2255 66
2256 72
2257 73
2258 76
2259 72
2260 62
2261 81
2262 75
2263 77
2264 75
2265 75
2266 73
2267 64
2268 69
2269 57
2270 61
2271 72
2272 68
2273 72
2274 68
2275 64
2276 74
2277 103
2278 115
2279 148
2280 137
2281 98
2282 102
2283 70
2284 63
2285 78
2286 60
2287 61
2288 79
2289 65
2290 79
2291 74
2292 77
2293 74
2294 68
2295 100
2296 158
2297 257
2298 411
2299 586
2300 573
2301 408
2302 254
2303 132
2304 94
2305 68
2306 70
2307 75
2308 82
2309 72
2310 76
2311 84
2312 82
2313 63
2314 70
2315 69
2316 65
2317 62
2318 65
2319 74
2320 66
2321 59
2322 62
2323 64
2324 53
2325 60
2326 73
2327 62
2328 72
2329 62
2330 59
2331 73
2332 65
2333 62
2334 84
2335 102
2336 116
2337 103
2338 100
2339 88
2340 118
2341 155
2342 208
2343 233
2344 207
2345 184
2346 150
2347 207
2348 228
2349 218
2350 150
2351 108
2352 86
2353 76
2354 78
2355 68
2356 77
2357 74
2358 83
2359 90
2360 97
2361 102
2362 94
2363 101
2364 151
2365 223
2366 401
2367 654
2368 830
2369 896
2370 591
2371 295
2372 161
2373 99
2374 64
2375 70
2376 58
2377 67
2378 64
2379 74
2380 59
2381 68
2382 70
2383 43
2384 64
2385 69
2386 60
2387 65
2388 56
2389 70
2390 53
2391 54
2392 61
2393 66
2394 78
2395 55
2396 52
2397 57
2398 52
2399 63
2400 69
2401 64
2402 56
2403 58
2404 65
2405 65
2406 50
2407 43
2408 59
2409 67
2410 59
2411 62
2412 69
2413 63
2414 52
2415 64
2416 54
2417 62
2418 56
2419 72
2420 76
2421 93
2422 85
2423 121
2424 97
2425 95
2426 103
2427 93
2428 126
2429 120
2430 98
2431 91
2432 61
2433 63
2434 58
2435 52
2436 59
2437 51
2438 58
2439 53
2440 39
2441 56
2442 54
2443 62
2444 62
2445 62
2446 58
2447 48
2448 63
2449 54
2450 53
2451 53
2452 55
2453 40
2454 53
2455 60
2456 54
2457 55
2458 49
2459 40
2460 69
2461 57
2462 61
2463 65
2464 85
2465 120
2466 140
2467 120
2468 93
2469 90
2470 58
2471 45
2472 51
2473 47
2474 55
2475 47
2476 49
2477 69
2478 55
2479 48
2480 50
2481 48
2482 47
2483 54
2484 55
2485 61
2486 44
2487 55
2488 48
2489 56
2490 43
2491 57
2492 51
2493 42
2494 56
2495 47
2496 57
2497 51
2498 46
2499 35
2500 74
2501 57
2502 55
2503 55
2504 68
2505 56
2506 49
2507 41
2508 54
2509 45
2510 47
2511 57
2512 57
2513 41
2514 46
2515 59
2516 55
2517 50
2518 50
2519 39
2520 49
2521 48
2522 44
2523 35
2524 41
2525 45
2526 61
2527 53
2528 61
2529 46
2530 42
2531 50
2532 54
2533 45
2534 51
2535 47
2536 58
2537 65
2538 40
2539 42
2540 55
2541 40
2542 47
2543 48
2544 43
2545 59
2546 54
2547 56
2548 50
2549 43
2550 50
2551 45
2552 50
2553 45
2554 57
2555 46
2556 48
2557 55
2558 47
2559 55
2560 55
2561 50
2562 49
2563 40
2564 50
2565 56
2566 48
2567 50
2568 48
2569 40
2570 47
2571 45
2572 48
2573 61
2574 54
2575 46
2576 51
2577 50
2578 41
2579 56
2580 57
2581 53
2582 38
2583 50
2584 73
2585 53
2586 58
2587 44
2588 42
2589 43
2590 57
2591 55
2592 49
2593 54
2594 55
2595 53
2596 56
2597 95
2598 102
2599 93
2600 74
2601 57
2602 54
2603 58
2604 54
2605 46
2606 44
2607 45
2608 50
2609 46
2610 58
2611 51
2612 39
2613 51
2614 40
2615 50
2616 47
2617 43
2618 37
2619 50
2620 54
2621 43
2622 54
2623 53
2624 44
2625 46
2626 58
2627 44
2628 39
2629 44
2630 45
2631 55
2632 54
2633 46
2634 43
2635 50
2636 52
2637 52
2638 52
2639 62
2640 56
2641 58
2642 73
2643 62
2644 53
2645 58
2646 47
2647 34
2648 44
2649 49
2650 46
2651 42
2652 50
2653 41
2654 54
2655 45
2656 42
2657 23
2658 35
2659 54
2660 45
2661 49
2662 44
2663 38
2664 48
2665 47
2666 49
2667 45
2668 38
2669 61
2670 48
2671 53
2672 42
2673 49
2674 53
2675 50
2676 42
2677 48
2678 48
2679 40
2680 52
2681 52
2682 48
2683 41
2684 45
2685 47
2686 45
2687 44
2688 59
2689 51
2690 43
2691 40
2692 44
2693 53
2694 47
2695 39
2696 36
2697 50
2698 39
2699 40
2700 49
2701 55
2702 35
2703 49
2704 50
2705 51
2706 49
2707 42
2708 41
2709 35
2710 36
2711 37
2712 39
2713 35
2714 36
2715 43
2716 38
2717 45
2718 42
2719 42
2720 39
2721 30
2722 42
2723 43
2724 48
2725 45
2726 45
2727 45
2728 43
2729 29
2730 54
2731 32
2732 38
2733 41
2734 33
2735 41
2736 45
2737 47
2738 33
2739 40
2740 44
2741 38
2742 46
2743 36
2744 47
2745 41
2746 33
2747 34
2748 46
2749 48
2750 30
2751 24
2752 46
2753 35
2754 40
2755 35
2756 38
2757 30
2758 45
2759 36
2760 38
2761 40
2762 46
2763 27
2764 38
2765 29
2766 33
2767 39
2768 31
2769 37
2770 32
2771 31
2772 35
2773 36
2774 37
2775 36
2776 38
2777 36
2778 29
2779 32
2780 22
2781 33
2782 30
2783 41
2784 34
2785 25
2786 41
2787 47
2788 33
2789 30
2790 35
2791 33
2792 32
2793 46
2794 46
2795 34
2796 32
2797 31
2798 29
2799 28
2800 32
2801 27
2802 30
2803 27
2804 25
2805 39
2806 29
2807 31
2808 40
2809 34
2810 25
2811 28
2812 33
2813 24
2814 31
2815 34
2816 28
2817 34
2818 30
2819 34
2820 20
2821 33
2822 18
2823 28
2824 28
2825 15
2826 34
2827 28
2828 31
2829 33
2830 19
2831 24
2832 37
2833 30
2834 19
2835 28
2836 30
2837 37
2838 22
2839 32
2840 24
2841 34
2842 31
2843 33
2844 31
2845 42
2846 49
2847 70
2848 55
2849 64
2850 83
2851 66
2852 49
2853 24
2854 24
2855 31
2856 33
2857 25
2858 28
2859 29
2860 27
2861 26
2862 34
2863 29
2864 35
2865 25
2866 35
2867 23
2868 29
2869 40
2870 25
2871 31
2872 29
2873 25
2874 32
2875 31
2876 51
2877 38
2878 49
2879 54
2880 47
2881 47
2882 37
2883 32
2884 26
2885 22
2886 31
2887 21
2888 34
2889 24
2890 25
2891 24
2892 23
2893 32
2894 28
2895 30
2896 19
2897 30
2898 34
2899 31
2900 32
2901 31
2902 23
2903 18
2904 28
2905 19
2906 28
2907 22
2908 28
2909 25
2910 24
2911 21
2912 33
2913 29
2914 26
2915 23
2916 24
2917 21
2918 22
2919 23
2920 24
2921 22
2922 20
2923 21
2924 14
2925 19
2926 23
2927 32
2928 31
2929 44
2930 48
2931 63
2932 99
2933 134
2934 143
2935 146
2936 105
2937 56
2938 40
2939 29
2940 28
2941 24
2942 19
2943 9
2944 17
2945 22
2946 17
2947 22
2948 26
2949 23
2950 21
2951 25
2952 22
2953 18
2954 27
2955 27
2956 20
2957 13
2958 23
2959 27
2960 32
2961 25
2962 30
2963 24
2964 37
2965 39
2966 47
2967 55
2968 55
2969 50
2970 27
2971 29
2972 23
2973 25
2974 17
2975 30
2976 15
2977 26
2978 29
2979 21
2980 15
2981 25
2982 19
2983 18
2984 23
2985 17
2986 21
2987 19
2988 27
2989 22
2990 37
2991 32
2992 28
2993 22
2994 31
2995 30
2996 22
2997 23
2998 27
2999 37
3000 40
3001 45
3002 57
3003 45
3004 47
3005 34
3006 33
3007 18
3008 23
3009 24
3010 20
3011 16
3012 17
3013 21
3014 16
3015 20
3016 15
3017 12
3018 23
3019 21
3020 20
3021 13
3022 16
3023 22
3024 12
3025 20
3026 21
3027 19
3028 22
3029 26
3030 19
3031 22
3032 17
3033 16
3034 13
3035 19
3036 22
3037 13
3038 15
3039 27
3040 20
3041 15
3042 19
3043 15
3044 16
3045 9
3046 14
3047 12
3048 17
3049 20
3050 20
3051 20
3052 23
3053 19
3054 16
3055 18
3056 20
3057 17
3058 20
3059 20
3060 15
3061 25
3062 29
3063 28
3064 33
3065 26
3066 28
3067 19
3068 20
3069 16
3070 12
3071 13
3072 13
3073 14
3074 22
3075 13
3076 15
3077 10
3078 18
3079 16
3080 25
3081 15
3082 24
3083 14
3084 14
3085 16
3086 11
3087 12
3088 18
3089 14
3090 22
3091 14
3092 16
3093 16
3094 15
3095 16
3096 17
3097 19
3098 27
3099 13
3100 23
3101 26
3102 21
3103 20
3104 16
3105 25
3106 38
3107 52
3108 61
3109 73
3110 106
3111 117
3112 78
3113 73
3114 30
3115 37
3116 23
3117 35
3118 38
3119 33
3120 54
3121 62
3122 64
3123 38
3124 36
3125 23
3126 15
3127 12
3128 14
3129 18
3130 21
3131 11
3132 17
3133 11
3134 18
3135 13
3136 12
3137 15
3138 17
3139 12
3140 16
3141 20
3142 16
3143 13
3144 13
3145 20
3146 20
3147 13
3148 18
3149 19
3150 20
3151 20
3152 13
3153 14
3154 14
3155 12
3156 9
3157 17
3158 18
3159 9
3160 23
3161 11
3162 16
3163 13
3164 16
3165 16
3166 19
3167 21
3168 19
3169 29
3170 26
3171 37
3172 33
3173 24
3174 14
3175 17
3176 12
3177 22
3178 16
3179 18
3180 29
3181 18
3182 16
3183 17
3184 30
3185 39
3186 38
3187 54
3188 73
3189 153
3190 278
3191 430
3192 545
3193 575
3194 528
3195 312
3196 170
3197 73
3198 30
3199 29
3200 29
3201 22
3202 22
3203 12
3204 23
3205 11
3206 20
3207 16
3208 20
3209 15
3210 13
3211 15
3212 14
3213 16
3214 14
3215 13
3216 14
3217 16
3218 15
3219 12
3220 14
3221 14
3222 13
3223 12
3224 15
3225 15
3226 9
3227 14
3228 14
3229 12
3230 11
3231 14
3232 10
3233 11
3234 21
3235 10
3236 10
3237 15
3238 16
3239 7
3240 10
3241 14
3242 8
3243 17
3244 14
3245 19
3246 10
3247 12
3248 10
3249 15
3250 9
3251 8
3252 8
3253 15
3254 14
3255 11
3256 11
3257 9
3258 5
3259 10
3260 12
3261 9
3262 12
3263 12
3264 19
3265 6
3266 12
3267 17
3268 11
3269 14
3270 21
3271 19
3272 10
3273 11
3274 7
3275 9
3276 12
3277 5
3278 13
3279 11
3280 9
3281 9
3282 9
3283 14
3284 9
3285 11
3286 8
3287 8
3288 7
3289 12
3290 9
3291 9
3292 10
3293 5
3294 14
3295 7
3296 9
3297 15
3298 14
3299 7
3300 12
3301 10
3302 8
3303 9
3304 12
3305 13
3306 9
3307 9
3308 14
3309 6
3310 6
3311 9
3312 7
3313 12
3314 10
3315 9
3316 9
3317 9
3318 12
3319 8
3320 14
3321 13
3322 15
3323 6
3324 12
3325 11
3326 13
3327 8
3328 11
3329 15
3330 8
3331 10
3332 8
3333 9
3334 11
3335 8
3336 6
3337 8
3338 7
3339 9
3340 6
3341 11
3342 12
3343 13
3344 14
3345 16
3346 8
3347 3
3348 8
3349 9
3350 8
3351 11
3352 8
3353 9
3354 10
3355 12
3356 10
3357 9
3358 5
3359 9
3360 12
3361 5
3362 10
3363 3
3364 5
3365 8
3366 12
3367 9
3368 11
3369 9
3370 5
3371 5
3372 7
3373 5
3374 9
3375 7
3376 10
3377 8
3378 8
3379 9
3380 14
3381 9
3382 9
3383 10
3384 6
3385 11
3386 10
3387 10
3388 10
3389 15
3390 8
3391 12
3392 7
3393 8
3394 9
3395 6
3396 4
3397 9
3398 9
3399 12
3400 7
3401 3
3402 10
3403 6
3404 12
3405 4
3406 7
3407 9
3408 9
3409 10
3410 16
3411 12
3412 14
3413 6
3414 7
3415 14
3416 7
3417 10
3418 2
3419 8
3420 10
3421 8
3422 7
3423 9
3424 8
3425 11
3426 16
3427 6
3428 8
3429 12
3430 11
3431 12
3432 10
3433 8
3434 11
3435 9
3436 12
3437 9
3438 11
3439 9
3440 9
3441 6
3442 12
3443 7
3444 11
3445 9
3446 7
3447 6
3448 14
3449 8
3450 9
3451 2
3452 8
3453 8
3454 10
3455 11
3456 8
3457 7
3458 15
3459 12
3460 22
3461 39
3462 33
3463 43
3464 56
3465 57
3466 38
3467 36
3468 27
3469 12
3470 14
3471 7
3472 11
3473 6
3474 8
3475 7
3476 9
3477 9
3478 10
3479 4
3480 5
3481 10
3482 8
3483 8
3484 7
3485 9
3486 4
3487 5
3488 8
3489 3
3490 5
3491 3
3492 10
3493 5
3494 9
3495 10
3496 9
3497 8
3498 6
3499 5
3500 5
3501 7
3502 5
3503 10
3504 7
3505 3
3506 7
3507 2
3508 6
3509 6
3510 6
3511 6
3512 11
3513 10
3514 5
3515 6
3516 9
3517 6
3518 4
3519 11
3520 4
3521 6
3522 7
3523 6
3524 10
3525 10
3526 8
3527 13
3528 7
3529 16
3530 22
3531 28
3532 45
3533 38
3534 54
3535 55
3536 39
3537 31
3538 27
3539 21
3540 10
3541 11
3542 11
3543 12
3544 6
3545 10
3546 6
3547 8
3548 18
3549 20
3550 12
3551 14
3552 11
3553 6
3554 4
3555 10
3556 6
3557 8
3558 4
3559 6
3560 7
3561 9
3562 8
3563 12
3564 5
3565 12
3566 8
3567 5
3568 10
3569 3
3570 10
3571 5
3572 5
3573 8
3574 9
3575 9
3576 7
3577 7
3578 8
3579 6
3580 5
3581 6
3582 8
3583 9
3584 5
3585 11
3586 7
3587 5
3588 11
3589 8
3590 5
3591 6
3592 4
3593 7
3594 15
3595 13
3596 12
3597 10
3598 9
3599 10
3600 6
3601 2
3602 5
3603 9
3604 8
3605 7
3606 8
3607 8
3608 3
3609 7
3610 11
3611 2
3612 8
3613 5
3614 6
3615 3
3616 3
3617 11
3618 4
3619 4
3620 3
3621 5
3622 9
3623 10
3624 6
3625 7
3626 6
3627 6
3628 3
3629 10
3630 5
3631 5
3632 3
3633 8
3634 5
3635 6
3636 4
3637 4
3638 4
3639 7
3640 4
3641 2
3642 7
3643 7
3644 1
3645 5
3646 7
3647 6
3648 5
3649 3
3650 5
3651 4
3652 6
3653 3
3654 6
3655 3
3656 6
3657 3
3658 3
3659 7
3660 4
3661 4
3662 9
3663 3
3664 8
3665 5
3666 4
3667 7
3668 4
3669 6
3670 2
3671 8
3672 4
3673 3
3674 6
3675 5
3676 7
3677 3
3678 2
3679 2
3680 1
3681 7
3682 4
3683 4
3684 3
3685 5
3686 6
3687 4
3688 4
3689 4
3690 3
3691 5
3692 3
3693 1
3694 5
3695 5
3696 0
3697 6
3698 6
3699 5
3700 5
3701 6
3702 7
3703 3
3704 5
3705 11
3706 7
3707 5
3708 6
3709 7
3710 7
3711 5
3712 3
3713 4
3714 4
3715 3
3716 4
3717 4
3718 3
3719 3
3720 5
3721 4
3722 8
3723 5
3724 4
3725 5
3726 2
3727 0
3728 4
3729 3
3730 1
3731 4
3732 6
3733 4
3734 2
3735 5
3736 8
3737 6
3738 6
3739 6
3740 4
3741 4
3742 3
3743 6
3744 4
3745 1
3746 5
3747 3
3748 6
3749 5
3750 3
3751 4
3752 2
3753 7
3754 6
3755 4
3756 5
3757 4
3758 4
3759 3
3760 3
3761 8
3762 3
3763 6
3764 4
3765 6
3766 5
3767 3
3768 2
3769 2
3770 5
3771 4
3772 3
3773 5
3774 9
3775 4
3776 2
3777 10
3778 3
3779 5
3780 4
3781 5
3782 0
3783 4
3784 3
3785 4
3786 5
3787 4
3788 8
3789 3
3790 4
3791 6
3792 3
3793 4
3794 1
3795 6
3796 1
3797 2
3798 5
3799 4
3800 3
3801 1
3802 2
3803 3
3804 3
3805 1
3806 7
3807 3
3808 6
3809 3
3810 4
3811 4
3812 4
3813 4
3814 1
3815 4
3816 3
3817 3
3818 2
3819 4
3820 4
3821 7
3822 3
3823 4
3824 7
3825 4
3826 4
3827 3
3828 2
3829 4
3830 4
3831 4
3832 4
3833 3
3834 1
3835 1
3836 4
3837 5
3838 2
3839 7
3840 1
3841 3
3842 4
3843 4
3844 3
3845 4
3846 6
3847 2
3848 4
3849 5
3850 4
3851 2
3852 4
3853 5
3854 3
3855 6
3856 4
3857 4
3858 3
3859 4
3860 4
3861 5
3862 3
3863 5
3864 4
3865 7
3866 8
3867 6
3868 2
3869 1
3870 4
3871 3
3872 3
3873 4
3874 9
3875 2
3876 4
3877 1
3878 3
3879 2
3880 0
3881 4
3882 4
3883 5
3884 4
3885 7
3886 2
3887 7
3888 1
3889 5
3890 1
3891 3
3892 2
3893 4
3894 3
3895 1
3896 1
3897 4
3898 3
3899 6
3900 3
3901 1
3902 3
3903 2
3904 2
3905 1
3906 4
3907 1
3908 7
3909 5
3910 3
3911 7
3912 2
3913 5
3914 3
3915 4
3916 6
3917 9
3918 13
3919 19
3920 18
3921 15
3922 15
3923 11
3924 3
3925 6
3926 6
3927 2
3928 2
3929 3
3930 4
3931 4
3932 6
3933 5
3934 2
3935 1
3936 2
3937 1
3938 4
3939 2
3940 3
3941 2
3942 3
3943 5
3944 2
3945 5
3946 3
3947 5
3948 3
3949 0
3950 3
3951 3
3952 1
3953 2
3954 2
3955 4
3956 3
3957 4
3958 9
3959 3
3960 0
3961 0
3962 6
3963 4
3964 1
3965 4
3966 3
3967 2
3968 4
3969 2
3970 3
3971 3
3972 3
3973 5
3974 2
3975 0
3976 0
3977 2
3978 4
3979 3
3980 3
3981 4
3982 5
3983 6
3984 3
3985 5
3986 10
3987 5
3988 6
3989 18
3990 19
3991 9
3992 19
3993 5
3994 6
3995 7
3996 4
3997 1
3998 3
3999 3
4000 0
4001 1
4002 0
4003 3
4004 0
4005 2
4006 5
4007 1
4008 7
4009 3
4010 6
4011 5
4012 7
4013 1
4014 3
4015 1
4016 2
4017 2
4018 4
4019 3
4020 5
4021 3
4022 5
4023 6
4024 0
4025 2
4026 2
4027 4
4028 2
4029 3
4030 2
4031 4
4032 5
4033 5
4034 3
4035 1
4036 6
4037 5
4038 4
4039 5
4040 1
4041 2
4042 2
4043 4
4044 1
4045 1
4046 1
4047 4
4048 6
4049 5
4050 0
4051 1
4052 2
4053 6
4054 9
4055 5
4056 4
4057 9
4058 7
4059 7
4060 8
4061 2
4062 9
4063 2
4064 5
4065 4
4066 2
4067 1
4068 0
4069 2
4070 2
4071 0
4072 4
4073 4
4074 4
4075 6
4076 5
4077 2
4078 4
4079 3
4080 4
4081 6
4082 2
4083 1
4084 1
4085 1
4086 3
4087 0
4088 2
4089 2
4090 3
4091 5
4092 2
4093 3
4094 4
4095 4
End
