ASCII channel-by-channel listing for 290_034.18
1139 - 57 - 658 started 2018-10-17 12:17:08.0 on counter 76
Generated Oct 17 2018 17.03.03, CRNG database/web system
Channel Data
0 300
1 338
2 0
3 0
4 0
5 0
6 0
7 0
8 0
9 0
10 0
11 0
12 0
13 0
14 0
15 0
16 0
17 0
18 0
19 0
20 0
21 0
22 0
23 0
24 0
25 0
26 0
27 0
28 0
29 0
30 0
31 0
32 0
33 0
34 0
35 0
36 0
37 0
38 0
39 0
40 0
41 0
42 0
43 0
44 0
45 0
46 0
47 0
48 0
49 0
50 0
51 0
52 0
53 0
54 0
55 0
56 0
57 0
58 0
59 0
60 0
61 0
62 0
63 0
64 0
65 0
66 0
67 0
68 0
69 0
70 0
71 0
72 0
73 0
74 0
75 0
76 0
77 0
78 0
79 0
80 27
81 221
82 918
83 2832
84 14474
85 22934
86 22786
87 22887
88 22677
89 22864
90 22493
91 22495
92 22222
93 22110
94 22093
95 22127
96 22024
97 21941
98 21917
99 21810
100 22058
101 21751
102 21546
103 21532
104 21334
105 21369
106 21155
107 21296
108 21197
109 20949
110 20935
111 20873
112 20875
113 21178
114 20846
115 20559
116 21046
117 20602
118 21095
119 20862
120 20516
121 20733
122 20534
123 20434
124 20405
125 20473
126 20435
127 20543
128 20665
129 20570
130 20655
131 20776
132 20416
133 20564
134 20592
135 20486
136 20741
137 20406
138 20579
139 20881
140 20441
141 20752
142 20698
143 20631
144 21022
145 21553
146 22179
147 21367
148 20803
149 21879
150 23460
151 22068
152 20903
153 20711
154 20750
155 21055
156 21063
157 20759
158 20933
159 21192
160 21270
161 21102
162 21562
163 21730
164 21788
165 22161
166 21986
167 21839
168 22465
169 23169
170 23653
171 23013
172 22996
173 24983
174 28852
175 25911
176 24591
177 29661
178 30326
179 23990
180 23357
181 23582
182 23648
183 24162
184 23680
185 23970
186 24132
187 24166
188 24091
189 24404
190 24599
191 24974
192 24804
193 25045
194 25277
195 25710
196 25404
197 25634
198 25993
199 26316
200 26490
201 26701
202 26520
203 27030
204 26853
205 27084
206 27599
207 27321
208 27682
209 27946
210 27916
211 28188
212 28498
213 28708
214 28869
215 28890
216 29201
217 29284
218 29509
219 29301
220 29639
221 29652
222 29658
223 30171
224 30015
225 30565
226 30511
227 30612
228 31184
229 31226
230 31396
231 31721
232 32084
233 32190
234 32349
235 34729
236 39282
237 37522
238 41569
239 57208
240 47476
241 34319
242 33135
243 33200
244 33297
245 33227
246 32930
247 33129
248 33455
249 33229
250 33195
251 33300
252 33351
253 33337
254 33729
255 33787
256 33570
257 33879
258 34052
259 34374
260 35169
261 35956
262 36367
263 36743
264 36981
265 37751
266 39137
267 37859
268 36927
269 37002
270 36714
271 36599
272 36805
273 36115
274 36120
275 36254
276 36118
277 36010
278 36331
279 36545
280 36223
281 36656
282 36052
283 35885
284 35642
285 35473
286 35751
287 35662
288 35186
289 34794
290 35403
291 34678
292 35095
293 34236
294 34230
295 34473
296 33959
297 33682
298 33994
299 33455
300 32964
301 33142
302 32902
303 32923
304 32835
305 32383
306 32203
307 32444
308 31595
309 32127
310 31975
311 31321
312 31814
313 31245
314 31077
315 31029
316 30762
317 30560
318 30546
319 30541
320 29976
321 30351
322 29991
323 29905
324 29749
325 29711
326 29685
327 28988
328 28813
329 28842
330 28710
331 28953
332 28952
333 28530
334 28638
335 28733
336 28112
337 28737
338 28962
339 29365
340 28920
341 28301
342 28344
343 28481
344 28471
345 27945
346 28810
347 28789
348 28397
349 28815
350 28581
351 28652
352 28396
353 28296
354 28394
355 28924
356 29902
357 29256
358 29122
359 29110
360 28458
361 28405
362 28437
363 28222
364 28440
365 28023
366 28121
367 28265
368 28127
369 27868
370 27937
371 27725
372 27586
373 27949
374 27617
375 27583
376 27203
377 26936
378 26681
379 26112
380 26530
381 26028
382 26172
383 25654
384 25560
385 25478
386 25225
387 25299
388 24865
389 24308
390 24870
391 24208
392 24240
393 23880
394 23708
395 23429
396 23586
397 23606
398 23155
399 23270
400 23206
401 23396
402 23166
403 22370
404 22176
405 21955
406 21754
407 21721
408 21844
409 21765
410 22560
411 29136
412 70778
413 138324
414 94255
415 32467
416 22211
417 20794
418 19959
419 19786
420 19497
421 19440
422 19071
423 18914
424 18355
425 18475
426 18176
427 17985
428 18103
429 17893
430 17567
431 17675
432 17356
433 17334
434 17365
435 17391
436 16987
437 16932
438 16724
439 16602
440 16435
441 16803
442 17429
443 16783
444 16337
445 16051
446 16263
447 16190
448 15826
449 15832
450 15768
451 15489
452 15323
453 15324
454 15279
455 15206
456 15242
457 14941
458 15024
459 15068
460 14849
461 14974
462 14674
463 14897
464 14514
465 14843
466 14470
467 14362
468 14280
469 14222
470 14294
471 14328
472 14321
473 14307
474 14164
475 14259
476 13926
477 14213
478 13955
479 13880
480 14374
481 13839
482 13968
483 13707
484 13855
485 13996
486 13915
487 13912
488 13598
489 13552
490 13827
491 13888
492 13807
493 13783
494 13608
495 13531
496 13601
497 13786
498 13585
499 13731
500 13518
501 13635
502 13455
503 13657
504 13582
505 13647
506 13840
507 16196
508 25365
509 28662
510 19469
511 14397
512 13642
513 13663
514 13752
515 13437
516 13355
517 13331
518 13418
519 13683
520 13423
521 13704
522 13589
523 13838
524 14152
525 14419
526 14820
527 16215
528 20435
529 47591
530 201078
531 464960
532 351922
533 92140
534 26057
535 23816
536 23810
537 18128
538 14995
539 13784
540 13340
541 13164
542 12684
543 12736
544 12787
545 12433
546 12267
547 12106
548 12192
549 12101
550 12378
551 13318
552 15008
553 13918
554 12334
555 11911
556 11853
557 11832
558 11475
559 11495
560 11267
561 11237
562 11327
563 11392
564 11212
565 11051
566 11165
567 10990
568 10985
569 11159
570 10860
571 10936
572 11029
573 11120
574 10931
575 11027
576 10933
577 10574
578 11057
579 10997
580 10694
581 10728
582 10953
583 10806
584 10559
585 10635
586 10664
587 10561
588 10794
589 10728
590 10642
591 10756
592 10834
593 10897
594 10946
595 11370
596 12362
597 15376
598 32200
599 108798
600 230364
601 179194
602 53738
603 16973
604 12852
605 11789
606 11342
607 10850
608 10971
609 11127
610 10620
611 10081
612 9881
613 9995
614 9975
615 9746
616 9491
617 9497
618 9447
619 9715
620 9547
621 9361
622 9536
623 9303
624 9208
625 9191
626 9332
627 9270
628 9081
629 9022
630 8884
631 8958
632 8840
633 8879
634 8780
635 8925
636 8816
637 9033
638 9166
639 8602
640 8749
641 8530
642 8524
643 8608
644 8648
645 8534
646 8665
647 8278
648 8496
649 8483
650 8428
651 8320
652 8548
653 8509
654 8334
655 8126
656 8666
657 9348
658 9459
659 8601
660 8293
661 8138
662 8273
663 8025
664 7973
665 8051
666 7866
667 8030
668 7931
669 8024
670 8050
671 8041
672 7875
673 7932
674 7862
675 7750
676 7679
677 7532
678 7641
679 7649
680 7467
681 7573
682 7297
683 7416
684 7490
685 7676
686 7879
687 7807
688 7309
689 7213
690 7070
691 7020
692 7116
693 6937
694 6926
695 7007
696 6685
697 6705
698 6619
699 6702
700 6630
701 6448
702 6671
703 6565
704 6354
705 6592
706 6341
707 6408
708 6426
709 6299
710 6473
711 6372
712 6357
713 6186
714 6166
715 6171
716 6140
717 6066
718 6343
719 6039
720 6092
721 6107
722 6123
723 6046
724 6202
725 6019
726 6224
727 6016
728 5990
729 5967
730 6086
731 5994
732 6015
733 6162
734 6199
735 6045
736 6019
737 5888
738 5997
739 5818
740 5885
741 5876
742 5870
743 5871
744 5734
745 5837
746 5787
747 5692
748 5847
749 5890
750 5745
751 5734
752 5764
753 5632
754 5759
755 5770
756 5682
757 6153
758 8224
759 13320
760 15472
761 10259
762 6553
763 5876
764 5723
765 5684
766 5506
767 5690
768 5501
769 5508
770 5498
771 5612
772 5461
773 5617
774 6462
775 8124
776 9220
777 7228
778 5901
779 5567
780 5419
781 5288
782 5268
783 5239
784 5296
785 5334
786 5187
787 5411
788 5201
789 5101
790 5291
791 5152
792 5117
793 5243
794 5340
795 6437
796 7885
797 7203
798 5835
799 6059
800 6708
801 6151
802 5127
803 4941
804 4717
805 4799
806 4754
807 4691
808 4599
809 4522
810 4704
811 4634
812 4523
813 4639
814 4548
815 4635
816 4624
817 4599
818 4561
819 4541
820 4421
821 4512
822 4542
823 4595
824 4373
825 4403
826 4417
827 4440
828 4452
829 4258
830 4394
831 4447
832 4278
833 4354
834 4366
835 4320
836 4348
837 4371
838 4284
839 4354
840 4197
841 4128
842 4164
843 4168
844 4181
845 4099
846 4152
847 4172
848 4148
849 4008
850 4023
851 3996
852 3925
853 3907
854 3957
855 3853
856 3800
857 3749
858 3624
859 3797
860 3684
861 3649
862 3615
863 3534
864 3608
865 3761
866 3734
867 3634
868 3605
869 3506
870 3473
871 3453
872 3497
873 3547
874 3564
875 3420
876 3349
877 3287
878 3216
879 3298
880 3334
881 3340
882 3344
883 3257
884 3256
885 3263
886 3187
887 3258
888 3233
889 3227
890 3129
891 3272
892 3350
893 3801
894 4604
895 4475
896 3700
897 3312
898 3137
899 3137
900 3024
901 3073
902 3032
903 3053
904 3027
905 2971
906 3031
907 2925
908 3017
909 2996
910 3044
911 2915
912 2969
913 3018
914 2961
915 3067
916 2988
917 3232
918 3669
919 3262
920 3104
921 2872
922 2846
923 2929
924 2841
925 2926
926 2891
927 2842
928 2893
929 3046
930 3203
931 3410
932 3089
933 2865
934 2743
935 2854
936 2743
937 2783
938 2771
939 2795
940 2782
941 2712
942 2745
943 2780
944 2721
945 2692
946 2754
947 2783
948 2665
949 2647
950 2752
951 2709
952 2618
953 2643
954 2832
955 2933
956 2925
957 2807
958 2936
959 4096
960 7136
961 10637
962 9108
963 4899
964 3432
965 4190
966 7935
967 11839
968 10066
969 5757
970 4030
971 3503
972 3179
973 3668
974 4186
975 3809
976 2910
977 2490
978 2467
979 2426
980 2536
981 2520
982 2509
983 2461
984 2350
985 2450
986 2463
987 2410
988 2460
989 2495
990 2571
991 2504
992 2396
993 2437
994 2372
995 2475
996 2408
997 2354
998 2380
999 2402
1000 2412
1001 2370
1002 2449
1003 2309
1004 2415
1005 2396
1006 2386
1007 2427
1008 2394
1009 2480
1010 2562
1011 2841
1012 3035
1013 2963
1014 2988
1015 3462
1016 4401
1017 5915
1018 9498
1019 14958
1020 21561
1021 27688
1022 30208
1023 28216
1024 22537
1025 15698
1026 9695
1027 6271
1028 4577
1029 3589
1030 3270
1031 3287
1032 3766
1033 5295
1034 13594
1035 37179
1036 63668
1037 52540
1038 21353
1039 6382
1040 3468
1041 2985
1042 2698
1043 2641
1044 2613
1045 2400
1046 2399
1047 2252
1048 2406
1049 2366
1050 2251
1051 2234
1052 2310
1053 2185
1054 2253
1055 2417
1056 2595
1057 2705
1058 2465
1059 2228
1060 2212
1061 2234
1062 2157
1063 2145
1064 2034
1065 2015
1066 1968
1067 2017
1068 1990
1069 1930
1070 1908
1071 2044
1072 2013
1073 2008
1074 2002
1075 1985
1076 1948
1077 1985
1078 1903
1079 1938
1080 1936
1081 1940
1082 1983
1083 1939
1084 1945
1085 1954
1086 1989
1087 2006
1088 1978
1089 2129
1090 2449
1091 3495
1092 4642
1093 4209
1094 2807
1095 2043
1096 1964
1097 1938
1098 1995
1099 1995
1100 1932
1101 1929
1102 1951
1103 1949
1104 1891
1105 1896
1106 1953
1107 1934
1108 1899
1109 1934
1110 1756
1111 1884
1112 1904
1113 1894
1114 1983
1115 1918
1116 1915
1117 1908
1118 1965
1119 1992
1120 1993
1121 1890
1122 2062
1123 2039
1124 2200
1125 2480
1126 2541
1127 2368
1128 2219
1129 2042
1130 2056
1131 2202
1132 2761
1133 3645
1134 4045
1135 3376
1136 2452
1137 2113
1138 2134
1139 2287
1140 2487
1141 3254
1142 6565
1143 17100
1144 35193
1145 41040
1146 24343
1147 8471
1148 3474
1149 2819
1150 2736
1151 3206
1152 5671
1153 12519
1154 20488
1155 18555
1156 9501
1157 3735
1158 2427
1159 2242
1160 2140
1161 2156
1162 2114
1163 1939
1164 1954
1165 1926
1166 1941
1167 1881
1168 1952
1169 1824
1170 1861
1171 1838
1172 1828
1173 1902
1174 1982
1175 2227
1176 2357
1177 2111
1178 1952
1179 1779
1180 1824
1181 1783
1182 1761
1183 1727
1184 1689
1185 1727
1186 1748
1187 1738
1188 1639
1189 1715
1190 1670
1191 1618
1192 1748
1193 1636
1194 1673
1195 1603
1196 1661
1197 1630
1198 1661
1199 1748
1200 1726
1201 1708
1202 1731
1203 1802
1204 1844
1205 2035
1206 2372
1207 3926
1208 7693
1209 12418
1210 12856
1211 13987
1212 29325
1213 58362
1214 67853
1215 40735
1216 13511
1217 4268
1218 2615
1219 2297
1220 2175
1221 2047
1222 2016
1223 1967
1224 1774
1225 1711
1226 1703
1227 1684
1228 1573
1229 1572
1230 1631
1231 1653
1232 1558
1233 1547
1234 1572
1235 1520
1236 1482
1237 1491
1238 1442
1239 1423
1240 1515
1241 1577
1242 1963
1243 2574
1244 2865
1245 2357
1246 1754
1247 1411
1248 1430
1249 1425
1250 1399
1251 1433
1252 1335
1253 1381
1254 1361
1255 1285
1256 1390
1257 1295
1258 1274
1259 1287
1260 1306
1261 1339
1262 1325
1263 1320
1264 1274
1265 1282
1266 1260
1267 1271
1268 1280
1269 1350
1270 1236
1271 1193
1272 1168
1273 1332
1274 1199
1275 1142
1276 1209
1277 1175
1278 1178
1279 1139
1280 1193
1281 1095
1282 1157
1283 1125
1284 1118
1285 1160
1286 1128
1287 1157
1288 1145
1289 1066
1290 1084
1291 1155
1292 1082
1293 1084
1294 1117
1295 1122
1296 1127
1297 1041
1298 1025
1299 1125
1300 1111
1301 1116
1302 1110
1303 1070
1304 1087
1305 1082
1306 1031
1307 1089
1308 1070
1309 1038
1310 1027
1311 1062
1312 1060
1313 1079
1314 999
1315 1067
1316 1046
1317 1054
1318 1017
1319 1054
1320 1076
1321 1017
1322 1016
1323 1062
1324 974
1325 1044
1326 1107
1327 1248
1328 1580
1329 2291
1330 4843
1331 9054
1332 10597
1333 7448
1334 3241
1335 1549
1336 1141
1337 1060
1338 1059
1339 981
1340 1007
1341 900
1342 987
1343 933
1344 985
1345 897
1346 948
1347 883
1348 932
1349 877
1350 867
1351 877
1352 895
1353 856
1354 859
1355 879
1356 853
1357 804
1358 870
1359 829
1360 876
1361 852
1362 814
1363 825
1364 865
1365 859
1366 950
1367 1247
1368 1761
1369 1916
1370 1569
1371 1063
1372 890
1373 873
1374 786
1375 800
1376 804
1377 792
1378 833
1379 792
1380 795
1381 790
1382 729
1383 749
1384 788
1385 786
1386 743
1387 723
1388 759
1389 707
1390 760
1391 770
1392 770
1393 800
1394 783
1395 850
1396 815
1397 712
1398 776
1399 718
1400 699
1401 681
1402 679
1403 726
1404 693
1405 685
1406 718
1407 694
1408 719
1409 719
1410 662
1411 671
1412 683
1413 697
1414 656
1415 678
1416 681
1417 625
1418 653
1419 650
1420 635
1421 667
1422 630
1423 696
1424 711
1425 727
1426 697
1427 640
1428 661
1429 619
1430 574
1431 629
1432 661
1433 582
1434 659
1435 732
1436 1051
1437 1449
1438 1713
1439 1334
1440 872
1441 616
1442 636
1443 591
1444 583
1445 590
1446 612
1447 581
1448 602
1449 565
1450 595
1451 554
1452 605
1453 635
1454 682
1455 718
1456 824
1457 749
1458 697
1459 638
1460 570
1461 589
1462 506
1463 534
1464 565
1465 580
1466 514
1467 523
1468 525
1469 589
1470 502
1471 511
1472 539
1473 530
1474 492
1475 572
1476 639
1477 628
1478 610
1479 558
1480 558
1481 508
1482 523
1483 503
1484 543
1485 508
1486 500
1487 548
1488 510
1489 538
1490 535
1491 528
1492 545
1493 516
1494 467
1495 496
1496 522
1497 519
1498 514
1499 525
1500 460
1501 508
1502 580
1503 531
1504 609
1505 562
1506 500
1507 461
1508 471
1509 488
1510 479
1511 475
1512 486
1513 433
1514 460
1515 495
1516 485
1517 480
1518 488
1519 478
1520 471
1521 451
1522 499
1523 504
1524 503
1525 565
1526 472
1527 522
1528 429
1529 430
1530 471
1531 439
1532 484
1533 462
1534 452
1535 490
1536 487
1537 465
1538 450
1539 475
1540 469
1541 496
1542 566
1543 566
1544 599
1545 739
1546 985
1547 1282
1548 1389
1549 1178
1550 805
1551 576
1552 591
1553 647
1554 835
1555 1270
1556 1379
1557 1155
1558 809
1559 651
1560 694
1561 763
1562 927
1563 1404
1564 2761
1565 7097
1566 15579
1567 24822
1568 23712
1569 13630
1570 4728
1571 1559
1572 871
1573 727
1574 660
1575 613
1576 596
1577 548
1578 513
1579 560
1580 492
1581 488
1582 463
1583 448
1584 439
1585 477
1586 457
1587 459
1588 447
1589 452
1590 444
1591 440
1592 407
1593 414
1594 365
1595 398
1596 413
1597 395
1598 422
1599 372
1600 368
1601 408
1602 363
1603 353
1604 357
1605 408
1606 366
1607 324
1608 342
1609 371
1610 378
1611 390
1612 381
1613 357
1614 372
1615 376
1616 358
1617 350
1618 374
1619 361
1620 370
1621 364
1622 379
1623 381
1624 362
1625 346
1626 389
1627 391
1628 397
1629 411
1630 561
1631 781
1632 837
1633 632
1634 478
1635 410
1636 366
1637 350
1638 341
1639 356
1640 382
1641 382
1642 321
1643 369
1644 363
1645 346
1646 358
1647 370
1648 440
1649 507
1650 538
1651 595
1652 676
1653 956
1654 2066
1655 5090
1656 9343
1657 12187
1658 9402
1659 4604
1660 1629
1661 693
1662 540
1663 553
1664 499
1665 509
1666 468
1667 433
1668 467
1669 567
1670 671
1671 594
1672 471
1673 391
1674 367
1675 372
1676 341
1677 341
1678 321
1679 298
1680 316
1681 312
1682 336
1683 328
1684 301
1685 313
1686 312
1687 321
1688 368
1689 492
1690 649
1691 572
1692 445
1693 355
1694 327
1695 316
1696 308
1697 303
1698 315
1699 293
1700 287
1701 310
1702 273
1703 283
1704 272
1705 273
1706 267
1707 285
1708 309
1709 333
1710 303
1711 327
1712 339
1713 285
1714 304
1715 265
1716 292
1717 296
1718 271
1719 295
1720 256
1721 269
1722 251
1723 277
1724 248
1725 274
1726 279
1727 287
1728 324
1729 316
1730 304
1731 273
1732 321
1733 301
1734 335
1735 415
1736 451
1737 481
1738 504
1739 757
1740 1452
1741 3215
1742 5525
1743 6852
1744 5551
1745 2803
1746 1144
1747 638
1748 719
1749 823
1750 731
1751 585
1752 388
1753 315
1754 284
1755 281
1756 268
1757 276
1758 307
1759 270
1760 268
1761 250
1762 262
1763 291
1764 263
1765 260
1766 286
1767 246
1768 260
1769 243
1770 272
1771 253
1772 255
1773 245
1774 237
1775 245
1776 229
1777 258
1778 259
1779 215
1780 259
1781 236
1782 262
1783 260
1784 247
1785 254
1786 225
1787 260
1788 283
1789 315
1790 298
1791 278
1792 244
1793 226
1794 240
1795 220
1796 213
1797 225
1798 248
1799 224
1800 282
1801 254
1802 248
1803 283
1804 277
1805 254
1806 304
1807 322
1808 499
1809 787
1810 1683
1811 2857
1812 3394
1813 2663
1814 1456
1815 627
1816 340
1817 274
1818 241
1819 237
1820 247
1821 238
1822 242
1823 239
1824 243
1825 228
1826 219
1827 239
1828 220
1829 262
1830 240
1831 239
1832 238
1833 193
1834 212
1835 244
1836 264
1837 260
1838 269
1839 258
1840 263
1841 264
1842 219
1843 197
1844 215
1845 231
1846 205
1847 209
1848 236
1849 242
1850 293
1851 304
1852 279
1853 220
1854 208
1855 212
1856 203
1857 209
1858 192
1859 200
1860 213
1861 215
1862 209
1863 224
1864 208
1865 258
1866 263
1867 272
1868 277
1869 229
1870 206
1871 189
1872 218
1873 200
1874 192
1875 211
1876 190
1877 200
1878 203
1879 176
1880 199
1881 230
1882 209
1883 173
1884 198
1885 205
1886 164
1887 209
1888 166
1889 180
1890 172
1891 206
1892 196
1893 186
1894 200
1895 183
1896 190
1897 166
1898 189
1899 190
1900 185
1901 194
1902 206
1903 183
1904 197
1905 173
1906 194
1907 189
1908 153
1909 176
1910 172
1911 194
1912 183
1913 206
1914 213
1915 173
1916 181
1917 181
1918 184
1919 180
1920 192
1921 189
1922 178
1923 211
1924 193
1925 178
1926 207
1927 267
1928 450
1929 680
1930 816
1931 688
1932 456
1933 248
1934 188
1935 187
1936 162
1937 182
1938 157
1939 163
1940 168
1941 184
1942 163
1943 180
1944 160
1945 156
1946 184
1947 154
1948 140
1949 199
1950 160
1951 156
1952 155
1953 140
1954 140
1955 154
1956 169
1957 165
1958 129
1959 156
1960 171
1961 150
1962 157
1963 155
1964 159
1965 157
1966 175
1967 239
1968 255
1969 274
1970 242
1971 196
1972 161
1973 146
1974 136
1975 137
1976 131
1977 127
1978 140
1979 148
1980 111
1981 137
1982 155
1983 135
1984 141
1985 168
1986 153
1987 173
1988 165
1989 190
1990 166
1991 154
1992 140
1993 132
1994 146
1995 102
1996 141
1997 138
1998 119
1999 104
2000 123
2001 133
2002 135
2003 128
2004 153
2005 107
2006 135
2007 117
2008 131
2009 140
2010 118
2011 127
2012 138
2013 119
2014 119
2015 117
2016 118
2017 125
2018 111
2019 120
2020 111
2021 127
2022 114
2023 133
2024 101
2025 128
2026 114
2027 125
2028 123
2029 133
2030 107
2031 106
2032 112
2033 113
2034 111
2035 111
2036 123
2037 104
2038 107
2039 110
2040 105
2041 116
2042 112
2043 125
2044 110
2045 102
2046 108
2047 107
2048 110
2049 113
2050 135
2051 94
2052 107
2053 109
2054 122
2055 98
2056 114
2057 104
2058 107
2059 94
2060 120
2061 95
2062 96
2063 117
2064 103
2065 107
2066 110
2067 131
2068 95
2069 111
2070 98
2071 122
2072 103
2073 112
2074 92
2075 116
2076 165
2077 174
2078 155
2079 123
2080 117
2081 98
2082 111
2083 110
2084 95
2085 103
2086 100
2087 91
2088 99
2089 103
2090 115
2091 109
2092 101
2093 107
2094 108
2095 102
2096 92
2097 112
2098 103
2099 83
2100 97
2101 116
2102 120
2103 167
2104 180
2105 182
2106 127
2107 105
2108 92
2109 92
2110 115
2111 98
2112 77
2113 89
2114 76
2115 65
2116 88
2117 71
2118 78
2119 91
2120 79
2121 81
2122 70
2123 93
2124 95
2125 75
2126 92
2127 79
2128 98
2129 87
2130 92
2131 95
2132 80
2133 81
2134 84
2135 81
2136 88
2137 72
2138 97
2139 79
2140 72
2141 81
2142 81
2143 83
2144 74
2145 68
2146 90
2147 68
2148 79
2149 82
2150 64
2151 82
2152 74
2153 84
2154 72
2155 72
2156 90
2157 72
2158 48
2159 74
2160 87
2161 72
2162 78
2163 71
2164 93
2165 88
2166 85
2167 78
2168 88
2169 83
2170 83
2171 74
2172 82
2173 84
2174 56
2175 86
2176 65
2177 70
2178 80
2179 63
2180 74
2181 71
2182 66
2183 73
2184 71
2185 61
2186 64
2187 64
2188 82
2189 76
2190 78
2191 74
2192 76
2193 68
2194 69
2195 72
2196 62
2197 75
2198 77
2199 58
2200 77
2201 79
2202 101
2203 109
2204 86
2205 86
2206 68
2207 61
2208 87
2209 60
2210 61
2211 67
2212 85
2213 66
2214 62
2215 74
2216 77
2217 63
2218 72
2219 71
2220 52
2221 75
2222 62
2223 81
2224 65
2225 69
2226 77
2227 59
2228 62
2229 57
2230 59
2231 57
2232 58
2233 67
2234 50
2235 77
2236 58
2237 73
2238 79
2239 69
2240 79
2241 56
2242 76
2243 69
2244 80
2245 63
2246 56
2247 66
2248 74
2249 64
2250 69
2251 44
2252 53
2253 72
2254 65
2255 63
2256 76
2257 64
2258 55
2259 69
2260 65
2261 64
2262 58
2263 58
2264 75
2265 58
2266 61
2267 62
2268 57
2269 59
2270 66
2271 73
2272 53
2273 52
2274 74
2275 75
2276 84
2277 107
2278 151
2279 174
2280 162
2281 122
2282 88
2283 80
2284 58
2285 73
2286 58
2287 52
2288 74
2289 69
2290 68
2291 65
2292 73
2293 66
2294 87
2295 116
2296 218
2297 388
2298 682
2299 949
2300 891
2301 653
2302 348
2303 158
2304 103
2305 77
2306 81
2307 61
2308 67
2309 67
2310 69
2311 66
2312 86
2313 59
2314 75
2315 56
2316 61
2317 62
2318 61
2319 54
2320 62
2321 65
2322 53
2323 57
2324 52
2325 56
2326 64
2327 64
2328 60
2329 56
2330 55
2331 50
2332 61
2333 71
2334 75
2335 74
2336 79
2337 78
2338 79
2339 105
2340 101
2341 197
2342 261
2343 320
2344 308
2345 258
2346 252
2347 302
2348 313
2349 295
2350 221
2351 135
2352 95
2353 65
2354 66
2355 59
2356 87
2357 86
2358 84
2359 112
2360 123
2361 95
2362 108
2363 114
2364 158
2365 328
2366 638
2367 1087
2368 1427
2369 1402
2370 969
2371 511
2372 206
2373 123
2374 76
2375 92
2376 67
2377 70
2378 67
2379 71
2380 41
2381 56
2382 70
2383 79
2384 59
2385 59
2386 64
2387 53
2388 64
2389 59
2390 57
2391 49
2392 45
2393 48
2394 62
2395 51
2396 54
2397 61
2398 54
2399 49
2400 50
2401 55
2402 58
2403 46
2404 54
2405 48
2406 44
2407 71
2408 53
2409 49
2410 53
2411 52
2412 48
2413 47
2414 54
2415 55
2416 60
2417 51
2418 55
2419 38
2420 51
2421 52
2422 54
2423 66
2424 56
2425 85
2426 105
2427 135
2428 174
2429 166
2430 132
2431 75
2432 68
2433 47
2434 57
2435 33
2436 56
2437 46
2438 51
2439 33
2440 58
2441 42
2442 34
2443 55
2444 33
2445 49
2446 43
2447 46
2448 40
2449 48
2450 44
2451 44
2452 37
2453 61
2454 41
2455 59
2456 41
2457 46
2458 52
2459 43
2460 69
2461 55
2462 54
2463 87
2464 88
2465 141
2466 167
2467 173
2468 122
2469 83
2470 60
2471 63
2472 51
2473 42
2474 41
2475 50
2476 43
2477 49
2478 59
2479 46
2480 42
2481 49
2482 41
2483 49
2484 63
2485 51
2486 43
2487 53
2488 48
2489 48
2490 49
2491 51
2492 54
2493 39
2494 57
2495 52
2496 41
2497 47
2498 50
2499 41
2500 40
2501 43
2502 37
2503 49
2504 44
2505 45
2506 38
2507 44
2508 54
2509 43
2510 43
2511 42
2512 37
2513 33
2514 44
2515 44
2516 36
2517 45
2518 39
2519 46
2520 52
2521 43
2522 51
2523 48
2524 39
2525 46
2526 52
2527 40
2528 47
2529 34
2530 36
2531 49
2532 56
2533 43
2534 35
2535 46
2536 45
2537 43
2538 47
2539 40
2540 35
2541 39
2542 49
2543 41
2544 43
2545 44
2546 52
2547 47
2548 49
2549 40
2550 46
2551 41
2552 42
2553 46
2554 40
2555 42
2556 38
2557 43
2558 46
2559 40
2560 44
2561 54
2562 36
2563 35
2564 33
2565 33
2566 38
2567 50
2568 44
2569 23
2570 43
2571 40
2572 41
2573 37
2574 55
2575 49
2576 40
2577 40
2578 31
2579 41
2580 43
2581 51
2582 37
2583 40
2584 34
2585 44
2586 50
2587 44
2588 48
2589 34
2590 53
2591 37
2592 41
2593 59
2594 53
2595 55
2596 79
2597 103
2598 111
2599 104
2600 75
2601 70
2602 51
2603 52
2604 49
2605 38
2606 45
2607 55
2608 46
2609 45
2610 35
2611 49
2612 29
2613 28
2614 44
2615 47
2616 39
2617 39
2618 37
2619 44
2620 47
2621 47
2622 51
2623 41
2624 48
2625 39
2626 41
2627 41
2628 42
2629 37
2630 39
2631 42
2632 36
2633 45
2634 50
2635 46
2636 40
2637 40
2638 46
2639 37
2640 37
2641 46
2642 36
2643 43
2644 31
2645 41
2646 43
2647 35
2648 46
2649 36
2650 42
2651 26
2652 33
2653 40
2654 40
2655 45
2656 38
2657 29
2658 36
2659 37
2660 40
2661 34
2662 39
2663 40
2664 49
2665 42
2666 34
2667 46
2668 47
2669 42
2670 31
2671 37
2672 36
2673 46
2674 32
2675 40
2676 41
2677 43
2678 45
2679 37
2680 22
2681 36
2682 39
2683 53
2684 35
2685 36
2686 50
2687 35
2688 41
2689 31
2690 49
2691 30
2692 40
2693 37
2694 42
2695 40
2696 34
2697 47
2698 44
2699 50
2700 42
2701 46
2702 35
2703 30
2704 40
2705 42
2706 38
2707 43
2708 29
2709 40
2710 56
2711 43
2712 43
2713 36
2714 31
2715 36
2716 30
2717 36
2718 40
2719 43
2720 30
2721 50
2722 39
2723 51
2724 46
2725 38
2726 46
2727 36
2728 46
2729 39
2730 38
2731 37
2732 33
2733 43
2734 38
2735 36
2736 41
2737 42
2738 41
2739 32
2740 25
2741 41
2742 39
2743 34
2744 30
2745 27
2746 33
2747 38
2748 44
2749 38
2750 25
2751 32
2752 39
2753 43
2754 29
2755 50
2756 24
2757 23
2758 28
2759 32
2760 34
2761 28
2762 26
2763 24
2764 27
2765 36
2766 26
2767 27
2768 36
2769 24
2770 34
2771 41
2772 35
2773 26
2774 32
2775 26
2776 36
2777 26
2778 28
2779 35
2780 34
2781 28
2782 26
2783 23
2784 35
2785 24
2786 32
2787 35
2788 28
2789 31
2790 22
2791 19
2792 30
2793 27
2794 21
2795 24
2796 27
2797 17
2798 22
2799 21
2800 27
2801 29
2802 24
2803 21
2804 27
2805 18
2806 30
2807 24
2808 28
2809 25
2810 25
2811 18
2812 23
2813 26
2814 22
2815 20
2816 25
2817 25
2818 26
2819 17
2820 29
2821 18
2822 21
2823 17
2824 21
2825 32
2826 22
2827 22
2828 23
2829 26
2830 24
2831 21
2832 22
2833 20
2834 26
2835 18
2836 24
2837 16
2838 22
2839 20
2840 20
2841 13
2842 29
2843 27
2844 28
2845 21
2846 17
2847 23
2848 29
2849 34
2850 35
2851 32
2852 34
2853 23
2854 21
2855 18
2856 16
2857 30
2858 30
2859 30
2860 20
2861 17
2862 24
2863 19
2864 20
2865 21
2866 21
2867 15
2868 19
2869 24
2870 29
2871 17
2872 15
2873 21
2874 31
2875 34
2876 34
2877 43
2878 60
2879 63
2880 64
2881 54
2882 44
2883 33
2884 23
2885 14
2886 21
2887 13
2888 22
2889 24
2890 19
2891 20
2892 25
2893 20
2894 21
2895 23
2896 17
2897 15
2898 20
2899 28
2900 27
2901 25
2902 22
2903 24
2904 23
2905 19
2906 25
2907 11
2908 28
2909 14
2910 15
2911 20
2912 16
2913 14
2914 23
2915 22
2916 20
2917 16
2918 10
2919 16
2920 15
2921 25
2922 31
2923 21
2924 19
2925 18
2926 24
2927 22
2928 19
2929 29
2930 50
2931 77
2932 128
2933 167
2934 240
2935 194
2936 143
2937 88
2938 43
2939 28
2940 32
2941 12
2942 23
2943 15
2944 20
2945 16
2946 13
2947 27
2948 19
2949 15
2950 21
2951 16
2952 19
2953 19
2954 16
2955 26
2956 16
2957 23
2958 12
2959 21
2960 15
2961 13
2962 19
2963 10
2964 16
2965 12
2966 30
2967 22
2968 18
2969 9
2970 24
2971 20
2972 17
2973 22
2974 19
2975 17
2976 15
2977 12
2978 17
2979 14
2980 21
2981 21
2982 12
2983 12
2984 8
2985 13
2986 18
2987 16
2988 7
2989 13
2990 13
2991 18
2992 28
2993 8
2994 10
2995 24
2996 19
2997 21
2998 19
2999 25
3000 26
3001 47
3002 55
3003 60
3004 62
3005 41
3006 29
3007 15
3008 15
3009 11
3010 12
3011 11
3012 12
3013 16
3014 16
3015 11
3016 15
3017 10
3018 16
3019 18
3020 16
3021 11
3022 13
3023 13
3024 9
3025 14
3026 10
3027 15
3028 10
3029 11
3030 12
3031 9
3032 8
3033 16
3034 6
3035 9
3036 12
3037 17
3038 12
3039 8
3040 12
3041 12
3042 15
3043 12
3044 12
3045 12
3046 11
3047 11
3048 10
3049 16
3050 15
3051 16
3052 5
3053 9
3054 9
3055 13
3056 8
3057 10
3058 8
3059 13
3060 18
3061 22
3062 25
3063 26
3064 23
3065 23
3066 23
3067 18
3068 13
3069 12
3070 12
3071 7
3072 9
3073 12
3074 9
3075 8
3076 14
3077 7
3078 7
3079 11
3080 15
3081 12
3082 10
3083 9
3084 10
3085 11
3086 14
3087 8
3088 12
3089 14
3090 14
3091 8
3092 13
3093 12
3094 9
3095 13
3096 13
3097 11
3098 19
3099 15
3100 23
3101 16
3102 14
3103 27
3104 17
3105 9
3106 16
3107 22
3108 17
3109 33
3110 16
3111 24
3112 22
3113 17
3114 10
3115 12
3116 15
3117 22
3118 28
3119 41
3120 48
3121 79
3122 70
3123 48
3124 28
3125 11
3126 14
3127 14
3128 11
3129 14
3130 9
3131 8
3132 7
3133 9
3134 7
3135 12
3136 9
3137 12
3138 10
3139 11
3140 11
3141 13
3142 16
3143 8
3144 10
3145 9
3146 3
3147 9
3148 8
3149 10
3150 9
3151 8
3152 8
3153 13
3154 11
3155 8
3156 7
3157 10
3158 7
3159 3
3160 7
3161 13
3162 7
3163 12
3164 11
3165 12
3166 15
3167 12
3168 23
3169 28
3170 33
3171 36
3172 32
3173 17
3174 15
3175 15
3176 12
3177 11
3178 13
3179 11
3180 18
3181 20
3182 12
3183 17
3184 25
3185 41
3186 30
3187 67
3188 87
3189 151
3190 309
3191 436
3192 651
3193 626
3194 488
3195 344
3196 171
3197 75
3198 44
3199 35
3200 17
3201 17
3202 15
3203 18
3204 9
3205 11
3206 12
3207 13
3208 17
3209 12
3210 6
3211 8
3212 5
3213 5
3214 14
3215 9
3216 8
3217 4
3218 13
3219 13
3220 5
3221 13
3222 9
3223 7
3224 3
3225 13
3226 8
3227 9
3228 10
3229 9
3230 5
3231 5
3232 9
3233 11
3234 5
3235 7
3236 6
3237 8
3238 4
3239 7
3240 14
3241 5
3242 11
3243 5
3244 11
3245 9
3246 7
3247 6
3248 7
3249 13
3250 5
3251 8
3252 7
3253 5
3254 15
3255 5
3256 5
3257 6
3258 7
3259 6
3260 12
3261 3
3262 6
3263 9
3264 8
3265 6
3266 5
3267 8
3268 5
3269 14
3270 11
3271 8
3272 5
3273 11
3274 9
3275 5
3276 3
3277 7
3278 9
3279 5
3280 4
3281 4
3282 2
3283 8
3284 5
3285 4
3286 9
3287 4
3288 8
3289 6
3290 4
3291 4
3292 5
3293 7
3294 6
3295 2
3296 5
3297 9
3298 7
3299 2
3300 2
3301 4
3302 9
3303 7
3304 3
3305 6
3306 4
3307 6
3308 3
3309 6
3310 3
3311 4
3312 13
3313 6
3314 6
3315 6
3316 6
3317 12
3318 5
3319 6
3320 3
3321 4
3322 6
3323 4
3324 5
3325 1
3326 7
3327 4
3328 6
3329 7
3330 3
3331 6
3332 3
3333 9
3334 4
3335 5
3336 9
3337 1
3338 7
3339 4
3340 4
3341 3
3342 6
3343 4
3344 2
3345 5
3346 3
3347 7
3348 3
3349 7
3350 3
3351 0
3352 7
3353 4
3354 8
3355 1
3356 2
3357 3
3358 2
3359 3
3360 4
3361 8
3362 0
3363 6
3364 4
3365 4
3366 4
3367 5
3368 9
3369 5
3370 5
3371 5
3372 5
3373 4
3374 6
3375 8
3376 4
3377 5
3378 5
3379 6
3380 3
3381 2
3382 2
3383 8
3384 5
3385 4
3386 7
3387 5
3388 2
3389 10
3390 9
3391 5
3392 6
3393 4
3394 9
3395 4
3396 4
3397 8
3398 3
3399 1
3400 5
3401 3
3402 6
3403 3
3404 4
3405 4
3406 5
3407 2
3408 0
3409 8
3410 5
3411 3
3412 6
3413 5
3414 4
3415 1
3416 1
3417 4
3418 5
3419 8
3420 3
3421 4
3422 3
3423 0
3424 4
3425 4
3426 3
3427 5
3428 3
3429 4
3430 3
3431 3
3432 1
3433 1
3434 3
3435 2
3436 1
3437 0
3438 6
3439 3
3440 5
3441 6
3442 0
3443 6
3444 4
3445 1
3446 0
3447 5
3448 7
3449 5
3450 4
3451 4
3452 6
3453 4
3454 4
3455 2
3456 1
3457 6
3458 4
3459 5
3460 11
3461 7
3462 6
3463 6
3464 6
3465 5
3466 11
3467 5
3468 9
3469 4
3470 6
3471 2
3472 7
3473 4
3474 7
3475 3
3476 2
3477 2
3478 3
3479 3
3480 2
3481 3
3482 3
3483 3
3484 3
3485 4
3486 4
3487 2
3488 1
3489 5
3490 2
3491 4
3492 1
3493 3
3494 1
3495 3
3496 2
3497 3
3498 5
3499 3
3500 6
3501 5
3502 1
3503 1
3504 5
3505 2
3506 1
3507 2
3508 1
3509 1
3510 1
3511 3
3512 5
3513 2
3514 7
3515 0
3516 2
3517 7
3518 5
3519 3
3520 7
3521 3
3522 3
3523 7
3524 5
3525 3
3526 4
3527 10
3528 13
3529 14
3530 20
3531 41
3532 65
3533 64
3534 88
3535 91
3536 58
3537 48
3538 16
3539 11
3540 6
3541 3
3542 6
3543 3
3544 5
3545 3
3546 4
3547 7
3548 2
3549 5
3550 9
3551 6
3552 5
3553 3
3554 7
3555 4
3556 4
3557 1
3558 0
3559 1
3560 4
3561 3
3562 3
3563 0
3564 3
3565 4
3566 0
3567 2
3568 1
3569 1
3570 3
3571 2
3572 6
3573 3
3574 1
3575 1
3576 5
3577 4
3578 4
3579 3
3580 5
3581 4
3582 4
3583 3
3584 5
3585 1
3586 1
3587 3
3588 1
3589 1
3590 4
3591 4
3592 1
3593 4
3594 15
3595 8
3596 16
3597 11
3598 6
3599 4
3600 7
3601 2
3602 4
3603 2
3604 3
3605 4
3606 4
3607 3
3608 3
3609 2
3610 0
3611 4
3612 1
3613 2
3614 2
3615 3
3616 2
3617 0
3618 2
3619 2
3620 1
3621 2
3622 2
3623 2
3624 7
3625 2
3626 3
3627 2
3628 1
3629 4
3630 3
3631 4
3632 2
3633 0
3634 2
3635 0
3636 4
3637 5
3638 2
3639 9
3640 1
3641 0
3642 5
3643 6
3644 0
3645 2
3646 1
3647 2
3648 3
3649 0
3650 4
3651 4
3652 1
3653 2
3654 0
3655 2
3656 2
3657 2
3658 1
3659 3
3660 3
3661 2
3662 1
3663 0
3664 0
3665 1
3666 2
3667 1
3668 2
3669 1
3670 4
3671 3
3672 3
3673 5
3674 2
3675 2
3676 0
3677 1
3678 2
3679 2
3680 1
3681 1
3682 3
3683 1
3684 3
3685 1
3686 0
3687 6
3688 3
3689 0
3690 2
3691 2
3692 3
3693 2
3694 3
3695 1
3696 6
3697 4
3698 2
3699 3
3700 5
3701 4
3702 3
3703 1
3704 2
3705 0
3706 2
3707 1
3708 2
3709 3
3710 2
3711 0
3712 2
3713 2
3714 3
3715 3
3716 0
3717 1
3718 0
3719 2
3720 4
3721 2
3722 2
3723 1
3724 1
3725 5
3726 2
3727 2
3728 1
3729 2
3730 4
3731 1
3732 2
3733 1
3734 3
3735 1
3736 3
3737 1
3738 3
3739 4
3740 1
3741 0
3742 1
3743 3
3744 2
3745 3
3746 1
3747 0
3748 1
3749 1
3750 1
3751 1
3752 3
3753 0
3754 5
3755 0
3756 3
3757 1
3758 0
3759 2
3760 3
3761 1
3762 4
3763 1
3764 3
3765 1
3766 0
3767 1
3768 1
3769 3
3770 1
3771 2
3772 3
3773 2
3774 3
3775 0
3776 2
3777 2
3778 1
3779 4
3780 0
3781 1
3782 1
3783 0
3784 1
3785 3
3786 2
3787 1
3788 3
3789 1
3790 2
3791 0
3792 2
3793 0
3794 3
3795 5
3796 1
3797 3
3798 3
3799 1
3800 0
3801 1
3802 2
3803 0
3804 4
3805 1
3806 1
3807 0
3808 0
3809 2
3810 0
3811 2
3812 4
3813 3
3814 1
3815 1
3816 1
3817 1
3818 3
3819 1
3820 1
3821 2
3822 1
3823 1
3824 2
3825 4
3826 3
3827 0
3828 0
3829 1
3830 1
3831 2
3832 2
3833 0
3834 0
3835 1
3836 3
3837 0
3838 3
3839 3
3840 3
3841 1
3842 2
3843 1
3844 0
3845 1
3846 1
3847 2
3848 1
3849 2
3850 0
3851 2
3852 1
3853 0
3854 1
3855 1
3856 1
3857 2
3858 0
3859 3
3860 2
3861 0
3862 1
3863 3
3864 0
3865 2
3866 2
3867 1
3868 1
3869 1
3870 4
3871 0
3872 3
3873 1
3874 2
3875 2
3876 3
3877 2
3878 0
3879 1
3880 2
3881 2
3882 1
3883 2
3884 0
3885 0
3886 2
3887 2
3888 2
3889 3
3890 1
3891 1
3892 5
3893 1
3894 2
3895 1
3896 1
3897 3
3898 1
3899 1
3900 0
3901 1
3902 0
3903 2
3904 0
3905 0
3906 2
3907 0
3908 0
3909 0
3910 1
3911 0
3912 3
3913 3
3914 1
3915 2
3916 1
3917 5
3918 4
3919 2
3920 5
3921 4
3922 3
3923 4
3924 2
3925 3
3926 1
3927 2
3928 0
3929 4
3930 0
3931 2
3932 3
3933 2
3934 1
3935 0
3936 0
3937 1
3938 1
3939 2
3940 3
3941 0
3942 1
3943 1
3944 0
3945 2
3946 0
3947 0
3948 2
3949 1
3950 1
3951 2
3952 2
3953 0
3954 0
3955 0
3956 1
3957 0
3958 1
3959 1
3960 3
3961 0
3962 1
3963 2
3964 1
3965 1
3966 0
3967 0
3968 2
3969 3
3970 1
3971 1
3972 1
3973 0
3974 2
3975 2
3976 2
3977 0
3978 1
3979 0
3980 2
3981 3
3982 2
3983 0
3984 1
3985 1
3986 1
3987 4
3988 4
3989 4
3990 0
3991 3
3992 0
3993 4
3994 3
3995 1
3996 1
3997 1
3998 0
3999 0
4000 2
4001 2
4002 0
4003 0
4004 2
4005 2
4006 3
4007 4
4008 2
4009 1
4010 3
4011 2
4012 2
4013 2
4014 1
4015 3
4016 0
4017 2
4018 1
4019 1
4020 2
4021 2
4022 0
4023 3
4024 2
4025 0
4026 0
4027 4
4028 1
4029 1
4030 2
4031 2
4032 2
4033 1
4034 2
4035 2
4036 1
4037 3
4038 2
4039 0
4040 0
4041 2
4042 2
4043 1
4044 1
4045 2
4046 1
4047 0
4048 0
4049 1
4050 0
4051 2
4052 2
4053 4
4054 2
4055 1
4056 1
4057 1
4058 1
4059 2
4060 2
4061 2
4062 0
4063 0
4064 0
4065 1
4066 2
4067 0
4068 2
4069 2
4070 1
4071 1
4072 0
4073 0
4074 1
4075 2
4076 0
4077 0
4078 2
4079 2
4080 0
4081 2
4082 1
4083 2
4084 2
4085 0
4086 2
4087 1
4088 3
4089 2
4090 4
4091 3
4092 1
4093 1
4094 2
4095 1
End
