ASCII channel-by-channel listing for 290_036.18
1139 - 57 - 853 started 2018-10-17 13:24:23.0 on counter 76
Generated Oct 17 2018 17.03.28, CRNG database/web system
Channel Data
0 300
1 322
2 0
3 0
4 0
5 0
6 0
7 0
8 0
9 0
10 0
11 0
12 0
13 0
14 0
15 0
16 0
17 0
18 0
19 0
20 0
21 0
22 0
23 0
24 0
25 0
26 0
27 0
28 0
29 0
30 0
31 0
32 0
33 0
34 0
35 0
36 0
37 0
38 0
39 0
40 0
41 0
42 0
43 0
44 0
45 0
46 0
47 0
48 0
49 0
50 0
51 0
52 0
53 0
54 0
55 0
56 0
57 0
58 0
59 0
60 0
61 0
62 0
63 0
64 0
65 0
66 0
67 0
68 0
69 0
70 0
71 0
72 0
73 0
74 0
75 0
76 0
77 0
78 0
79 0
80 7
81 94
82 322
83 1019
84 8147
85 14342
86 14370
87 14187
88 14224
89 14153
90 14184
91 14084
92 14209
93 13852
94 13671
95 13754
96 13850
97 13610
98 13699
99 13574
100 13515
101 13200
102 13359
103 13497
104 13383
105 13489
106 13378
107 13408
108 13321
109 13235
110 13050
111 13099
112 12900
113 12908
114 13130
115 12934
116 12922
117 12911
118 13323
119 12923
120 12877
121 12582
122 12707
123 12758
124 12677
125 12719
126 12917
127 12649
128 12929
129 12832
130 12845
131 12792
132 12976
133 12872
134 12984
135 12790
136 13060
137 12836
138 12936
139 12932
140 12954
141 12879
142 12978
143 13094
144 13232
145 13761
146 13973
147 13277
148 13069
149 13501
150 14839
151 14027
152 13048
153 12962
154 13022
155 13040
156 13229
157 12873
158 13216
159 13152
160 13277
161 13343
162 13524
163 13710
164 13600
165 13617
166 13975
167 13913
168 14231
169 14679
170 14956
171 14309
172 14288
173 15450
174 18696
175 16312
176 15149
177 18852
178 19521
179 15541
180 14698
181 14469
182 14811
183 14604
184 14893
185 14935
186 15025
187 15209
188 15218
189 15411
190 15600
191 15593
192 15620
193 15596
194 15882
195 16069
196 15919
197 16235
198 16331
199 16411
200 16770
201 16613
202 16956
203 16790
204 17238
205 17187
206 17571
207 17286
208 17459
209 17332
210 17809
211 17949
212 17892
213 17685
214 18069
215 18250
216 18227
217 18632
218 18368
219 18526
220 18665
221 18909
222 18745
223 19021
224 19171
225 19302
226 19412
227 19460
228 19670
229 19575
230 19694
231 20014
232 20110
233 20284
234 20409
235 21943
236 24860
237 24185
238 25496
239 36734
240 31036
241 21473
242 20602
243 20866
244 20536
245 20898
246 20811
247 20853
248 20892
249 20899
250 20892
251 21098
252 21104
253 20901
254 21420
255 21410
256 21138
257 21573
258 21305
259 21689
260 21914
261 22431
262 22539
263 22907
264 23341
265 23937
266 24607
267 24179
268 23470
269 23340
270 23549
271 22845
272 22744
273 22862
274 22936
275 22896
276 22735
277 22862
278 22656
279 22706
280 22814
281 22798
282 22848
283 22619
284 22668
285 22475
286 22723
287 22334
288 22027
289 21954
290 21745
291 21628
292 21981
293 21601
294 21489
295 21137
296 21381
297 21332
298 21013
299 21054
300 20713
301 20844
302 20511
303 20486
304 20841
305 20163
306 20317
307 20312
308 20034
309 20072
310 19901
311 19624
312 19388
313 19584
314 19423
315 19206
316 19375
317 19140
318 19024
319 18888
320 18857
321 18500
322 18469
323 18457
324 18418
325 18142
326 18560
327 17994
328 17895
329 18063
330 17641
331 18000
332 18340
333 17835
334 17832
335 17594
336 17651
337 17889
338 18596
339 18669
340 18068
341 17746
342 17553
343 17213
344 17774
345 17484
346 17069
347 17625
348 17364
349 17287
350 17378
351 17454
352 17470
353 17382
354 17248
355 17642
356 18482
357 18114
358 17770
359 17546
360 17308
361 17172
362 17217
363 17626
364 17156
365 17269
366 17085
367 17349
368 17131
369 17050
370 16780
371 16948
372 16971
373 16786
374 17029
375 16750
376 16553
377 16346
378 16187
379 16116
380 16141
381 15819
382 15800
383 15787
384 15753
385 15360
386 15328
387 14908
388 15049
389 15144
390 14878
391 14882
392 14758
393 14336
394 14545
395 14215
396 14205
397 13994
398 13899
399 13717
400 13769
401 13895
402 14050
403 13399
404 13343
405 12991
406 12912
407 12983
408 12952
409 13113
410 13408
411 17181
412 42386
413 90868
414 64776
415 20467
416 12852
417 12214
418 11821
419 11883
420 11833
421 11416
422 11164
423 11202
424 11081
425 11020
426 10767
427 10603
428 10690
429 10510
430 10341
431 10461
432 10120
433 10375
434 10126
435 10166
436 9962
437 9972
438 9934
439 9632
440 9738
441 9826
442 10103
443 9743
444 9396
445 9475
446 9247
447 9218
448 9225
449 9223
450 9234
451 9096
452 9168
453 8953
454 8872
455 9055
456 8997
457 8869
458 8757
459 8848
460 8712
461 8571
462 8762
463 8760
464 8477
465 8489
466 8649
467 8511
468 8285
469 8373
470 8351
471 8433
472 8288
473 8303
474 8432
475 8273
476 8330
477 8162
478 8126
479 8271
480 8190
481 8252
482 8183
483 8167
484 8226
485 8294
486 8099
487 8118
488 8137
489 7952
490 8068
491 8005
492 8102
493 8139
494 7922
495 8100
496 8178
497 7985
498 8125
499 7943
500 8211
501 7845
502 7922
503 8103
504 8045
505 8226
506 8341
507 11031
508 21841
509 28517
510 16210
511 8800
512 8030
513 8065
514 8054
515 7878
516 7928
517 7840
518 7863
519 7940
520 8074
521 8028
522 8106
523 8172
524 8479
525 8423
526 8867
527 9715
528 12299
529 28065
530 121916
531 306409
532 245926
533 61356
534 14267
535 13033
536 13795
537 10597
538 8246
539 7507
540 7209
541 7158
542 7123
543 7069
544 7019
545 6843
546 6886
547 6634
548 6713
549 6683
550 6641
551 8132
552 9959
553 8786
554 6986
555 6538
556 6468
557 6571
558 6445
559 6519
560 6428
561 6341
562 6365
563 6253
564 6397
565 6205
566 6421
567 6193
568 6136
569 6166
570 6064
571 6160
572 6218
573 6194
574 6083
575 6096
576 6224
577 6022
578 6132
579 6081
580 6023
581 5904
582 5992
583 6046
584 6019
585 5954
586 6148
587 5906
588 6011
589 6043
590 5941
591 5997
592 5952
593 6029
594 6175
595 6378
596 6918
597 8882
598 18750
599 66764
600 150243
601 123170
602 35069
603 9085
604 6738
605 6050
606 5876
607 5774
608 5811
609 5983
610 5863
611 5398
612 5249
613 5185
614 5259
615 5247
616 5136
617 5197
618 5117
619 5154
620 5010
621 5091
622 5131
623 5000
624 5000
625 4999
626 4888
627 4931
628 4898
629 4757
630 4857
631 4736
632 4729
633 4671
634 4628
635 4667
636 4626
637 4844
638 5006
639 4767
640 4533
641 4485
642 4513
643 4527
644 4489
645 4376
646 4400
647 4510
648 4398
649 4481
650 4392
651 4475
652 4488
653 4388
654 4383
655 4453
656 4515
657 5382
658 5664
659 5040
660 4383
661 4276
662 4185
663 4282
664 4309
665 4142
666 4009
667 4129
668 4279
669 4202
670 4106
671 4071
672 4012
673 4185
674 4073
675 4140
676 4040
677 4060
678 3995
679 3992
680 4055
681 3909
682 4067
683 3949
684 3936
685 4110
686 4336
687 4291
688 3868
689 3871
690 3899
691 3910
692 3829
693 3783
694 3719
695 3677
696 3770
697 3600
698 3625
699 3626
700 3641
701 3621
702 3548
703 3527
704 3584
705 3467
706 3415
707 3561
708 3556
709 3425
710 3416
711 3499
712 3424
713 3401
714 3384
715 3405
716 3391
717 3444
718 3337
719 3479
720 3478
721 3403
722 3357
723 3314
724 3315
725 3316
726 3335
727 3317
728 3421
729 3308
730 3337
731 3270
732 3334
733 3369
734 3483
735 3329
736 3194
737 3220
738 3152
739 3366
740 3145
741 3310
742 3212
743 3171
744 3171
745 3180
746 3209
747 3239
748 3231
749 3303
750 3308
751 3163
752 3203
753 3134
754 3185
755 3184
756 3309
757 3436
758 4752
759 8231
760 9738
761 6352
762 3739
763 3233
764 3198
765 3105
766 3151
767 3117
768 3124
769 3163
770 3135
771 3010
772 3083
773 3208
774 3619
775 4781
776 5407
777 4295
778 3305
779 3023
780 3013
781 3066
782 3034
783 2938
784 2933
785 3055
786 2865
787 2815
788 2967
789 3005
790 2936
791 2795
792 2874
793 2842
794 3084
795 3686
796 4808
797 4477
798 3454
799 3410
800 3960
801 3533
802 2902
803 2749
804 2587
805 2674
806 2591
807 2575
808 2553
809 2689
810 2612
811 2563
812 2582
813 2571
814 2576
815 2494
816 2528
817 2494
818 2479
819 2585
820 2499
821 2504
822 2592
823 2493
824 2480
825 2474
826 2484
827 2503
828 2481
829 2521
830 2496
831 2435
832 2437
833 2509
834 2371
835 2454
836 2400
837 2470
838 2431
839 2348
840 2364
841 2371
842 2374
843 2435
844 2387
845 2373
846 2279
847 2246
848 2261
849 2282
850 2294
851 2186
852 2146
853 2192
854 2138
855 2060
856 2048
857 2102
858 2036
859 2106
860 2001
861 1999
862 1956
863 1957
864 2083
865 2139
866 2059
867 2035
868 2052
869 1921
870 1986
871 1857
872 2031
873 2142
874 2145
875 1983
876 1859
877 1859
878 1852
879 1867
880 1893
881 1814
882 1829
883 1825
884 1832
885 1694
886 1731
887 1825
888 1762
889 1786
890 1783
891 1824
892 1947
893 2526
894 3409
895 3415
896 2465
897 1828
898 1742
899 1713
900 1716
901 1613
902 1660
903 1730
904 1676
905 1599
906 1651
907 1641
908 1684
909 1597
910 1647
911 1668
912 1618
913 1633
914 1666
915 1633
916 1591
917 1828
918 1908
919 1906
920 1703
921 1633
922 1555
923 1548
924 1545
925 1569
926 1604
927 1585
928 1555
929 1677
930 1852
931 1801
932 1740
933 1553
934 1501
935 1511
936 1529
937 1518
938 1557
939 1517
940 1586
941 1466
942 1432
943 1576
944 1478
945 1566
946 1453
947 1486
948 1496
949 1429
950 1391
951 1435
952 1507
953 1450
954 1589
955 1768
956 1712
957 1545
958 1665
959 2207
960 4144
961 6512
962 5534
963 2938
964 1911
965 2486
966 4715
967 7590
968 6482
969 3507
970 2290
971 2056
972 1845
973 2340
974 3145
975 2776
976 1853
977 1452
978 1346
979 1344
980 1347
981 1249
982 1237
983 1316
984 1313
985 1279
986 1244
987 1237
988 1300
989 1316
990 1270
991 1277
992 1329
993 1248
994 1292
995 1266
996 1278
997 1223
998 1266
999 1223
1000 1243
1001 1201
1002 1223
1003 1223
1004 1227
1005 1256
1006 1211
1007 1240
1008 1258
1009 1248
1010 1314
1011 1393
1012 1427
1013 1435
1014 1282
1015 1343
1016 1347
1017 1542
1018 1692
1019 2026
1020 2719
1021 2950
1022 3308
1023 3117
1024 2700
1025 2208
1026 1750
1027 1485
1028 1442
1029 1458
1030 1506
1031 1591
1032 1981
1033 3166
1034 8369
1035 23930
1036 41443
1037 35245
1038 14277
1039 3627
1040 1677
1041 1460
1042 1355
1043 1301
1044 1266
1045 1216
1046 1211
1047 1148
1048 1244
1049 1178
1050 1169
1051 1105
1052 1169
1053 1184
1054 1182
1055 1211
1056 1466
1057 1470
1058 1338
1059 1200
1060 1186
1061 1116
1062 1122
1063 1128
1064 1136
1065 1118
1066 1188
1067 1066
1068 1126
1069 1105
1070 1066
1071 1063
1072 1129
1073 1036
1074 1120
1075 1071
1076 1147
1077 1047
1078 1083
1079 1051
1080 1093
1081 1073
1082 1082
1083 1111
1084 1065
1085 1112
1086 1090
1087 1121
1088 1110
1089 1142
1090 1477
1091 2126
1092 2807
1093 2534
1094 1609
1095 1184
1096 1118
1097 1073
1098 1088
1099 1084
1100 1060
1101 1042
1102 1060
1103 1053
1104 1102
1105 1054
1106 1129
1107 1092
1108 1017
1109 1082
1110 1109
1111 1113
1112 1077
1113 1094
1114 1126
1115 1047
1116 1076
1117 1073
1118 1058
1119 1097
1120 1160
1121 1172
1122 1155
1123 1154
1124 1210
1125 1391
1126 1598
1127 1426
1128 1131
1129 1187
1130 1143
1131 1268
1132 1631
1133 2204
1134 2618
1135 2079
1136 1460
1137 1214
1138 1199
1139 1316
1140 1564
1141 2061
1142 4210
1143 10805
1144 22756
1145 27087
1146 16152
1147 5278
1148 2018
1149 1399
1150 1471
1151 1800
1152 3415
1153 7808
1154 13150
1155 12296
1156 6142
1157 2258
1158 1251
1159 1173
1160 1129
1161 1083
1162 1063
1163 1121
1164 1024
1165 1148
1166 1088
1167 1058
1168 1131
1169 1094
1170 1019
1171 1035
1172 1046
1173 1066
1174 1110
1175 1259
1176 1331
1177 1201
1178 1122
1179 1036
1180 1035
1181 992
1182 979
1183 930
1184 938
1185 944
1186 1054
1187 994
1188 966
1189 962
1190 929
1191 917
1192 939
1193 941
1194 961
1195 908
1196 934
1197 968
1198 918
1199 914
1200 937
1201 937
1202 940
1203 1021
1204 1026
1205 1192
1206 1411
1207 2343
1208 4610
1209 7594
1210 8077
1211 8768
1212 18950
1213 38209
1214 44560
1215 26995
1216 8739
1217 2395
1218 1316
1219 1182
1220 1096
1221 1018
1222 974
1223 909
1224 950
1225 940
1226 874
1227 883
1228 913
1229 826
1230 840
1231 836
1232 800
1233 834
1234 792
1235 752
1236 785
1237 752
1238 758
1239 809
1240 782
1241 808
1242 1110
1243 1501
1244 1679
1245 1437
1246 1040
1247 795
1248 734
1249 721
1250 767
1251 738
1252 715
1253 770
1254 729
1255 664
1256 729
1257 733
1258 676
1259 706
1260 646
1261 664
1262 670
1263 717
1264 663
1265 691
1266 674
1267 676
1268 720
1269 674
1270 607
1271 629
1272 618
1273 610
1274 636
1275 593
1276 628
1277 638
1278 636
1279 545
1280 577
1281 592
1282 551
1283 646
1284 579
1285 585
1286 580
1287 588
1288 618
1289 597
1290 531
1291 617
1292 592
1293 597
1294 570
1295 582
1296 577
1297 631
1298 539
1299 565
1300 535
1301 592
1302 584
1303 638
1304 571
1305 523
1306 550
1307 572
1308 527
1309 532
1310 557
1311 572
1312 586
1313 570
1314 554
1315 524
1316 582
1317 569
1318 556
1319 548
1320 567
1321 595
1322 506
1323 520
1324 549
1325 581
1326 593
1327 680
1328 906
1329 1529
1330 3162
1331 5887
1332 7075
1333 4742
1334 1997
1335 788
1336 560
1337 557
1338 548
1339 517
1340 506
1341 495
1342 531
1343 507
1344 525
1345 508
1346 494
1347 491
1348 437
1349 464
1350 453
1351 464
1352 472
1353 446
1354 448
1355 453
1356 484
1357 440
1358 412
1359 420
1360 476
1361 395
1362 384
1363 459
1364 426
1365 483
1366 512
1367 720
1368 1025
1369 1129
1370 929
1371 609
1372 401
1373 404
1374 399
1375 426
1376 398
1377 415
1378 409
1379 382
1380 382
1381 378
1382 411
1383 398
1384 375
1385 408
1386 407
1387 394
1388 421
1389 426
1390 423
1391 409
1392 420
1393 442
1394 429
1395 403
1396 378
1397 363
1398 378
1399 380
1400 366
1401 377
1402 371
1403 364
1404 370
1405 314
1406 351
1407 351
1408 363
1409 351
1410 342
1411 345
1412 341
1413 367
1414 374
1415 318
1416 327
1417 342
1418 324
1419 367
1420 356
1421 360
1422 325
1423 349
1424 387
1425 394
1426 335
1427 352
1428 340
1429 288
1430 296
1431 335
1432 311
1433 340
1434 351
1435 406
1436 612
1437 925
1438 1043
1439 844
1440 497
1441 315
1442 338
1443 338
1444 314
1445 297
1446 326
1447 296
1448 319
1449 311
1450 324
1451 271
1452 308
1453 339
1454 343
1455 382
1456 430
1457 445
1458 391
1459 316
1460 303
1461 247
1462 294
1463 270
1464 277
1465 273
1466 282
1467 288
1468 280
1469 290
1470 259
1471 275
1472 305
1473 270
1474 293
1475 309
1476 318
1477 346
1478 299
1479 299
1480 256
1481 264
1482 286
1483 249
1484 262
1485 274
1486 245
1487 246
1488 262
1489 286
1490 252
1491 240
1492 254
1493 240
1494 247
1495 252
1496 252
1497 242
1498 222
1499 279
1500 260
1501 311
1502 310
1503 346
1504 335
1505 292
1506 262
1507 233
1508 245
1509 225
1510 226
1511 244
1512 244
1513 277
1514 250
1515 264
1516 242
1517 247
1518 243
1519 251
1520 240
1521 251
1522 270
1523 265
1524 327
1525 312
1526 270
1527 221
1528 267
1529 249
1530 229
1531 250
1532 230
1533 223
1534 259
1535 230
1536 247
1537 274
1538 225
1539 253
1540 304
1541 325
1542 350
1543 340
1544 357
1545 401
1546 571
1547 777
1548 872
1549 751
1550 489
1551 349
1552 293
1553 347
1554 509
1555 745
1556 827
1557 732
1558 484
1559 336
1560 408
1561 436
1562 543
1563 880
1564 1897
1565 4759
1566 10425
1567 16315
1568 15665
1569 8863
1570 3037
1571 832
1572 434
1573 359
1574 305
1575 264
1576 275
1577 253
1578 277
1579 224
1580 233
1581 223
1582 222
1583 193
1584 226
1585 206
1586 217
1587 209
1588 199
1589 187
1590 198
1591 205
1592 215
1593 210
1594 192
1595 226
1596 175
1597 191
1598 209
1599 182
1600 165
1601 194
1602 202
1603 178
1604 168
1605 164
1606 177
1607 191
1608 205
1609 173
1610 175
1611 174
1612 160
1613 185
1614 180
1615 174
1616 181
1617 183
1618 169
1619 209
1620 184
1621 176
1622 195
1623 186
1624 181
1625 178
1626 176
1627 208
1628 196
1629 281
1630 410
1631 613
1632 603
1633 470
1634 316
1635 192
1636 184
1637 159
1638 197
1639 168
1640 159
1641 174
1642 195
1643 204
1644 183
1645 212
1646 203
1647 230
1648 312
1649 339
1650 427
1651 375
1652 434
1653 642
1654 1362
1655 3227
1656 6210
1657 7951
1658 6227
1659 2906
1660 862
1661 349
1662 262
1663 238
1664 257
1665 246
1666 211
1667 189
1668 252
1669 346
1670 404
1671 349
1672 280
1673 181
1674 175
1675 162
1676 160
1677 152
1678 166
1679 164
1680 148
1681 133
1682 143
1683 151
1684 143
1685 155
1686 162
1687 168
1688 195
1689 263
1690 322
1691 307
1692 261
1693 169
1694 162
1695 146
1696 154
1697 150
1698 159
1699 138
1700 120
1701 117
1702 160
1703 148
1704 146
1705 137
1706 150
1707 126
1708 157
1709 153
1710 164
1711 167
1712 157
1713 155
1714 145
1715 128
1716 127
1717 141
1718 131
1719 154
1720 129
1721 125
1722 133
1723 125
1724 143
1725 131
1726 131
1727 142
1728 156
1729 127
1730 134
1731 150
1732 174
1733 179
1734 197
1735 220
1736 268
1737 307
1738 290
1739 467
1740 957
1741 2089
1742 3662
1743 4530
1744 3561
1745 1828
1746 713
1747 378
1748 375
1749 462
1750 455
1751 297
1752 199
1753 148
1754 164
1755 147
1756 129
1757 133
1758 130
1759 130
1760 131
1761 144
1762 133
1763 112
1764 114
1765 126
1766 118
1767 142
1768 119
1769 125
1770 129
1771 112
1772 123
1773 115
1774 121
1775 116
1776 111
1777 132
1778 137
1779 129
1780 134
1781 121
1782 107
1783 109
1784 137
1785 97
1786 131
1787 138
1788 156
1789 175
1790 162
1791 160
1792 132
1793 120
1794 128
1795 116
1796 118
1797 126
1798 131
1799 126
1800 146
1801 98
1802 135
1803 128
1804 131
1805 131
1806 149
1807 172
1808 293
1809 489
1810 1099
1811 1797
1812 2220
1813 1712
1814 884
1815 366
1816 160
1817 122
1818 122
1819 121
1820 118
1821 107
1822 105
1823 104
1824 116
1825 114
1826 106
1827 117
1828 107
1829 111
1830 121
1831 119
1832 141
1833 119
1834 115
1835 119
1836 114
1837 137
1838 137
1839 151
1840 146
1841 139
1842 127
1843 94
1844 122
1845 113
1846 89
1847 111
1848 121
1849 178
1850 221
1851 231
1852 185
1853 150
1854 117
1855 114
1856 121
1857 98
1858 101
1859 128
1860 112
1861 110
1862 103
1863 97
1864 95
1865 109
1866 133
1867 140
1868 145
1869 128
1870 110
1871 117
1872 101
1873 103
1874 98
1875 115
1876 112
1877 110
1878 91
1879 111
1880 110
1881 94
1882 87
1883 83
1884 107
1885 97
1886 105
1887 87
1888 100
1889 106
1890 104
1891 105
1892 101
1893 85
1894 100
1895 97
1896 106
1897 84
1898 107
1899 110
1900 93
1901 91
1902 97
1903 119
1904 100
1905 121
1906 93
1907 110
1908 77
1909 103
1910 95
1911 97
1912 100
1913 99
1914 98
1915 108
1916 95
1917 84
1918 108
1919 116
1920 88
1921 97
1922 92
1923 99
1924 96
1925 98
1926 133
1927 179
1928 257
1929 418
1930 454
1931 405
1932 258
1933 152
1934 78
1935 97
1936 68
1937 91
1938 84
1939 86
1940 93
1941 85
1942 89
1943 85
1944 71
1945 102
1946 95
1947 83
1948 94
1949 82
1950 70
1951 64
1952 65
1953 76
1954 92
1955 78
1956 58
1957 89
1958 74
1959 58
1960 76
1961 95
1962 80
1963 80
1964 88
1965 82
1966 102
1967 111
1968 139
1969 141
1970 144
1971 112
1972 93
1973 70
1974 60
1975 78
1976 82
1977 61
1978 57
1979 80
1980 88
1981 77
1982 82
1983 63
1984 51
1985 79
1986 104
1987 83
1988 99
1989 70
1990 86
1991 78
1992 60
1993 88
1994 63
1995 64
1996 71
1997 72
1998 60
1999 72
2000 67
2001 49
2002 69
2003 68
2004 73
2005 47
2006 66
2007 68
2008 65
2009 72
2010 64
2011 67
2012 63
2013 85
2014 69
2015 64
2016 53
2017 54
2018 72
2019 63
2020 59
2021 72
2022 62
2023 63
2024 72
2025 55
2026 63
2027 62
2028 58
2029 62
2030 52
2031 46
2032 55
2033 63
2034 47
2035 74
2036 65
2037 61
2038 64
2039 67
2040 64
2041 65
2042 61
2043 64
2044 58
2045 54
2046 70
2047 50
2048 54
2049 59
2050 45
2051 60
2052 59
2053 58
2054 61
2055 74
2056 54
2057 50
2058 55
2059 55
2060 51
2061 53
2062 51
2063 55
2064 62
2065 61
2066 41
2067 53
2068 59
2069 65
2070 49
2071 61
2072 53
2073 67
2074 62
2075 67
2076 79
2077 105
2078 96
2079 75
2080 64
2081 45
2082 52
2083 49
2084 56
2085 44
2086 45
2087 50
2088 61
2089 48
2090 48
2091 56
2092 43
2093 58
2094 43
2095 47
2096 50
2097 53
2098 61
2099 52
2100 60
2101 52
2102 71
2103 102
2104 100
2105 101
2106 61
2107 56
2108 57
2109 46
2110 43
2111 44
2112 48
2113 43
2114 46
2115 47
2116 34
2117 37
2118 36
2119 44
2120 42
2121 45
2122 63
2123 44
2124 40
2125 43
2126 62
2127 51
2128 53
2129 44
2130 38
2131 52
2132 50
2133 61
2134 62
2135 48
2136 52
2137 43
2138 41
2139 38
2140 37
2141 53
2142 42
2143 41
2144 40
2145 43
2146 36
2147 29
2148 38
2149 44
2150 44
2151 47
2152 31
2153 39
2154 30
2155 41
2156 32
2157 48
2158 35
2159 43
2160 49
2161 35
2162 42
2163 52
2164 35
2165 56
2166 39
2167 41
2168 56
2169 43
2170 41
2171 43
2172 43
2173 51
2174 40
2175 34
2176 47
2177 46
2178 38
2179 35
2180 47
2181 50
2182 48
2183 39
2184 35
2185 29
2186 40
2187 35
2188 46
2189 48
2190 38
2191 47
2192 39
2193 41
2194 35
2195 41
2196 38
2197 49
2198 30
2199 31
2200 38
2201 46
2202 54
2203 66
2204 55
2205 55
2206 34
2207 38
2208 42
2209 34
2210 43
2211 36
2212 34
2213 47
2214 47
2215 39
2216 31
2217 32
2218 28
2219 25
2220 45
2221 36
2222 34
2223 41
2224 30
2225 31
2226 33
2227 39
2228 38
2229 35
2230 40
2231 39
2232 41
2233 35
2234 37
2235 35
2236 43
2237 37
2238 29
2239 35
2240 45
2241 33
2242 35
2243 37
2244 38
2245 42
2246 44
2247 34
2248 33
2249 39
2250 43
2251 27
2252 32
2253 34
2254 40
2255 33
2256 32
2257 40
2258 44
2259 45
2260 40
2261 40
2262 35
2263 42
2264 45
2265 43
2266 42
2267 34
2268 35
2269 38
2270 31
2271 33
2272 42
2273 42
2274 31
2275 55
2276 72
2277 62
2278 84
2279 115
2280 97
2281 82
2282 45
2283 49
2284 29
2285 32
2286 39
2287 45
2288 36
2289 44
2290 35
2291 42
2292 51
2293 45
2294 65
2295 87
2296 124
2297 282
2298 437
2299 611
2300 553
2301 394
2302 212
2303 102
2304 54
2305 49
2306 34
2307 31
2308 38
2309 28
2310 42
2311 33
2312 34
2313 42
2314 37
2315 34
2316 28
2317 30
2318 34
2319 35
2320 35
2321 30
2322 27
2323 49
2324 38
2325 45
2326 28
2327 30
2328 26
2329 30
2330 35
2331 33
2332 41
2333 41
2334 37
2335 27
2336 35
2337 38
2338 40
2339 57
2340 90
2341 119
2342 195
2343 265
2344 210
2345 178
2346 158
2347 172
2348 188
2349 210
2350 98
2351 84
2352 45
2353 49
2354 44
2355 44
2356 36
2357 47
2358 64
2359 78
2360 40
2361 72
2362 62
2363 82
2364 117
2365 223
2366 433
2367 667
2368 925
2369 883
2370 635
2371 330
2372 124
2373 79
2374 47
2375 45
2376 36
2377 40
2378 38
2379 31
2380 35
2381 28
2382 34
2383 30
2384 34
2385 32
2386 27
2387 23
2388 31
2389 29
2390 34
2391 27
2392 35
2393 32
2394 33
2395 30
2396 28
2397 31
2398 41
2399 26
2400 35
2401 28
2402 29
2403 24
2404 31
2405 31
2406 30
2407 29
2408 25
2409 37
2410 18
2411 40
2412 27
2413 32
2414 26
2415 33
2416 30
2417 30
2418 31
2419 24
2420 28
2421 41
2422 37
2423 35
2424 34
2425 48
2426 63
2427 93
2428 91
2429 135
2430 89
2431 66
2432 46
2433 42
2434 36
2435 20
2436 31
2437 35
2438 30
2439 40
2440 27
2441 34
2442 27
2443 28
2444 29
2445 25
2446 39
2447 29
2448 36
2449 25
2450 28
2451 26
2452 26
2453 20
2454 16
2455 28
2456 33
2457 31
2458 27
2459 35
2460 30
2461 30
2462 36
2463 50
2464 72
2465 98
2466 98
2467 112
2468 82
2469 51
2470 41
2471 32
2472 24
2473 32
2474 29
2475 37
2476 33
2477 29
2478 26
2479 26
2480 30
2481 30
2482 28
2483 33
2484 39
2485 38
2486 26
2487 27
2488 35
2489 35
2490 25
2491 37
2492 31
2493 36
2494 35
2495 25
2496 20
2497 31
2498 30
2499 31
2500 20
2501 23
2502 30
2503 25
2504 28
2505 30
2506 22
2507 32
2508 36
2509 25
2510 27
2511 40
2512 40
2513 35
2514 32
2515 30
2516 25
2517 26
2518 27
2519 31
2520 15
2521 34
2522 44
2523 17
2524 22
2525 26
2526 30
2527 25
2528 31
2529 18
2530 31
2531 32
2532 34
2533 22
2534 34
2535 33
2536 21
2537 29
2538 23
2539 23
2540 39
2541 34
2542 28
2543 17
2544 23
2545 33
2546 31
2547 35
2548 30
2549 27
2550 29
2551 32
2552 28
2553 33
2554 24
2555 31
2556 25
2557 31
2558 38
2559 27
2560 25
2561 27
2562 31
2563 25
2564 32
2565 29
2566 33
2567 17
2568 28
2569 29
2570 22
2571 27
2572 19
2573 33
2574 25
2575 29
2576 29
2577 22
2578 27
2579 20
2580 30
2581 32
2582 31
2583 29
2584 30
2585 29
2586 35
2587 20
2588 35
2589 21
2590 36
2591 23
2592 24
2593 38
2594 38
2595 47
2596 43
2597 79
2598 83
2599 79
2600 60
2601 51
2602 36
2603 32
2604 37
2605 31
2606 29
2607 39
2608 30
2609 38
2610 35
2611 23
2612 34
2613 27
2614 26
2615 25
2616 25
2617 36
2618 35
2619 33
2620 32
2621 25
2622 18
2623 21
2624 26
2625 26
2626 24
2627 27
2628 27
2629 32
2630 29
2631 29
2632 37
2633 35
2634 28
2635 23
2636 19
2637 25
2638 30
2639 24
2640 33
2641 28
2642 19
2643 31
2644 34
2645 26
2646 21
2647 26
2648 31
2649 34
2650 26
2651 24
2652 30
2653 26
2654 32
2655 30
2656 34
2657 26
2658 35
2659 26
2660 40
2661 25
2662 34
2663 29
2664 27
2665 18
2666 35
2667 34
2668 26
2669 26
2670 28
2671 23
2672 23
2673 24
2674 25
2675 33
2676 24
2677 30
2678 24
2679 29
2680 34
2681 20
2682 21
2683 29
2684 32
2685 24
2686 25
2687 28
2688 19
2689 29
2690 20
2691 26
2692 34
2693 29
2694 30
2695 34
2696 28
2697 33
2698 34
2699 29
2700 34
2701 29
2702 20
2703 27
2704 32
2705 32
2706 20
2707 29
2708 29
2709 34
2710 49
2711 21
2712 19
2713 19
2714 15
2715 22
2716 26
2717 28
2718 21
2719 28
2720 33
2721 32
2722 30
2723 31
2724 30
2725 30
2726 30
2727 29
2728 34
2729 38
2730 30
2731 30
2732 25
2733 24
2734 27
2735 30
2736 25
2737 16
2738 23
2739 23
2740 30
2741 31
2742 33
2743 25
2744 25
2745 21
2746 19
2747 23
2748 30
2749 31
2750 28
2751 21
2752 25
2753 23
2754 24
2755 18
2756 23
2757 24
2758 18
2759 35
2760 23
2761 24
2762 17
2763 18
2764 24
2765 22
2766 23
2767 22
2768 22
2769 17
2770 30
2771 23
2772 24
2773 17
2774 21
2775 19
2776 18
2777 18
2778 16
2779 17
2780 18
2781 14
2782 22
2783 13
2784 19
2785 22
2786 23
2787 26
2788 17
2789 19
2790 25
2791 15
2792 13
2793 14
2794 15
2795 13
2796 19
2797 15
2798 15
2799 23
2800 23
2801 17
2802 20
2803 14
2804 7
2805 13
2806 19
2807 9
2808 18
2809 18
2810 21
2811 23
2812 19
2813 15
2814 21
2815 25
2816 12
2817 20
2818 19
2819 24
2820 21
2821 16
2822 16
2823 17
2824 17
2825 17
2826 12
2827 22
2828 12
2829 11
2830 17
2831 17
2832 12
2833 12
2834 16
2835 15
2836 16
2837 6
2838 13
2839 20
2840 11
2841 12
2842 15
2843 21
2844 15
2845 11
2846 16
2847 16
2848 15
2849 23
2850 21
2851 18
2852 19
2853 16
2854 12
2855 10
2856 9
2857 19
2858 14
2859 16
2860 17
2861 11
2862 9
2863 15
2864 16
2865 11
2866 13
2867 16
2868 21
2869 14
2870 12
2871 22
2872 24
2873 22
2874 18
2875 24
2876 28
2877 27
2878 34
2879 53
2880 44
2881 46
2882 25
2883 16
2884 15
2885 12
2886 16
2887 7
2888 9
2889 11
2890 13
2891 12
2892 14
2893 12
2894 16
2895 9
2896 9
2897 14
2898 17
2899 21
2900 15
2901 17
2902 24
2903 19
2904 13
2905 11
2906 8
2907 6
2908 15
2909 16
2910 7
2911 10
2912 18
2913 6
2914 14
2915 10
2916 10
2917 16
2918 9
2919 11
2920 13
2921 9
2922 10
2923 11
2924 17
2925 11
2926 9
2927 13
2928 16
2929 26
2930 38
2931 56
2932 98
2933 143
2934 154
2935 134
2936 89
2937 50
2938 29
2939 13
2940 6
2941 13
2942 11
2943 13
2944 12
2945 8
2946 11
2947 11
2948 14
2949 11
2950 14
2951 11
2952 9
2953 8
2954 10
2955 6
2956 14
2957 16
2958 13
2959 4
2960 9
2961 12
2962 8
2963 10
2964 7
2965 10
2966 12
2967 10
2968 9
2969 14
2970 11
2971 10
2972 6
2973 6
2974 11
2975 12
2976 9
2977 11
2978 13
2979 12
2980 8
2981 11
2982 10
2983 3
2984 5
2985 4
2986 14
2987 11
2988 8
2989 11
2990 6
2991 4
2992 11
2993 11
2994 5
2995 11
2996 8
2997 13
2998 16
2999 18
3000 27
3001 34
3002 31
3003 44
3004 30
3005 13
3006 20
3007 12
3008 9
3009 9
3010 11
3011 5
3012 8
3013 8
3014 11
3015 8
3016 5
3017 6
3018 9
3019 6
3020 12
3021 13
3022 13
3023 8
3024 4
3025 3
3026 7
3027 8
3028 8
3029 10
3030 14
3031 8
3032 4
3033 9
3034 11
3035 6
3036 7
3037 13
3038 5
3039 6
3040 3
3041 12
3042 4
3043 8
3044 11
3045 7
3046 5
3047 8
3048 6
3049 8
3050 7
3051 9
3052 5
3053 7
3054 5
3055 7
3056 6
3057 9
3058 16
3059 9
3060 12
3061 13
3062 14
3063 23
3064 18
3065 13
3066 7
3067 9
3068 6
3069 5
3070 3
3071 7
3072 10
3073 4
3074 5
3075 8
3076 4
3077 7
3078 13
3079 1
3080 8
3081 3
3082 11
3083 15
3084 11
3085 10
3086 8
3087 8
3088 10
3089 5
3090 8
3091 7
3092 8
3093 8
3094 9
3095 4
3096 11
3097 9
3098 13
3099 13
3100 14
3101 12
3102 9
3103 8
3104 9
3105 8
3106 12
3107 8
3108 5
3109 7
3110 6
3111 3
3112 6
3113 6
3114 10
3115 8
3116 14
3117 18
3118 18
3119 32
3120 39
3121 51
3122 34
3123 34
3124 31
3125 10
3126 5
3127 6
3128 6
3129 7
3130 9
3131 6
3132 6
3133 5
3134 2
3135 7
3136 9
3137 3
3138 5
3139 6
3140 3
3141 7
3142 8
3143 8
3144 3
3145 8
3146 2
3147 8
3148 7
3149 8
3150 8
3151 2
3152 3
3153 5
3154 8
3155 8
3156 11
3157 8
3158 8
3159 13
3160 4
3161 10
3162 6
3163 4
3164 3
3165 10
3166 10
3167 12
3168 17
3169 15
3170 22
3171 19
3172 13
3173 17
3174 19
3175 14
3176 8
3177 5
3178 12
3179 7
3180 7
3181 15
3182 10
3183 13
3184 29
3185 21
3186 37
3187 80
3188 109
3189 156
3190 295
3191 458
3192 604
3193 610
3194 531
3195 371
3196 183
3197 84
3198 36
3199 19
3200 17
3201 8
3202 9
3203 6
3204 10
3205 12
3206 9
3207 5
3208 5
3209 3
3210 6
3211 6
3212 8
3213 8
3214 8
3215 4
3216 5
3217 4
3218 9
3219 7
3220 2
3221 4
3222 5
3223 2
3224 5
3225 4
3226 5
3227 4
3228 8
3229 2
3230 5
3231 6
3232 2
3233 5
3234 2
3235 4
3236 3
3237 1
3238 1
3239 2
3240 1
3241 3
3242 5
3243 3
3244 1
3245 3
3246 5
3247 2
3248 3
3249 1
3250 2
3251 3
3252 5
3253 6
3254 4
3255 1
3256 6
3257 7
3258 3
3259 1
3260 2
3261 3
3262 0
3263 4
3264 8
3265 1
3266 5
3267 5
3268 4
3269 8
3270 8
3271 4
3272 2
3273 2
3274 0
3275 2
3276 0
3277 2
3278 0
3279 2
3280 2
3281 2
3282 3
3283 3
3284 5
3285 4
3286 5
3287 2
3288 1
3289 3
3290 1
3291 4
3292 2
3293 4
3294 1
3295 1
3296 5
3297 3
3298 4
3299 5
3300 1
3301 3
3302 4
3303 2
3304 2
3305 4
3306 3
3307 2
3308 4
3309 3
3310 1
3311 3
3312 1
3313 1
3314 4
3315 4
3316 5
3317 2
3318 2
3319 0
3320 3
3321 3
3322 2
3323 2
3324 4
3325 1
3326 2
3327 2
3328 2
3329 1
3330 1
3331 0
3332 3
3333 4
3334 0
3335 2
3336 2
3337 1
3338 2
3339 0
3340 1
3341 2
3342 3
3343 1
3344 0
3345 1
3346 5
3347 2
3348 2
3349 0
3350 2
3351 5
3352 3
3353 2
3354 3
3355 0
3356 3
3357 2
3358 2
3359 4
3360 0
3361 3
3362 3
3363 4
3364 3
3365 5
3366 1
3367 4
3368 3
3369 2
3370 4
3371 2
3372 0
3373 5
3374 0
3375 0
3376 3
3377 4
3378 3
3379 2
3380 2
3381 2
3382 1
3383 1
3384 2
3385 2
3386 2
3387 5
3388 6
3389 2
3390 2
3391 1
3392 2
3393 4
3394 1
3395 6
3396 1
3397 1
3398 1
3399 2
3400 0
3401 3
3402 1
3403 1
3404 2
3405 0
3406 0
3407 1
3408 1
3409 2
3410 3
3411 1
3412 2
3413 3
3414 0
3415 2
3416 1
3417 1
3418 2
3419 3
3420 1
3421 1
3422 3
3423 0
3424 3
3425 3
3426 2
3427 1
3428 1
3429 0
3430 4
3431 5
3432 3
3433 0
3434 2
3435 4
3436 2
3437 3
3438 1
3439 2
3440 1
3441 0
3442 2
3443 2
3444 1
3445 2
3446 2
3447 3
3448 0
3449 3
3450 3
3451 0
3452 3
3453 2
3454 3
3455 0
3456 1
3457 2
3458 2
3459 0
3460 3
3461 3
3462 1
3463 4
3464 1
3465 3
3466 3
3467 3
3468 1
3469 1
3470 1
3471 1
3472 0
3473 2
3474 2
3475 2
3476 2
3477 1
3478 2
3479 2
3480 2
3481 2
3482 0
3483 2
3484 0
3485 1
3486 2
3487 1
3488 2
3489 2
3490 4
3491 0
3492 2
3493 3
3494 2
3495 1
3496 0
3497 3
3498 0
3499 1
3500 3
3501 2
3502 1
3503 0
3504 0
3505 0
3506 2
3507 2
3508 1
3509 0
3510 2
3511 3
3512 0
3513 0
3514 3
3515 2
3516 1
3517 0
3518 1
3519 1
3520 5
3521 1
3522 0
3523 2
3524 4
3525 2
3526 3
3527 4
3528 5
3529 11
3530 6
3531 24
3532 28
3533 49
3534 52
3535 58
3536 54
3537 26
3538 19
3539 10
3540 4
3541 3
3542 2
3543 0
3544 1
3545 2
3546 0
3547 1
3548 2
3549 1
3550 2
3551 2
3552 2
3553 4
3554 1
3555 1
3556 3
3557 0
3558 1
3559 0
3560 0
3561 1
3562 2
3563 0
3564 2
3565 3
3566 3
3567 2
3568 0
3569 1
3570 4
3571 0
3572 2
3573 0
3574 1
3575 0
3576 1
3577 2
3578 0
3579 0
3580 2
3581 0
3582 1
3583 2
3584 0
3585 1
3586 0
3587 0
3588 2
3589 2
3590 0
3591 2
3592 5
3593 1
3594 11
3595 6
3596 6
3597 10
3598 4
3599 4
3600 3
3601 2
3602 0
3603 2
3604 2
3605 0
3606 2
3607 3
3608 1
3609 1
3610 2
3611 2
3612 0
3613 2
3614 0
3615 2
3616 3
3617 1
3618 2
3619 1
3620 0
3621 0
3622 3
3623 1
3624 1
3625 0
3626 0
3627 3
3628 2
3629 1
3630 1
3631 3
3632 1
3633 1
3634 1
3635 1
3636 2
3637 2
3638 2
3639 3
3640 1
3641 2
3642 0
3643 1
3644 0
3645 1
3646 0
3647 2
3648 0
3649 1
3650 0
3651 1
3652 0
3653 1
3654 0
3655 1
3656 0
3657 1
3658 1
3659 1
3660 2
3661 3
3662 1
3663 0
3664 1
3665 0
3666 1
3667 4
3668 1
3669 1
3670 1
3671 1
3672 2
3673 1
3674 1
3675 2
3676 1
3677 1
3678 0
3679 1
3680 0
3681 0
3682 3
3683 3
3684 2
3685 0
3686 2
3687 0
3688 4
3689 0
3690 1
3691 0
3692 1
3693 1
3694 0
3695 0
3696 1
3697 1
3698 1
3699 1
3700 0
3701 0
3702 0
3703 0
3704 0
3705 1
3706 1
3707 0
3708 0
3709 1
3710 2
3711 2
3712 2
3713 0
3714 1
3715 1
3716 0
3717 2
3718 2
3719 0
3720 3
3721 3
3722 1
3723 0
3724 3
3725 1
3726 0
3727 2
3728 1
3729 1
3730 4
3731 2
3732 1
3733 0
3734 1
3735 0
3736 1
3737 0
3738 0
3739 1
3740 1
3741 0
3742 2
3743 0
3744 1
3745 2
3746 3
3747 0
3748 0
3749 2
3750 2
3751 2
3752 2
3753 1
3754 0
3755 0
3756 0
3757 1
3758 1
3759 0
3760 1
3761 0
3762 1
3763 1
3764 0
3765 2
3766 1
3767 2
3768 1
3769 0
3770 2
3771 1
3772 1
3773 0
3774 1
3775 1
3776 1
3777 3
3778 1
3779 2
3780 0
3781 3
3782 0
3783 2
3784 0
3785 0
3786 1
3787 0
3788 0
3789 1
3790 4
3791 2
3792 1
3793 2
3794 0
3795 2
3796 0
3797 1
3798 2
3799 1
3800 0
3801 1
3802 1
3803 0
3804 0
3805 2
3806 2
3807 1
3808 1
3809 1
3810 0
3811 0
3812 0
3813 1
3814 2
3815 1
3816 0
3817 0
3818 1
3819 0
3820 0
3821 0
3822 1
3823 1
3824 0
3825 0
3826 2
3827 0
3828 1
3829 1
3830 2
3831 1
3832 2
3833 0
3834 0
3835 0
3836 1
3837 1
3838 2
3839 1
3840 1
3841 0
3842 0
3843 0
3844 1
3845 1
3846 1
3847 1
3848 1
3849 1
3850 1
3851 0
3852 0
3853 0
3854 0
3855 1
3856 0
3857 0
3858 0
3859 1
3860 2
3861 0
3862 0
3863 0
3864 1
3865 1
3866 1
3867 0
3868 1
3869 2
3870 1
3871 1
3872 1
3873 1
3874 0
3875 0
3876 0
3877 3
3878 0
3879 0
3880 0
3881 1
3882 1
3883 1
3884 1
3885 1
3886 0
3887 1
3888 1
3889 0
3890 0
3891 0
3892 0
3893 0
3894 1
3895 1
3896 2
3897 0
3898 3
3899 0
3900 1
3901 0
3902 1
3903 1
3904 2
3905 3
3906 0
3907 0
3908 0
3909 0
3910 0
3911 2
3912 1
3913 1
3914 1
3915 0
3916 1
3917 0
3918 0
3919 0
3920 0
3921 0
3922 1
3923 3
3924 1
3925 3
3926 1
3927 1
3928 0
3929 1
3930 2
3931 1
3932 2
3933 0
3934 0
3935 1
3936 0
3937 1
3938 1
3939 1
3940 3
3941 0
3942 0
3943 0
3944 0
3945 2
3946 0
3947 1
3948 0
3949 0
3950 1
3951 1
3952 1
3953 0
3954 2
3955 0
3956 2
3957 0
3958 1
3959 0
3960 0
3961 1
3962 0
3963 2
3964 1
3965 0
3966 1
3967 0
3968 0
3969 3
3970 0
3971 3
3972 0
3973 0
3974 0
3975 0
3976 0
3977 0
3978 0
3979 0
3980 1
3981 0
3982 1
3983 1
3984 4
3985 1
3986 1
3987 0
3988 0
3989 0
3990 1
3991 0
3992 0
3993 0
3994 1
3995 1
3996 0
3997 1
3998 1
3999 1
4000 0
4001 1
4002 1
4003 0
4004 2
4005 1
4006 2
4007 1
4008 0
4009 2
4010 0
4011 2
4012 0
4013 2
4014 2
4015 1
4016 2
4017 3
4018 6
4019 1
4020 3
4021 5
4022 2
4023 2
4024 4
4025 1
4026 0
4027 2
4028 0
4029 0
4030 0
4031 0
4032 0
4033 2
4034 0
4035 0
4036 1
4037 1
4038 1
4039 0
4040 0
4041 0
4042 0
4043 0
4044 2
4045 0
4046 0
4047 0
4048 1
4049 0
4050 1
4051 0
4052 0
4053 1
4054 0
4055 0
4056 0
4057 0
4058 2
4059 1
4060 0
4061 3
4062 3
4063 3
4064 1
4065 1
4066 1
4067 1
4068 0
4069 1
4070 2
4071 0
4072 1
4073 0
4074 0
4075 1
4076 1
4077 1
4078 0
4079 3
4080 1
4081 1
4082 0
4083 0
4084 1
4085 0
4086 0
4087 2
4088 1
4089 0
4090 0
4091 3
4092 2
4093 0
4094 1
4095 1
End
