ASCII channel-by-channel listing for 289_091.18
1139 - 57 - 658 started 2018-10-16 22:52:36.0 on counter 76
Generated Oct 17 2018 16.47.22, CRNG database/web system
Channel Data
0 150
1 183
2 0
3 0
4 0
5 0
6 0
7 0
8 0
9 0
10 0
11 0
12 0
13 0
14 0
15 0
16 0
17 0
18 0
19 0
20 0
21 0
22 0
23 0
24 0
25 0
26 0
27 0
28 0
29 0
30 0
31 0
32 0
33 0
34 0
35 0
36 0
37 0
38 0
39 0
40 0
41 0
42 0
43 0
44 0
45 0
46 0
47 0
48 0
49 0
50 0
51 0
52 0
53 0
54 0
55 0
56 0
57 0
58 0
59 0
60 0
61 0
62 0
63 0
64 0
65 0
66 0
67 0
68 0
69 0
70 0
71 0
72 0
73 0
74 0
75 0
76 0
77 0
78 0
79 1
80 31
81 297
82 1126
83 3323
84 12839
85 18056
86 18120
87 18114
88 18100
89 18091
90 17918
91 17646
92 17630
93 17461
94 17356
95 17484
96 17417
97 17190
98 17125
99 16982
100 17004
101 17113
102 16986
103 16745
104 16795
105 17081
106 16574
107 16660
108 16794
109 16636
110 16473
111 16543
112 16314
113 16468
114 16376
115 16464
116 16348
117 16275
118 16595
119 16374
120 16245
121 16176
122 16119
123 16017
124 16251
125 15948
126 16249
127 16050
128 16056
129 16271
130 16276
131 16258
132 16218
133 16095
134 16162
135 16220
136 16248
137 16301
138 16386
139 16416
140 16428
141 16346
142 16393
143 16429
144 16645
145 17098
146 17293
147 16708
148 16803
149 17424
150 18482
151 17261
152 16261
153 16618
154 16486
155 16552
156 16611
157 16878
158 16785
159 16636
160 16640
161 16658
162 16993
163 17127
164 17228
165 17152
166 17304
167 17312
168 17914
169 18407
170 18646
171 18219
172 18093
173 20040
174 22492
175 20462
176 19743
177 23700
178 23528
179 19650
180 18461
181 18656
182 18705
183 18676
184 18778
185 18819
186 18971
187 19394
188 19369
189 19303
190 19594
191 19474
192 19795
193 20064
194 20105
195 20085
196 20454
197 20653
198 20748
199 20575
200 20972
201 20901
202 21140
203 21474
204 21241
205 21613
206 21772
207 21806
208 21933
209 22324
210 22173
211 22070
212 22493
213 22453
214 22947
215 22941
216 23050
217 23048
218 23358
219 23593
220 23212
221 23580
222 23801
223 24204
224 24122
225 24277
226 24121
227 24447
228 24715
229 24765
230 25073
231 24918
232 25220
233 25198
234 25887
235 27984
236 31066
237 30089
238 34054
239 44440
240 36730
241 27456
242 26561
243 26377
244 26240
245 26256
246 26303
247 26446
248 26770
249 26572
250 26198
251 26351
252 26406
253 26713
254 27022
255 26745
256 27077
257 27522
258 27136
259 27536
260 27992
261 28187
262 28760
263 29288
264 29148
265 30061
266 31313
267 29987
268 29418
269 29512
270 29108
271 28992
272 28854
273 29026
274 28848
275 28771
276 29504
277 28727
278 29140
279 28776
280 28984
281 29139
282 28805
283 28993
284 28628
285 28584
286 28338
287 28182
288 28095
289 28172
290 27922
291 27976
292 27653
293 27641
294 27563
295 27562
296 27300
297 27228
298 27093
299 26588
300 27118
301 26453
302 26720
303 26475
304 26125
305 25953
306 26178
307 25841
308 26026
309 25468
310 25692
311 25317
312 25663
313 25182
314 24960
315 25127
316 24709
317 24730
318 24660
319 24487
320 23960
321 23998
322 24226
323 23730
324 23771
325 24015
326 23802
327 23296
328 23144
329 23077
330 23066
331 23164
332 22867
333 22861
334 22957
335 22817
336 22753
337 22710
338 23217
339 23003
340 23002
341 22665
342 22604
343 22745
344 23214
345 22932
346 22776
347 22700
348 22866
349 23025
350 22656
351 22976
352 22882
353 22644
354 22942
355 22719
356 23680
357 23351
358 23256
359 23035
360 22848
361 22885
362 22714
363 22684
364 22877
365 22357
366 22659
367 22364
368 22644
369 22706
370 22658
371 22292
372 22314
373 22115
374 22241
375 21945
376 21699
377 21765
378 21617
379 21358
380 21169
381 21129
382 20741
383 20672
384 20525
385 20496
386 20565
387 20321
388 20003
389 19939
390 19846
391 19633
392 19519
393 19543
394 19125
395 19166
396 18838
397 19095
398 18623
399 19056
400 18528
401 19001
402 18633
403 18041
404 17897
405 17745
406 17762
407 17656
408 17481
409 17690
410 18277
411 24787
412 60839
413 106715
414 70851
415 27555
416 18779
417 17254
418 16835
419 16423
420 16286
421 15742
422 15586
423 15490
424 15311
425 15003
426 14949
427 15131
428 14740
429 14521
430 14547
431 14540
432 14384
433 14267
434 13825
435 14099
436 13808
437 13954
438 13726
439 13761
440 13800
441 13736
442 13636
443 13474
444 13197
445 13116
446 12917
447 13141
448 12937
449 12989
450 12709
451 12731
452 12679
453 12573
454 12690
455 12416
456 12525
457 12300
458 12330
459 12381
460 12109
461 12163
462 12107
463 12166
464 11854
465 12047
466 12011
467 12038
468 11787
469 11989
470 11936
471 11966
472 11568
473 11693
474 11662
475 11724
476 11518
477 11516
478 11633
479 11532
480 11534
481 11487
482 11496
483 11436
484 11362
485 11260
486 11305
487 11229
488 11281
489 11183
490 11188
491 11171
492 11214
493 11213
494 11135
495 11350
496 11293
497 11156
498 11206
499 11161
500 11162
501 11122
502 11151
503 11223
504 11363
505 11407
506 11367
507 13299
508 18315
509 19895
510 14855
511 11824
512 11195
513 11245
514 11170
515 10978
516 11183
517 11238
518 11256
519 11100
520 11137
521 11034
522 11552
523 11115
524 11655
525 11732
526 12227
527 13524
528 17493
529 43833
530 176811
531 359871
532 264081
533 77067
534 25858
535 22163
536 21064
537 16276
538 13529
539 12809
540 12051
541 11854
542 11501
543 11389
544 11240
545 10843
546 10871
547 10635
548 10631
549 10479
550 10767
551 11237
552 12075
553 11366
554 10521
555 10271
556 10316
557 10185
558 9985
559 9733
560 9958
561 9996
562 9924
563 9692
564 9661
565 9578
566 9625
567 9540
568 9389
569 9482
570 9338
571 9431
572 9351
573 9483
574 9358
575 9240
576 9319
577 9407
578 9174
579 9179
580 9269
581 9312
582 9010
583 9314
584 9109
585 8987
586 9209
587 9194
588 9234
589 8880
590 9094
591 8998
592 9246
593 9046
594 9496
595 9639
596 10268
597 13223
598 29097
599 93935
600 179126
601 134727
602 44582
603 16256
604 12248
605 11023
606 10365
607 9929
608 9790
609 9909
610 9448
611 9230
612 8875
613 8821
614 8665
615 8639
616 8611
617 8335
618 8390
619 8444
620 8248
621 8301
622 8026
623 8270
624 8212
625 7949
626 8002
627 7909
628 7901
629 7793
630 7890
631 7731
632 7669
633 7673
634 7716
635 7743
636 7555
637 7788
638 7869
639 7483
640 7471
641 7455
642 7403
643 7305
644 7417
645 7269
646 7301
647 7313
648 7289
649 7273
650 7338
651 7308
652 7342
653 7181
654 7048
655 7300
656 7365
657 7887
658 7666
659 7437
660 7220
661 6927
662 7077
663 7103
664 7027
665 6972
666 7210
667 6834
668 6948
669 6826
670 6852
671 6815
672 6879
673 6696
674 6732
675 6790
676 6673
677 6754
678 6720
679 6668
680 6577
681 6553
682 6602
683 6515
684 6463
685 6704
686 6903
687 6592
688 6540
689 6261
690 6214
691 6270
692 6105
693 6184
694 6104
695 5943
696 6021
697 6091
698 5982
699 6022
700 5796
701 5853
702 5864
703 5845
704 5899
705 5636
706 5740
707 5728
708 5640
709 5775
710 5644
711 5613
712 5681
713 5569
714 5467
715 5577
716 5604
717 5478
718 5498
719 5436
720 5358
721 5403
722 5391
723 5333
724 5333
725 5321
726 5329
727 5227
728 5318
729 5377
730 5458
731 5293
732 5349
733 5364
734 5353
735 5195
736 5249
737 5344
738 5244
739 5193
740 5319
741 5067
742 5220
743 5157
744 5131
745 5151
746 5110
747 5147
748 5079
749 5186
750 5189
751 5105
752 5086
753 5162
754 5162
755 4950
756 5234
757 5573
758 7205
759 11219
760 12335
761 8864
762 5878
763 5316
764 4953
765 5137
766 5000
767 5065
768 5042
769 5025
770 4895
771 4979
772 4949
773 5082
774 5655
775 7229
776 7666
777 6264
778 5201
779 4880
780 4938
781 4901
782 4699
783 4804
784 4718
785 4770
786 4785
787 4629
788 4702
789 4748
790 4622
791 4711
792 4641
793 4722
794 4758
795 5806
796 6833
797 6147
798 5218
799 5418
800 5739
801 5463
802 4713
803 4330
804 4397
805 4367
806 4325
807 4268
808 4223
809 4198
810 4137
811 4183
812 4247
813 4173
814 4178
815 4226
816 4219
817 4158
818 4169
819 4183
820 4011
821 4089
822 4195
823 4086
824 4042
825 3999
826 4060
827 3934
828 4019
829 4068
830 3934
831 3956
832 3965
833 4003
834 3866
835 3930
836 3910
837 3889
838 3830
839 3833
840 3995
841 3897
842 3741
843 3815
844 3793
845 3808
846 3803
847 3628
848 3763
849 3747
850 3763
851 3748
852 3505
853 3496
854 3515
855 3490
856 3518
857 3353
858 3382
859 3335
860 3362
861 3397
862 3362
863 3159
864 3347
865 3416
866 3332
867 3305
868 3284
869 3360
870 3276
871 3187
872 3126
873 3319
874 3228
875 3094
876 3068
877 3121
878 3130
879 3168
880 3070
881 3039
882 3034
883 2948
884 3062
885 3025
886 2894
887 3015
888 2947
889 2924
890 2965
891 2917
892 3061
893 3356
894 3809
895 3869
896 3369
897 2939
898 2861
899 2861
900 2792
901 2839
902 2886
903 2834
904 2826
905 2786
906 2783
907 2735
908 2655
909 2765
910 2804
911 2802
912 2804
913 2638
914 2695
915 2717
916 2718
917 2976
918 3209
919 2969
920 2812
921 2696
922 2610
923 2706
924 2732
925 2630
926 2586
927 2732
928 2698
929 2733
930 3048
931 2965
932 2749
933 2601
934 2509
935 2592
936 2514
937 2603
938 2528
939 2549
940 2586
941 2552
942 2455
943 2569
944 2531
945 2486
946 2424
947 2436
948 2458
949 2555
950 2518
951 2385
952 2373
953 2467
954 2502
955 2498
956 2524
957 2477
958 2535
959 2895
960 4183
961 5400
962 4735
963 3291
964 2734
965 3717
966 6595
967 9631
968 8032
969 4841
970 3499
971 3159
972 2826
973 2996
974 3323
975 3109
976 2534
977 2369
978 2276
979 2228
980 2325
981 2261
982 2184
983 2304
984 2170
985 2235
986 2213
987 2170
988 2228
989 2257
990 2272
991 2323
992 2163
993 2274
994 2138
995 2154
996 2186
997 2169
998 2187
999 2170
1000 2157
1001 2174
1002 2150
1003 2067
1004 2137
1005 2122
1006 2141
1007 2176
1008 2124
1009 2121
1010 2310
1011 2533
1012 2560
1013 2609
1014 2488
1015 2810
1016 3148
1017 4250
1018 6144
1019 9246
1020 12890
1021 16066
1022 17685
1023 16406
1024 13362
1025 9589
1026 6225
1027 4424
1028 3558
1029 3057
1030 2865
1031 2771
1032 3211
1033 4772
1034 12039
1035 31041
1036 49976
1037 40471
1038 17239
1039 6096
1040 3586
1041 3105
1042 2763
1043 2659
1044 2597
1045 2432
1046 2337
1047 2229
1048 2334
1049 2282
1050 2277
1051 2219
1052 2232
1053 2157
1054 2145
1055 2222
1056 2494
1057 2542
1058 2366
1059 2092
1060 2161
1061 2084
1062 2067
1063 2067
1064 1923
1065 1973
1066 2015
1067 1938
1068 1977
1069 1970
1070 1933
1071 1919
1072 1855
1073 1884
1074 1929
1075 1893
1076 1896
1077 1904
1078 1919
1079 1877
1080 1849
1081 1943
1082 1876
1083 1815
1084 1830
1085 1905
1086 1880
1087 1911
1088 1911
1089 1943
1090 2268
1091 3196
1092 3898
1093 3473
1094 2529
1095 1976
1096 1890
1097 1825
1098 1895
1099 1886
1100 1820
1101 1810
1102 1863
1103 1797
1104 1782
1105 1766
1106 1825
1107 1819
1108 1785
1109 1747
1110 1801
1111 1859
1112 1852
1113 1782
1114 1788
1115 1781
1116 1840
1117 1771
1118 1824
1119 1788
1120 1790
1121 1845
1122 1901
1123 1887
1124 2067
1125 2303
1126 2372
1127 2217
1128 1938
1129 1989
1130 2005
1131 2128
1132 2441
1133 3149
1134 3428
1135 2887
1136 2147
1137 1969
1138 2008
1139 2087
1140 2267
1141 2909
1142 5600
1143 14595
1144 28795
1145 31423
1146 19076
1147 7421
1148 3520
1149 2687
1150 2570
1151 2896
1152 5065
1153 10526
1154 16571
1155 14921
1156 7975
1157 3546
1158 2457
1159 2194
1160 2155
1161 2007
1162 1973
1163 2006
1164 1898
1165 1913
1166 1954
1167 1924
1168 1883
1169 1893
1170 1859
1171 1777
1172 1783
1173 1860
1174 1978
1175 1962
1176 1885
1177 1843
1178 1695
1179 1727
1180 1649
1181 1636
1182 1703
1183 1771
1184 1755
1185 1647
1186 1748
1187 1629
1188 1627
1189 1649
1190 1643
1191 1657
1192 1627
1193 1651
1194 1599
1195 1611
1196 1572
1197 1535
1198 1631
1199 1578
1200 1640
1201 1688
1202 1608
1203 1670
1204 1712
1205 1808
1206 2235
1207 3414
1208 6465
1209 9926
1210 10413
1211 11620
1212 24768
1213 47167
1214 52652
1215 31714
1216 11491
1217 4354
1218 3014
1219 2477
1220 2320
1221 2139
1222 2103
1223 2074
1224 1892
1225 1826
1226 1835
1227 1795
1228 1743
1229 1693
1230 1664
1231 1645
1232 1585
1233 1537
1234 1597
1235 1529
1236 1569
1237 1497
1238 1527
1239 1541
1240 1499
1241 1624
1242 1930
1243 2259
1244 2526
1245 2214
1246 1718
1247 1496
1248 1415
1249 1437
1250 1408
1251 1406
1252 1394
1253 1446
1254 1361
1255 1445
1256 1409
1257 1321
1258 1347
1259 1342
1260 1432
1261 1322
1262 1339
1263 1310
1264 1303
1265 1330
1266 1248
1267 1304
1268 1253
1269 1258
1270 1295
1271 1224
1272 1157
1273 1206
1274 1229
1275 1233
1276 1118
1277 1186
1278 1238
1279 1138
1280 1134
1281 1165
1282 1153
1283 1166
1284 1192
1285 1099
1286 1138
1287 1102
1288 1192
1289 1090
1290 1081
1291 1111
1292 1129
1293 1115
1294 1100
1295 1058
1296 1088
1297 1130
1298 1094
1299 1083
1300 1124
1301 1058
1302 1176
1303 1138
1304 1152
1305 1039
1306 1071
1307 1054
1308 1076
1309 1068
1310 1063
1311 1055
1312 1025
1313 1008
1314 1065
1315 1089
1316 1064
1317 1053
1318 1021
1319 1074
1320 1036
1321 1057
1322 1058
1323 1079
1324 1055
1325 1044
1326 1144
1327 1137
1328 1407
1329 2184
1330 4329
1331 7442
1332 8544
1333 5847
1334 2833
1335 1486
1336 1220
1337 1174
1338 1053
1339 1003
1340 1009
1341 1008
1342 1026
1343 994
1344 1007
1345 1011
1346 949
1347 921
1348 888
1349 953
1350 918
1351 990
1352 876
1353 910
1354 976
1355 925
1356 876
1357 873
1358 889
1359 881
1360 906
1361 870
1362 861
1363 942
1364 823
1365 874
1366 968
1367 1248
1368 1598
1369 1758
1370 1396
1371 1065
1372 879
1373 808
1374 898
1375 856
1376 783
1377 840
1378 863
1379 814
1380 763
1381 769
1382 839
1383 809
1384 798
1385 768
1386 783
1387 755
1388 727
1389 780
1390 782
1391 837
1392 843
1393 868
1394 825
1395 820
1396 768
1397 736
1398 747
1399 768
1400 798
1401 763
1402 709
1403 723
1404 725
1405 732
1406 770
1407 746
1408 706
1409 684
1410 704
1411 665
1412 717
1413 719
1414 704
1415 695
1416 668
1417 709
1418 667
1419 671
1420 672
1421 689
1422 720
1423 657
1424 757
1425 740
1426 732
1427 688
1428 711
1429 644
1430 674
1431 616
1432 685
1433 688
1434 694
1435 776
1436 1036
1437 1401
1438 1531
1439 1211
1440 888
1441 706
1442 684
1443 655
1444 636
1445 676
1446 617
1447 627
1448 674
1449 616
1450 660
1451 642
1452 679
1453 629
1454 659
1455 703
1456 748
1457 768
1458 708
1459 668
1460 598
1461 575
1462 584
1463 574
1464 581
1465 557
1466 613
1467 545
1468 576
1469 579
1470 566
1471 571
1472 567
1473 540
1474 553
1475 576
1476 624
1477 667
1478 641
1479 606
1480 576
1481 547
1482 578
1483 488
1484 509
1485 529
1486 536
1487 568
1488 581
1489 551
1490 547
1491 525
1492 507
1493 502
1494 519
1495 524
1496 545
1497 503
1498 509
1499 538
1500 565
1501 525
1502 539
1503 569
1504 572
1505 537
1506 529
1507 547
1508 534
1509 510
1510 501
1511 527
1512 522
1513 503
1514 517
1515 516
1516 505
1517 472
1518 476
1519 521
1520 508
1521 505
1522 526
1523 510
1524 544
1525 525
1526 499
1527 480
1528 506
1529 488
1530 471
1531 482
1532 482
1533 502
1534 477
1535 474
1536 474
1537 551
1538 495
1539 534
1540 530
1541 541
1542 614
1543 529
1544 594
1545 735
1546 875
1547 1122
1548 1276
1549 1030
1550 778
1551 605
1552 577
1553 667
1554 824
1555 1043
1556 1286
1557 1054
1558 772
1559 640
1560 685
1561 702
1562 858
1563 1173
1564 2371
1565 5829
1566 12800
1567 19669
1568 18773
1569 10642
1570 4252
1571 1677
1572 1039
1573 847
1574 826
1575 661
1576 661
1577 638
1578 619
1579 575
1580 521
1581 531
1582 550
1583 527
1584 535
1585 544
1586 488
1587 440
1588 504
1589 488
1590 516
1591 489
1592 438
1593 517
1594 468
1595 476
1596 432
1597 448
1598 463
1599 395
1600 438
1601 440
1602 439
1603 410
1604 409
1605 448
1606 440
1607 437
1608 421
1609 474
1610 418
1611 411
1612 424
1613 408
1614 405
1615 414
1616 402
1617 392
1618 416
1619 447
1620 360
1621 431
1622 419
1623 428
1624 423
1625 398
1626 429
1627 419
1628 447
1629 411
1630 510
1631 634
1632 656
1633 579
1634 470
1635 424
1636 416
1637 404
1638 396
1639 385
1640 383
1641 395
1642 373
1643 408
1644 371
1645 393
1646 406
1647 421
1648 466
1649 488
1650 535
1651 539
1652 614
1653 829
1654 1881
1655 4209
1656 7558
1657 9513
1658 7417
1659 3707
1660 1420
1661 801
1662 582
1663 583
1664 563
1665 527
1666 475
1667 464
1668 517
1669 585
1670 621
1671 605
1672 464
1673 435
1674 427
1675 419
1676 379
1677 365
1678 380
1679 352
1680 360
1681 379
1682 358
1683 373
1684 343
1685 355
1686 362
1687 376
1688 411
1689 508
1690 549
1691 558
1692 472
1693 382
1694 338
1695 358
1696 317
1697 355
1698 298
1699 346
1700 329
1701 329
1702 322
1703 333
1704 330
1705 314
1706 315
1707 309
1708 343
1709 316
1710 294
1711 306
1712 316
1713 318
1714 315
1715 304
1716 308
1717 325
1718 298
1719 314
1720 303
1721 338
1722 318
1723 324
1724 288
1725 280
1726 306
1727 293
1728 321
1729 319
1730 327
1731 332
1732 346
1733 328
1734 348
1735 392
1736 449
1737 409
1738 490
1739 665
1740 1280
1741 2733
1742 4575
1743 5571
1744 4320
1745 2347
1746 1067
1747 605
1748 586
1749 577
1750 579
1751 449
1752 443
1753 330
1754 343
1755 364
1756 319
1757 370
1758 302
1759 333
1760 308
1761 297
1762 283
1763 298
1764 304
1765 252
1766 299
1767 289
1768 275
1769 267
1770 282
1771 297
1772 287
1773 275
1774 297
1775 276
1776 268
1777 287
1778 286
1779 279
1780 277
1781 253
1782 268
1783 295
1784 275
1785 279
1786 258
1787 262
1788 312
1789 314
1790 330
1791 295
1792 284
1793 273
1794 251
1795 259
1796 249
1797 240
1798 251
1799 264
1800 261
1801 272
1802 254
1803 250
1804 234
1805 265
1806 294
1807 325
1808 417
1809 756
1810 1427
1811 2336
1812 2685
1813 2186
1814 1218
1815 588
1816 381
1817 318
1818 292
1819 277
1820 282
1821 263
1822 276
1823 257
1824 256
1825 242
1826 275
1827 239
1828 243
1829 252
1830 245
1831 256
1832 227
1833 249
1834 234
1835 241
1836 246
1837 266
1838 253
1839 256
1840 250
1841 253
1842 240
1843 218
1844 236
1845 231
1846 229
1847 247
1848 216
1849 282
1850 266
1851 297
1852 308
1853 255
1854 230
1855 227
1856 219
1857 218
1858 242
1859 213
1860 244
1861 216
1862 206
1863 231
1864 232
1865 230
1866 226
1867 277
1868 251
1869 242
1870 230
1871 225
1872 205
1873 213
1874 219
1875 240
1876 219
1877 239
1878 240
1879 206
1880 194
1881 219
1882 193
1883 195
1884 206
1885 203
1886 213
1887 210
1888 225
1889 203
1890 192
1891 186
1892 225
1893 200
1894 181
1895 230
1896 192
1897 185
1898 184
1899 197
1900 206
1901 173
1902 180
1903 201
1904 212
1905 201
1906 172
1907 190
1908 190
1909 188
1910 183
1911 194
1912 206
1913 187
1914 192
1915 203
1916 198
1917 205
1918 220
1919 190
1920 198
1921 197
1922 210
1923 231
1924 186
1925 186
1926 240
1927 288
1928 413
1929 578
1930 682
1931 544
1932 437
1933 267
1934 216
1935 190
1936 200
1937 187
1938 193
1939 169
1940 189
1941 208
1942 182
1943 184
1944 170
1945 177
1946 192
1947 166
1948 188
1949 185
1950 158
1951 166
1952 164
1953 161
1954 173
1955 154
1956 188
1957 146
1958 164
1959 169
1960 166
1961 161
1962 153
1963 161
1964 170
1965 185
1966 166
1967 204
1968 236
1969 268
1970 242
1971 197
1972 186
1973 159
1974 144
1975 153
1976 157
1977 173
1978 151
1979 137
1980 174
1981 166
1982 165
1983 146
1984 160
1985 162
1986 149
1987 171
1988 157
1989 173
1990 171
1991 156
1992 139
1993 146
1994 131
1995 123
1996 140
1997 150
1998 146
1999 112
2000 130
2001 127
2002 143
2003 136
2004 129
2005 131
2006 150
2007 153
2008 125
2009 107
2010 137
2011 129
2012 136
2013 151
2014 134
2015 123
2016 131
2017 114
2018 131
2019 145
2020 128
2021 117
2022 145
2023 118
2024 145
2025 106
2026 136
2027 134
2028 102
2029 120
2030 133
2031 115
2032 121
2033 124
2034 132
2035 126
2036 134
2037 134
2038 112
2039 130
2040 144
2041 117
2042 131
2043 131
2044 145
2045 112
2046 128
2047 108
2048 135
2049 129
2050 126
2051 109
2052 107
2053 113
2054 118
2055 134
2056 114
2057 110
2058 132
2059 111
2060 104
2061 103
2062 119
2063 105
2064 120
2065 106
2066 120
2067 90
2068 117
2069 109
2070 107
2071 118
2072 132
2073 104
2074 120
2075 135
2076 128
2077 162
2078 162
2079 128
2080 120
2081 110
2082 108
2083 108
2084 101
2085 108
2086 102
2087 118
2088 104
2089 108
2090 114
2091 123
2092 104
2093 118
2094 119
2095 115
2096 120
2097 107
2098 113
2099 112
2100 125
2101 108
2102 139
2103 169
2104 186
2105 157
2106 149
2107 109
2108 104
2109 92
2110 115
2111 97
2112 86
2113 125
2114 98
2115 89
2116 75
2117 102
2118 100
2119 90
2120 85
2121 90
2122 85
2123 105
2124 110
2125 83
2126 92
2127 96
2128 89
2129 90
2130 77
2131 90
2132 83
2133 109
2134 85
2135 97
2136 98
2137 80
2138 83
2139 105
2140 111
2141 81
2142 83
2143 91
2144 98
2145 91
2146 88
2147 89
2148 77
2149 95
2150 81
2151 96
2152 97
2153 88
2154 85
2155 82
2156 105
2157 96
2158 80
2159 108
2160 88
2161 91
2162 85
2163 76
2164 94
2165 80
2166 78
2167 94
2168 78
2169 92
2170 86
2171 110
2172 81
2173 74
2174 86
2175 84
2176 93
2177 81
2178 81
2179 82
2180 76
2181 87
2182 89
2183 76
2184 70
2185 69
2186 76
2187 57
2188 85
2189 93
2190 76
2191 69
2192 66
2193 68
2194 65
2195 74
2196 63
2197 73
2198 82
2199 71
2200 82
2201 83
2202 83
2203 110
2204 81
2205 84
2206 62
2207 73
2208 66
2209 62
2210 65
2211 75
2212 81
2213 65
2214 67
2215 61
2216 52
2217 71
2218 70
2219 76
2220 83
2221 66
2222 71
2223 53
2224 73
2225 78
2226 73
2227 65
2228 71
2229 49
2230 64
2231 73
2232 62
2233 63
2234 66
2235 69
2236 61
2237 63
2238 63
2239 82
2240 67
2241 57
2242 62
2243 86
2244 63
2245 75
2246 63
2247 86
2248 65
2249 72
2250 57
2251 71
2252 63
2253 64
2254 54
2255 67
2256 77
2257 67
2258 80
2259 64
2260 69
2261 66
2262 65
2263 65
2264 75
2265 77
2266 53
2267 79
2268 74
2269 58
2270 72
2271 59
2272 82
2273 61
2274 71
2275 75
2276 93
2277 103
2278 129
2279 149
2280 151
2281 128
2282 87
2283 75
2284 66
2285 69
2286 63
2287 76
2288 85
2289 71
2290 61
2291 64
2292 69
2293 83
2294 97
2295 105
2296 200
2297 324
2298 546
2299 788
2300 705
2301 527
2302 264
2303 154
2304 102
2305 76
2306 65
2307 63
2308 65
2309 78
2310 54
2311 64
2312 71
2313 75
2314 61
2315 61
2316 68
2317 54
2318 80
2319 61
2320 70
2321 72
2322 47
2323 55
2324 67
2325 54
2326 66
2327 57
2328 55
2329 68
2330 50
2331 66
2332 62
2333 66
2334 64
2335 47
2336 65
2337 79
2338 70
2339 94
2340 140
2341 168
2342 222
2343 272
2344 271
2345 225
2346 205
2347 227
2348 257
2349 254
2350 178
2351 129
2352 69
2353 60
2354 53
2355 63
2356 65
2357 87
2358 95
2359 117
2360 117
2361 96
2362 102
2363 134
2364 163
2365 283
2366 527
2367 870
2368 1184
2369 1114
2370 777
2371 403
2372 191
2373 120
2374 94
2375 85
2376 87
2377 87
2378 60
2379 71
2380 67
2381 64
2382 69
2383 76
2384 70
2385 69
2386 55
2387 57
2388 60
2389 68
2390 58
2391 56
2392 74
2393 49
2394 44
2395 48
2396 57
2397 64
2398 47
2399 58
2400 48
2401 55
2402 60
2403 45
2404 41
2405 62
2406 61
2407 51
2408 48
2409 63
2410 60
2411 50
2412 49
2413 53
2414 56
2415 62
2416 46
2417 43
2418 55
2419 56
2420 60
2421 67
2422 56
2423 66
2424 65
2425 68
2426 81
2427 122
2428 146
2429 149
2430 131
2431 86
2432 53
2433 63
2434 45
2435 53
2436 48
2437 40
2438 49
2439 48
2440 46
2441 40
2442 53
2443 31
2444 52
2445 44
2446 53
2447 55
2448 46
2449 48
2450 47
2451 41
2452 38
2453 49
2454 51
2455 38
2456 57
2457 37
2458 39
2459 44
2460 50
2461 49
2462 54
2463 68
2464 92
2465 123
2466 173
2467 129
2468 104
2469 73
2470 67
2471 58
2472 45
2473 50
2474 45
2475 45
2476 43
2477 47
2478 32
2479 45
2480 49
2481 34
2482 59
2483 38
2484 51
2485 43
2486 47
2487 40
2488 44
2489 40
2490 43
2491 48
2492 53
2493 48
2494 45
2495 50
2496 38
2497 40
2498 41
2499 38
2500 42
2501 55
2502 32
2503 32
2504 43
2505 41
2506 39
2507 38
2508 52
2509 41
2510 46
2511 40
2512 34
2513 36
2514 48
2515 42
2516 35
2517 42
2518 41
2519 42
2520 42
2521 38
2522 47
2523 47
2524 47
2525 40
2526 42
2527 37
2528 29
2529 45
2530 36
2531 40
2532 39
2533 45
2534 58
2535 36
2536 43
2537 36
2538 36
2539 41
2540 40
2541 34
2542 33
2543 44
2544 41
2545 44
2546 45
2547 44
2548 38
2549 41
2550 37
2551 35
2552 39
2553 58
2554 36
2555 46
2556 39
2557 34
2558 39
2559 30
2560 43
2561 34
2562 46
2563 37
2564 42
2565 46
2566 36
2567 39
2568 34
2569 48
2570 43
2571 42
2572 39
2573 39
2574 46
2575 41
2576 33
2577 38
2578 40
2579 39
2580 33
2581 28
2582 43
2583 41
2584 49
2585 31
2586 36
2587 34
2588 37
2589 38
2590 34
2591 48
2592 40
2593 34
2594 54
2595 32
2596 63
2597 83
2598 97
2599 88
2600 85
2601 63
2602 40
2603 52
2604 46
2605 39
2606 48
2607 57
2608 35
2609 38
2610 31
2611 27
2612 34
2613 43
2614 33
2615 35
2616 38
2617 43
2618 46
2619 37
2620 34
2621 44
2622 42
2623 47
2624 39
2625 39
2626 32
2627 37
2628 26
2629 19
2630 32
2631 39
2632 26
2633 41
2634 34
2635 44
2636 34
2637 33
2638 36
2639 50
2640 34
2641 36
2642 43
2643 37
2644 33
2645 26
2646 30
2647 34
2648 43
2649 33
2650 25
2651 39
2652 31
2653 28
2654 34
2655 33
2656 33
2657 30
2658 36
2659 28
2660 39
2661 37
2662 41
2663 31
2664 30
2665 36
2666 34
2667 27
2668 36
2669 28
2670 40
2671 41
2672 36
2673 27
2674 30
2675 35
2676 38
2677 29
2678 29
2679 24
2680 32
2681 43
2682 42
2683 27
2684 28
2685 31
2686 28
2687 25
2688 31
2689 39
2690 34
2691 33
2692 32
2693 38
2694 30
2695 33
2696 31
2697 31
2698 37
2699 39
2700 31
2701 29
2702 24
2703 40
2704 26
2705 24
2706 42
2707 35
2708 28
2709 33
2710 33
2711 37
2712 32
2713 38
2714 30
2715 35
2716 34
2717 30
2718 24
2719 30
2720 37
2721 23
2722 36
2723 23
2724 29
2725 32
2726 28
2727 26
2728 39
2729 15
2730 39
2731 19
2732 26
2733 41
2734 32
2735 35
2736 31
2737 26
2738 27
2739 39
2740 24
2741 25
2742 14
2743 26
2744 28
2745 32
2746 34
2747 31
2748 37
2749 21
2750 32
2751 37
2752 31
2753 28
2754 34
2755 30
2756 26
2757 29
2758 23
2759 31
2760 30
2761 25
2762 29
2763 25
2764 25
2765 30
2766 26
2767 28
2768 21
2769 28
2770 23
2771 25
2772 26
2773 26
2774 25
2775 19
2776 25
2777 24
2778 22
2779 33
2780 28
2781 27
2782 22
2783 26
2784 19
2785 34
2786 35
2787 32
2788 28
2789 23
2790 24
2791 23
2792 21
2793 21
2794 28
2795 22
2796 36
2797 27
2798 20
2799 26
2800 17
2801 17
2802 22
2803 21
2804 20
2805 18
2806 14
2807 24
2808 23
2809 25
2810 26
2811 15
2812 25
2813 22
2814 21
2815 22
2816 26
2817 21
2818 21
2819 27
2820 19
2821 24
2822 27
2823 19
2824 21
2825 20
2826 24
2827 23
2828 27
2829 22
2830 22
2831 24
2832 26
2833 20
2834 23
2835 19
2836 24
2837 13
2838 19
2839 30
2840 21
2841 16
2842 27
2843 21
2844 29
2845 20
2846 21
2847 24
2848 22
2849 26
2850 25
2851 30
2852 20
2853 15
2854 24
2855 21
2856 19
2857 23
2858 25
2859 19
2860 20
2861 19
2862 20
2863 14
2864 20
2865 19
2866 16
2867 29
2868 18
2869 12
2870 17
2871 19
2872 27
2873 19
2874 32
2875 24
2876 35
2877 40
2878 44
2879 64
2880 49
2881 45
2882 36
2883 27
2884 30
2885 21
2886 18
2887 20
2888 24
2889 17
2890 19
2891 10
2892 22
2893 15
2894 23
2895 23
2896 23
2897 20
2898 23
2899 25
2900 20
2901 19
2902 12
2903 24
2904 17
2905 10
2906 8
2907 13
2908 18
2909 19
2910 18
2911 15
2912 8
2913 15
2914 18
2915 18
2916 18
2917 15
2918 14
2919 13
2920 19
2921 15
2922 17
2923 20
2924 20
2925 12
2926 22
2927 14
2928 16
2929 26
2930 52
2931 70
2932 115
2933 161
2934 165
2935 159
2936 137
2937 64
2938 54
2939 22
2940 20
2941 15
2942 27
2943 17
2944 24
2945 15
2946 16
2947 16
2948 8
2949 18
2950 16
2951 20
2952 18
2953 16
2954 12
2955 13
2956 14
2957 17
2958 21
2959 16
2960 11
2961 23
2962 17
2963 19
2964 21
2965 15
2966 15
2967 18
2968 19
2969 16
2970 13
2971 17
2972 9
2973 7
2974 15
2975 19
2976 16
2977 23
2978 16
2979 13
2980 16
2981 19
2982 16
2983 16
2984 13
2985 17
2986 11
2987 17
2988 13
2989 12
2990 12
2991 11
2992 10
2993 17
2994 15
2995 13
2996 25
2997 15
2998 15
2999 20
3000 25
3001 37
3002 53
3003 52
3004 48
3005 36
3006 33
3007 21
3008 16
3009 10
3010 11
3011 13
3012 15
3013 8
3014 8
3015 10
3016 14
3017 9
3018 5
3019 12
3020 12
3021 10
3022 12
3023 10
3024 8
3025 9
3026 9
3027 12
3028 11
3029 17
3030 14
3031 11
3032 11
3033 11
3034 6
3035 15
3036 7
3037 7
3038 13
3039 17
3040 16
3041 11
3042 10
3043 12
3044 8
3045 13
3046 14
3047 11
3048 11
3049 8
3050 11
3051 8
3052 7
3053 11
3054 11
3055 7
3056 12
3057 8
3058 10
3059 11
3060 14
3061 12
3062 23
3063 19
3064 28
3065 26
3066 22
3067 18
3068 13
3069 13
3070 13
3071 7
3072 7
3073 18
3074 8
3075 12
3076 8
3077 14
3078 12
3079 13
3080 17
3081 11
3082 9
3083 9
3084 10
3085 13
3086 10
3087 11
3088 7
3089 6
3090 8
3091 10
3092 8
3093 13
3094 10
3095 10
3096 15
3097 16
3098 8
3099 13
3100 16
3101 17
3102 25
3103 15
3104 11
3105 16
3106 15
3107 21
3108 19
3109 15
3110 20
3111 20
3112 15
3113 13
3114 17
3115 9
3116 19
3117 21
3118 34
3119 38
3120 56
3121 57
3122 77
3123 34
3124 45
3125 14
3126 9
3127 6
3128 9
3129 17
3130 7
3131 8
3132 12
3133 16
3134 8
3135 12
3136 9
3137 10
3138 10
3139 12
3140 13
3141 9
3142 9
3143 16
3144 13
3145 4
3146 5
3147 4
3148 6
3149 5
3150 7
3151 9
3152 9
3153 12
3154 6
3155 6
3156 10
3157 4
3158 12
3159 3
3160 11
3161 13
3162 10
3163 12
3164 11
3165 14
3166 8
3167 17
3168 20
3169 20
3170 22
3171 28
3172 23
3173 19
3174 15
3175 4
3176 13
3177 10
3178 14
3179 8
3180 6
3181 17
3182 12
3183 8
3184 19
3185 18
3186 29
3187 29
3188 56
3189 85
3190 173
3191 279
3192 317
3193 396
3194 310
3195 218
3196 103
3197 49
3198 39
3199 23
3200 25
3201 19
3202 12
3203 24
3204 10
3205 16
3206 14
3207 10
3208 23
3209 6
3210 8
3211 7
3212 5
3213 12
3214 11
3215 4
3216 8
3217 11
3218 13
3219 11
3220 11
3221 11
3222 4
3223 8
3224 8
3225 8
3226 10
3227 6
3228 7
3229 7
3230 11
3231 5
3232 6
3233 7
3234 9
3235 10
3236 7
3237 5
3238 14
3239 7
3240 6
3241 9
3242 7
3243 3
3244 8
3245 13
3246 8
3247 4
3248 8
3249 7
3250 13
3251 7
3252 2
3253 7
3254 11
3255 9
3256 7
3257 5
3258 4
3259 4
3260 6
3261 8
3262 8
3263 4
3264 7
3265 6
3266 4
3267 12
3268 6
3269 10
3270 10
3271 7
3272 4
3273 7
3274 5
3275 10
3276 8
3277 15
3278 8
3279 4
3280 5
3281 3
3282 7
3283 3
3284 8
3285 6
3286 4
3287 8
3288 7
3289 3
3290 5
3291 5
3292 4
3293 6
3294 7
3295 4
3296 8
3297 5
3298 4
3299 5
3300 1
3301 6
3302 5
3303 7
3304 6
3305 6
3306 7
3307 4
3308 8
3309 1
3310 8
3311 10
3312 5
3313 3
3314 6
3315 3
3316 5
3317 2
3318 5
3319 7
3320 8
3321 7
3322 6
3323 5
3324 9
3325 6
3326 5
3327 7
3328 6
3329 4
3330 3
3331 8
3332 10
3333 5
3334 3
3335 3
3336 7
3337 6
3338 13
3339 6
3340 6
3341 7
3342 5
3343 4
3344 4
3345 2
3346 5
3347 7
3348 3
3349 4
3350 5
3351 5
3352 5
3353 4
3354 5
3355 4
3356 5
3357 1
3358 3
3359 7
3360 7
3361 3
3362 6
3363 4
3364 5
3365 1
3366 0
3367 6
3368 0
3369 9
3370 3
3371 4
3372 6
3373 3
3374 2
3375 1
3376 6
3377 7
3378 1
3379 8
3380 6
3381 4
3382 3
3383 7
3384 6
3385 6
3386 4
3387 5
3388 8
3389 7
3390 3
3391 5
3392 6
3393 3
3394 2
3395 3
3396 5
3397 5
3398 4
3399 1
3400 5
3401 5
3402 0
3403 6
3404 4
3405 2
3406 4
3407 4
3408 7
3409 4
3410 7
3411 3
3412 3
3413 6
3414 4
3415 9
3416 5
3417 1
3418 6
3419 3
3420 2
3421 0
3422 7
3423 3
3424 2
3425 5
3426 3
3427 2
3428 6
3429 2
3430 3
3431 0
3432 2
3433 2
3434 3
3435 3
3436 7
3437 2
3438 0
3439 4
3440 6
3441 5
3442 4
3443 3
3444 4
3445 2
3446 2
3447 4
3448 4
3449 7
3450 5
3451 6
3452 4
3453 2
3454 3
3455 1
3456 6
3457 4
3458 4
3459 5
3460 2
3461 4
3462 8
3463 11
3464 9
3465 9
3466 8
3467 5
3468 3
3469 5
3470 1
3471 4
3472 3
3473 5
3474 5
3475 4
3476 6
3477 5
3478 1
3479 0
3480 3
3481 2
3482 5
3483 7
3484 3
3485 5
3486 2
3487 3
3488 5
3489 4
3490 3
3491 2
3492 5
3493 1
3494 2
3495 2
3496 4
3497 4
3498 3
3499 1
3500 2
3501 3
3502 3
3503 2
3504 5
3505 4
3506 5
3507 2
3508 2
3509 7
3510 7
3511 3
3512 3
3513 3
3514 1
3515 5
3516 2
3517 8
3518 4
3519 3
3520 4
3521 0
3522 4
3523 2
3524 2
3525 2
3526 2
3527 10
3528 7
3529 13
3530 13
3531 31
3532 33
3533 55
3534 70
3535 77
3536 48
3537 36
3538 19
3539 10
3540 8
3541 7
3542 8
3543 3
3544 6
3545 2
3546 5
3547 6
3548 4
3549 7
3550 9
3551 5
3552 6
3553 0
3554 6
3555 4
3556 7
3557 2
3558 6
3559 9
3560 5
3561 2
3562 3
3563 0
3564 7
3565 6
3566 5
3567 2
3568 4
3569 6
3570 2
3571 4
3572 4
3573 2
3574 1
3575 4
3576 3
3577 2
3578 0
3579 5
3580 2
3581 4
3582 3
3583 1
3584 3
3585 2
3586 3
3587 5
3588 0
3589 5
3590 5
3591 2
3592 5
3593 4
3594 6
3595 6
3596 17
3597 8
3598 10
3599 3
3600 4
3601 2
3602 2
3603 2
3604 3
3605 4
3606 2
3607 2
3608 1
3609 2
3610 2
3611 1
3612 2
3613 2
3614 2
3615 0
3616 3
3617 3
3618 5
3619 1
3620 2
3621 4
3622 1
3623 5
3624 5
3625 2
3626 3
3627 1
3628 2
3629 4
3630 3
3631 0
3632 1
3633 3
3634 3
3635 2
3636 3
3637 0
3638 2
3639 1
3640 3
3641 2
3642 2
3643 1
3644 0
3645 1
3646 3
3647 4
3648 1
3649 5
3650 1
3651 0
3652 2
3653 2
3654 1
3655 6
3656 1
3657 2
3658 4
3659 4
3660 3
3661 2
3662 2
3663 1
3664 3
3665 0
3666 3
3667 4
3668 2
3669 2
3670 1
3671 2
3672 2
3673 5
3674 2
3675 2
3676 2
3677 4
3678 2
3679 3
3680 2
3681 4
3682 3
3683 3
3684 2
3685 5
3686 1
3687 4
3688 3
3689 0
3690 3
3691 2
3692 2
3693 5
3694 2
3695 1
3696 0
3697 1
3698 0
3699 3
3700 3
3701 2
3702 2
3703 1
3704 2
3705 2
3706 2
3707 0
3708 2
3709 3
3710 1
3711 0
3712 2
3713 1
3714 1
3715 1
3716 5
3717 1
3718 1
3719 4
3720 4
3721 2
3722 2
3723 2
3724 2
3725 3
3726 4
3727 3
3728 3
3729 2
3730 1
3731 1
3732 0
3733 0
3734 1
3735 3
3736 1
3737 2
3738 1
3739 0
3740 0
3741 0
3742 0
3743 4
3744 1
3745 2
3746 2
3747 3
3748 2
3749 1
3750 0
3751 4
3752 3
3753 1
3754 2
3755 1
3756 2
3757 2
3758 1
3759 1
3760 1
3761 1
3762 3
3763 1
3764 0
3765 4
3766 2
3767 1
3768 2
3769 2
3770 3
3771 2
3772 0
3773 2
3774 2
3775 1
3776 1
3777 1
3778 2
3779 1
3780 1
3781 2
3782 1
3783 1
3784 1
3785 0
3786 1
3787 2
3788 2
3789 5
3790 0
3791 2
3792 4
3793 0
3794 2
3795 4
3796 0
3797 2
3798 3
3799 1
3800 1
3801 3
3802 2
3803 3
3804 1
3805 1
3806 2
3807 2
3808 1
3809 0
3810 2
3811 0
3812 1
3813 1
3814 1
3815 1
3816 1
3817 0
3818 1
3819 1
3820 0
3821 3
3822 2
3823 2
3824 1
3825 0
3826 3
3827 2
3828 1
3829 0
3830 2
3831 0
3832 4
3833 0
3834 1
3835 2
3836 1
3837 0
3838 0
3839 3
3840 2
3841 0
3842 3
3843 1
3844 1
3845 4
3846 0
3847 1
3848 3
3849 1
3850 3
3851 3
3852 0
3853 3
3854 1
3855 2
3856 0
3857 1
3858 0
3859 2
3860 3
3861 0
3862 2
3863 1
3864 1
3865 3
3866 2
3867 0
3868 1
3869 3
3870 2
3871 1
3872 0
3873 1
3874 0
3875 1
3876 1
3877 0
3878 2
3879 1
3880 1
3881 1
3882 3
3883 0
3884 1
3885 1
3886 1
3887 1
3888 1
3889 1
3890 0
3891 1
3892 2
3893 0
3894 1
3895 1
3896 3
3897 1
3898 1
3899 1
3900 0
3901 2
3902 3
3903 1
3904 0
3905 0
3906 2
3907 1
3908 2
3909 0
3910 3
3911 1
3912 1
3913 1
3914 1
3915 1
3916 3
3917 0
3918 2
3919 0
3920 2
3921 4
3922 1
3923 2
3924 4
3925 2
3926 1
3927 1
3928 0
3929 2
3930 0
3931 2
3932 0
3933 1
3934 3
3935 1
3936 3
3937 2
3938 1
3939 3
3940 3
3941 1
3942 3
3943 0
3944 0
3945 1
3946 0
3947 0
3948 1
3949 3
3950 1
3951 1
3952 0
3953 3
3954 0
3955 1
3956 0
3957 2
3958 1
3959 2
3960 1
3961 1
3962 1
3963 1
3964 0
3965 1
3966 0
3967 1
3968 2
3969 1
3970 0
3971 1
3972 1
3973 0
3974 0
3975 1
3976 1
3977 2
3978 3
3979 2
3980 2
3981 1
3982 3
3983 0
3984 3
3985 1
3986 2
3987 1
3988 1
3989 3
3990 2
3991 4
3992 1
3993 3
3994 0
3995 0
3996 0
3997 0
3998 2
3999 1
4000 0
4001 1
4002 0
4003 0
4004 1
4005 2
4006 1
4007 0
4008 0
4009 2
4010 1
4011 2
4012 1
4013 2
4014 0
4015 2
4016 0
4017 1
4018 1
4019 2
4020 1
4021 0
4022 1
4023 2
4024 0
4025 1
4026 0
4027 0
4028 2
4029 1
4030 0
4031 0
4032 0
4033 1
4034 0
4035 1
4036 1
4037 2
4038 0
4039 0
4040 2
4041 0
4042 0
4043 0
4044 0
4045 1
4046 1
4047 1
4048 2
4049 4
4050 0
4051 2
4052 0
4053 1
4054 3
4055 3
4056 2
4057 1
4058 3
4059 4
4060 0
4061 1
4062 1
4063 0
4064 1
4065 2
4066 1
4067 2
4068 0
4069 3
4070 0
4071 1
4072 2
4073 2
4074 2
4075 1
4076 1
4077 1
4078 2
4079 1
4080 1
4081 0
4082 0
4083 1
4084 0
4085 0
4086 1
4087 0
4088 0
4089 0
4090 1
4091 1
4092 0
4093 2
4094 2
4095 1
End
