  ldopt set internally =           1
 Kataria-Ramamurthy shell dependent ld

   1.0000000000000000        1.0000000000000000        57.000000000000000        139.00000000000000                1           0  ZP,AP,ZT,AT,ISOT,LEVNO
 
 
1protons on lanthanum                                                            
  Ebeam  Rx.cs used  Rx. cs algo fiss cs (mb) capture cs (mb)
  35.00  1.593E+03    0.00E+00    0.00E+00    4.35E-06
  36.00  1.597E+03    0.00E+00    0.00E+00    3.74E-06
  37.00  1.597E+03    0.00E+00    0.00E+00    3.01E-06
  38.00  1.596E+03    0.00E+00    0.00E+00    2.40E-06
  39.00  1.597E+03    0.00E+00    0.00E+00    1.95E-06
  40.00  1.599E+03    0.00E+00    0.00E+00    1.58E-06
  41.00  1.603E+03    0.00E+00    0.00E+00    1.28E-06
  42.00  1.610E+03    0.00E+00    0.00E+00    1.04E-06
  43.00  1.614E+03    0.00E+00    0.00E+00    8.52E-07
  44.00  1.616E+03    0.00E+00    0.00E+00    6.99E-07
  45.00  1.615E+03    0.00E+00    0.00E+00    5.70E-07
  46.00  1.614E+03    0.00E+00    0.00E+00    4.70E-07
  47.00  1.614E+03    0.00E+00    0.00E+00    3.86E-07
  48.00  1.613E+03    0.00E+00    0.00E+00    3.17E-07
  49.00  1.613E+03    0.00E+00    0.00E+00    2.61E-07
  50.00  1.613E+03    0.00E+00    0.00E+00    2.29E-07
  51.00  1.612E+03    0.00E+00    0.00E+00    1.89E-07
  52.00  1.612E+03    0.00E+00    0.00E+00    1.56E-07
  53.00  1.611E+03    0.00E+00    0.00E+00    1.30E-07
  54.00  1.609E+03    0.00E+00    0.00E+00    1.08E-07
  55.00  1.605E+03    0.00E+00    0.00E+00    9.10E-08
  56.00  1.601E+03    0.00E+00    0.00E+00    7.58E-08
  57.00  1.597E+03    0.00E+00    0.00E+00    6.33E-08
  58.00  1.593E+03    0.00E+00    0.00E+00    5.27E-08
  59.00  1.590E+03    0.00E+00    0.00E+00    4.46E-08
  60.00  1.589E+03    0.00E+00    0.00E+00    3.71E-08
  61.00  1.587E+03    0.00E+00    0.00E+00    3.16E-08
  62.00  1.585E+03    0.00E+00    0.00E+00    2.65E-08
  63.00  1.583E+03    0.00E+00    0.00E+00    7.80E+02
  64.00  1.580E+03    0.00E+00    0.00E+00    7.67E+02
  65.00  1.577E+03    0.00E+00    0.00E+00    7.60E+02
  66.00  1.573E+03    0.00E+00    0.00E+00    7.57E+02
  67.00  1.570E+03    0.00E+00    0.00E+00    7.48E+02
  68.00  1.566E+03    0.00E+00    0.00E+00    7.42E+02
  69.00  1.562E+03    0.00E+00    0.00E+00    7.31E+02
  70.00  1.558E+03    0.00E+00    0.00E+00    7.25E+02
 Ebeam (MeV) Rx cs (mb) fiss cs (mb) capture cs (mb)

  Ebeam  Z   A   Total    grnd st  isomer1 isomer2  isomer1  isomer2  didl nolevs
  (MeV)           cs.      cs.      cs.     cs.     to total to total
 35.00  58 140 4.35E-06                                                    1
 36.00  58 140 3.74E-06                                                    1
 37.00  58 140 3.01E-06                                                    1
 38.00  58 140 2.40E-06                                                    1
 39.00  58 140 1.95E-06                                                    1
 40.00  58 140 1.58E-06                                                    1
 41.00  58 140 1.28E-06                                                    1
 42.00  58 140 1.04E-06                                                    1
 43.00  58 140 8.52E-07                                                    1
 44.00  58 140 6.99E-07                                                    1
 45.00  58 140 5.70E-07                                                    1
 46.00  58 140 4.70E-07                                                    1
 47.00  58 140 3.86E-07                                                    1
 48.00  58 140 3.17E-07                                                    1
 49.00  58 140 2.61E-07                                                    1
 50.00  58 140 2.29E-07                                                    1
 51.00  58 140 1.89E-07                                                    1
 52.00  58 140 1.56E-07                                                    1
 53.00  58 140 1.30E-07                                                    1
 54.00  58 140 1.08E-07                                                    1
 55.00  58 140 9.10E-08                                                    1
 56.00  58 140 7.58E-08                                                    1
 57.00  58 140 6.33E-08                                                    1
 58.00  58 140 5.27E-08                                                    1
 59.00  58 140 4.46E-08                                                    1
 60.00  58 140 3.71E-08                                                    1
 61.00  58 140 3.16E-08                                                    1
 62.00  58 140 2.65E-08                                                    1
 63.00  58 140 7.80E+02                                                    1
 64.00  58 140 7.67E+02                                                    1
 65.00  58 140 7.60E+02                                                    1
 66.00  58 140 7.57E+02                                                    1
 67.00  58 140 7.48E+02                                                    1
 68.00  58 140 7.42E+02                                                    1
 69.00  58 140 7.31E+02                                                    1
 70.00  58 140 7.25E+02                                                    1
 35.00  58 139 1.93E+01 3.74E-01 1.89E+01          9.81E-01            0   2
 36.00  58 139 1.98E+01 4.87E-01 1.93E+01          9.75E-01            0   2
 37.00  58 139 1.82E+01 3.27E-01 1.79E+01          9.82E-01            0   2
 38.00  58 139 1.73E+01 3.43E-01 1.69E+01          9.80E-01            0   2
 39.00  58 139 1.67E+01 3.67E-01 1.63E+01          9.78E-01            0   2
 40.00  58 139 1.58E+01 3.04E-01 1.55E+01          9.81E-01            0   2
 41.00  58 139 1.60E+01 3.37E-01 1.57E+01          9.79E-01            0   2
 42.00  58 139 1.54E+01 3.06E-01 1.51E+01          9.80E-01            0   2
 43.00  58 139 1.47E+01 2.99E-01 1.44E+01          9.80E-01            0   2
 44.00  58 139 1.42E+01 2.18E-01 1.40E+01          9.85E-01            0   2
 45.00  58 139 1.45E+01 2.50E-01 1.43E+01          9.83E-01            0   2
 46.00  58 139 1.34E+01 2.34E-01 1.31E+01          9.82E-01            0   2
 47.00  58 139 1.32E+01 2.26E-01 1.30E+01          9.83E-01            0   2
 48.00  58 139 1.35E+01 2.02E-01 1.33E+01          9.85E-01            0   2
 49.00  58 139 1.24E+01 1.85E-01 1.23E+01          9.85E-01            0   2
 50.00  58 139 1.20E+01 1.69E-01 1.18E+01          9.86E-01            0   2
 51.00  58 139 1.18E+01 1.69E-01 1.16E+01          9.86E-01            0   2
 52.00  58 139 1.13E+01 2.09E-01 1.11E+01          9.82E-01            0   2
 53.00  58 139 1.18E+01 2.50E-01 1.16E+01          9.79E-01            0   2
 54.00  58 139 1.14E+01 1.85E-01 1.12E+01          9.84E-01            0   2
 55.00  58 139 1.15E+01 9.63E-02 1.14E+01          9.92E-01            0   2
 56.00  58 139 1.06E+01 2.16E-01 1.04E+01          9.80E-01            0   2
 57.00  58 139 1.06E+01 2.32E-01 1.04E+01          9.78E-01            0   2
 58.00  58 139 9.74E+00 1.35E-01 9.60E+00          9.86E-01            0   2
 59.00  58 139 1.00E+01 2.86E-01 9.72E+00          9.71E-01            0   2
 60.00  58 139 1.01E+01 2.62E-01 9.88E+00          9.74E-01            0   2
 61.00  58 139 9.75E+00 1.51E-01 9.60E+00          9.85E-01            0   2
 62.00  58 139 8.97E+00 1.35E-01 8.84E+00          9.85E-01            0   2
 63.00  58 139 8.88E+00 1.19E-01 8.76E+00          9.87E-01            0   2
 64.00  58 139 9.13E+00 2.05E-01 8.93E+00          9.78E-01            0   2
 65.00  58 139 9.32E+00 1.42E-01 9.18E+00          9.85E-01            0   2
 66.00  58 139 8.24E+00 2.05E-01 8.04E+00          9.75E-01            0   2
 67.00  58 139 8.54E+00 1.02E-01 8.44E+00          9.88E-01            0   2
 68.00  58 139 8.52E+00 8.61E-02 8.43E+00          9.90E-01            0   2
 69.00  58 139 7.75E+00 1.48E-01 7.60E+00          9.81E-01            0   2
 70.00  58 139 7.15E+00 1.32E-01 7.02E+00          9.81E-01            0   2
 35.00  58 138 9.66E+01 1.22E+01 8.44E+01          8.73E-01            0   2
 36.00  58 138 8.88E+01 1.16E+01 7.72E+01          8.69E-01            0   2
 37.00  58 138 8.53E+01 1.09E+01 7.44E+01          8.72E-01            0   2
 38.00  58 138 8.55E+01 1.13E+01 7.42E+01          8.68E-01            0   2
 39.00  58 138 8.13E+01 1.06E+01 7.08E+01          8.70E-01            0   2
 40.00  58 138 7.99E+01 9.90E+00 7.00E+01          8.76E-01            0   2
 41.00  58 138 7.50E+01 9.84E+00 6.52E+01          8.69E-01            0   2
 42.00  58 138 7.26E+01 9.97E+00 6.26E+01          8.63E-01            0   2
 43.00  58 138 7.21E+01 9.47E+00 6.26E+01          8.69E-01            0   2
 44.00  58 138 6.91E+01 8.76E+00 6.03E+01          8.73E-01            0   2
 45.00  58 138 6.63E+01 9.09E+00 5.72E+01          8.63E-01            0   2
 46.00  58 138 6.48E+01 8.97E+00 5.59E+01          8.62E-01            0   2
 47.00  58 138 6.29E+01 8.43E+00 5.45E+01          8.66E-01            0   2
 48.00  58 138 6.22E+01 7.78E+00 5.44E+01          8.75E-01            0   2
 49.00  58 138 5.91E+01 7.58E+00 5.15E+01          8.72E-01            0   2
 50.00  58 138 5.83E+01 7.74E+00 5.06E+01          8.67E-01            0   2
 51.00  58 138 5.63E+01 7.53E+00 4.88E+01          8.66E-01            0   2
 52.00  58 138 5.61E+01 7.20E+00 4.89E+01          8.72E-01            0   2
 53.00  58 138 5.36E+01 6.61E+00 4.70E+01          8.77E-01            0   2
 54.00  58 138 5.49E+01 7.33E+00 4.76E+01          8.67E-01            0   2
 55.00  58 138 5.30E+01 6.60E+00 4.64E+01          8.76E-01            0   2
 56.00  58 138 5.12E+01 6.52E+00 4.47E+01          8.73E-01            0   2
 57.00  58 138 4.93E+01 5.89E+00 4.34E+01          8.81E-01            0   2
 58.00  58 138 4.71E+01 5.91E+00 4.12E+01          8.74E-01            0   2
 59.00  58 138 4.77E+01 6.08E+00 4.17E+01          8.73E-01            0   2
 60.00  58 138 4.63E+01 6.52E+00 3.98E+01          8.59E-01            0   2
 61.00  58 138 4.45E+01 5.45E+00 3.91E+01          8.77E-01            0   2
 62.00  58 138 4.38E+01 6.06E+00 3.77E+01          8.62E-01            0   2
 63.00  58 138 4.38E+01 5.76E+00 3.80E+01          8.68E-01            0   2
 64.00  58 138 4.35E+01 4.98E+00 3.86E+01          8.86E-01            0   2
 65.00  58 138 4.15E+01 5.24E+00 3.63E+01          8.74E-01            0   2
 66.00  58 138 4.07E+01 5.17E+00 3.55E+01          8.73E-01            0   2
 67.00  58 138 4.01E+01 5.08E+00 3.50E+01          8.73E-01            0   2
 68.00  58 138 3.86E+01 5.31E+00 3.33E+01          8.62E-01            0   2
 69.00  58 138 3.90E+01 5.37E+00 3.36E+01          8.62E-01            0   2
 70.00  58 138 3.82E+01 5.04E+00 3.32E+01          8.68E-01            0   2
 35.00  58 137 4.27E+02 1.59E-02 4.27E+02          1.00E+00            0   2
 36.00  58 137 3.34E+02 7.99E-03 3.34E+02          1.00E+00            0   2
 37.00  58 137 2.64E+02 1.60E-02 2.64E+02          1.00E+00            0   2
 38.00  58 137 2.12E+02 0.00E+00 2.12E+02          1.00E+00            0   2
 39.00  58 137 1.79E+02 0.00E+00 1.79E+02          1.00E+00            0   2
 40.00  58 137 1.53E+02 0.00E+00 1.53E+02          1.00E+00            0   2
 41.00  58 137 1.34E+02 0.00E+00 1.34E+02          1.00E+00            0   2
 42.00  58 137 1.21E+02 8.05E-03 1.21E+02          1.00E+00            0   2
 43.00  58 137 1.11E+02 8.07E-03 1.11E+02          1.00E+00            0   2
 44.00  58 137 1.03E+02 8.08E-03 1.03E+02          1.00E+00            0   2
 45.00  58 137 9.88E+01 8.08E-03 9.88E+01          1.00E+00            0   2
 46.00  58 137 9.25E+01 0.00E+00 9.25E+01          1.00E+00            0   2
 47.00  58 137 8.81E+01 0.00E+00 8.81E+01          1.00E+00            0   2
 48.00  58 137 8.65E+01 0.00E+00 8.65E+01          1.00E+00            0   2
 49.00  58 137 8.12E+01 0.00E+00 8.12E+01          1.00E+00            0   2
 50.00  58 137 7.86E+01 0.00E+00 7.86E+01          1.00E+00            0   2
 51.00  58 137 7.81E+01 0.00E+00 7.81E+01          1.00E+00            0   2
 52.00  58 137 7.52E+01 0.00E+00 7.52E+01          1.00E+00            0   2
 53.00  58 137 7.29E+01 0.00E+00 7.29E+01          1.00E+00            0   2
 54.00  58 137 7.12E+01 0.00E+00 7.12E+01          1.00E+00            0   2
 55.00  58 137 7.07E+01 0.00E+00 7.07E+01          1.00E+00            0   2
 56.00  58 137 6.72E+01 0.00E+00 6.72E+01          1.00E+00            0   2
 57.00  58 137 6.62E+01 0.00E+00 6.62E+01          1.00E+00            0   2
 58.00  58 137 6.42E+01 0.00E+00 6.42E+01          1.00E+00            0   2
 59.00  58 137 6.39E+01 0.00E+00 6.39E+01          1.00E+00            0   2
 60.00  58 137 6.23E+01 0.00E+00 6.23E+01          1.00E+00            0   2
 61.00  58 137 6.04E+01 0.00E+00 6.04E+01          1.00E+00            0   2
 62.00  58 137 5.99E+01 0.00E+00 5.99E+01          1.00E+00            0   2
 63.00  58 137 5.90E+01 0.00E+00 5.90E+01          1.00E+00            0   2
 64.00  58 137 5.75E+01 0.00E+00 5.75E+01          1.00E+00            0   2
 65.00  58 137 5.65E+01 0.00E+00 5.65E+01          1.00E+00            0   2
 66.00  58 137 5.33E+01 7.87E-03 5.33E+01          1.00E+00            0   2
 67.00  58 137 5.32E+01 0.00E+00 5.32E+01          1.00E+00            0   2
 68.00  58 137 5.23E+01 0.00E+00 5.23E+01          1.00E+00            0   2
 69.00  58 137 5.14E+01 0.00E+00 5.14E+01          1.00E+00            0   2
 70.00  58 137 5.11E+01 7.79E-03 5.11E+01          1.00E+00            0   2
 35.00  58 136 8.03E+02                                                    1
 36.00  58 136 8.92E+02                                                    1
 37.00  58 136 9.55E+02                                                    1
 38.00  58 136 9.92E+02                                                    1
 39.00  58 136 1.02E+03                                                    1
 40.00  58 136 1.03E+03                                                    1
 41.00  58 136 1.02E+03                                                    1
 42.00  58 136 9.85E+02                                                    1
 43.00  58 136 9.21E+02                                                    1
 44.00  58 136 8.43E+02                                                    1
 45.00  58 136 7.44E+02                                                    1
 46.00  58 136 6.50E+02                                                    1
 47.00  58 136 5.58E+02                                                    1
 48.00  58 136 4.67E+02                                                    1
 49.00  58 136 3.94E+02                                                    1
 50.00  58 136 3.27E+02                                                    1
 51.00  58 136 2.78E+02                                                    1
 52.00  58 136 2.35E+02                                                    1
 53.00  58 136 2.01E+02                                                    1
 54.00  58 136 1.76E+02                                                    1
 55.00  58 136 1.59E+02                                                    1
 56.00  58 136 1.41E+02                                                    1
 57.00  58 136 1.29E+02                                                    1
 58.00  58 136 1.16E+02                                                    1
 59.00  58 136 1.10E+02                                                    1
 60.00  58 136 1.07E+02                                                    1
 61.00  58 136 1.03E+02                                                    1
 62.00  58 136 9.98E+01                                                    1
 63.00  58 136 9.08E+01                                                    1
 64.00  58 136 9.19E+01                                                    1
 65.00  58 136 8.88E+01                                                    1
 66.00  58 136 8.42E+01                                                    1
 67.00  58 136 8.64E+01                                                    1
 68.00  58 136 8.41E+01                                                    1
 69.00  58 136 8.19E+01                                                    1
 70.00  58 136 8.07E+01                                                    1
 38.00  58 135 7.98E-02 0.00E+00 7.98E-02          1.00E+00            0   2
 39.00  58 135 1.50E+00 0.00E+00 1.50E+00          1.00E+00            0   2
 40.00  58 135 8.41E+00 0.00E+00 8.41E+00          1.00E+00            0   2
 41.00  58 135 2.89E+01 0.00E+00 2.89E+01          1.00E+00            0   2
 42.00  58 135 6.77E+01 0.00E+00 6.77E+01          1.00E+00            0   2
 43.00  58 135 1.29E+02 0.00E+00 1.29E+02          1.00E+00            0   2
 44.00  58 135 2.07E+02 0.00E+00 2.07E+02          1.00E+00            0   2
 45.00  58 135 2.96E+02 0.00E+00 2.96E+02          1.00E+00            0   2
 46.00  58 135 3.82E+02 0.00E+00 3.82E+02          1.00E+00            0   2
 47.00  58 135 4.67E+02 0.00E+00 4.67E+02          1.00E+00            0   2
 48.00  58 135 5.38E+02 0.00E+00 5.38E+02          1.00E+00            0   2
 49.00  58 135 6.02E+02 0.00E+00 6.02E+02          1.00E+00            0   2
 50.00  58 135 6.52E+02 0.00E+00 6.52E+02          1.00E+00            0   2
 51.00  58 135 6.77E+02 0.00E+00 6.77E+02          1.00E+00            0   2
 52.00  58 135 6.76E+02 0.00E+00 6.76E+02          1.00E+00            0   2
 53.00  58 135 6.66E+02 0.00E+00 6.66E+02          1.00E+00            0   2
 54.00  58 135 6.29E+02 0.00E+00 6.29E+02          1.00E+00            0   2
 55.00  58 135 5.87E+02 0.00E+00 5.87E+02          1.00E+00            0   2
 56.00  58 135 5.41E+02 0.00E+00 5.41E+02          1.00E+00            0   2
 57.00  58 135 4.78E+02 0.00E+00 4.78E+02          1.00E+00            0   2
 58.00  58 135 4.20E+02 0.00E+00 4.20E+02          1.00E+00            0   2
 59.00  58 135 3.64E+02 0.00E+00 3.64E+02          1.00E+00            0   2
 60.00  58 135 3.06E+02 0.00E+00 3.06E+02          1.00E+00            0   2
 61.00  58 135 2.64E+02 0.00E+00 2.64E+02          1.00E+00            0   2
 62.00  58 135 2.23E+02 0.00E+00 2.23E+02          1.00E+00            0   2
 63.00  58 135 6.85E+01 0.00E+00 6.85E+01          1.00E+00            0   2
 64.00  58 135 6.64E+01 0.00E+00 6.64E+01          1.00E+00            0   2
 65.00  58 135 6.39E+01 0.00E+00 6.39E+01          1.00E+00            0   2
 66.00  58 135 6.30E+01 0.00E+00 6.30E+01          1.00E+00            0   2
 67.00  58 135 6.16E+01 0.00E+00 6.16E+01          1.00E+00            0   2
 68.00  58 135 6.01E+01 0.00E+00 6.01E+01          1.00E+00            0   2
 69.00  58 135 5.79E+01 0.00E+00 5.79E+01          1.00E+00            0   2
 70.00  58 135 5.74E+01 0.00E+00 5.74E+01          1.00E+00            0   2
 47.00  58 134 6.46E-02                                                    1
 48.00  58 134 7.42E-01                                                    1
 49.00  58 134 3.40E+00                                                    1
 50.00  58 134 9.53E+00                                                    1
 51.00  58 134 2.32E+01                                                    1
 52.00  58 134 4.46E+01                                                    1
 53.00  58 134 7.96E+01                                                    1
 54.00  58 134 1.22E+02                                                    1
 55.00  58 134 1.72E+02                                                    1
 56.00  58 134 2.27E+02                                                    1
 57.00  58 134 2.82E+02                                                    1
 58.00  58 134 3.33E+02                                                    1
 59.00  58 134 3.81E+02                                                    1
 60.00  58 134 4.24E+02                                                    1
 61.00  58 134 4.61E+02                                                    1
 62.00  58 134 4.87E+02                                                    1
 63.00  58 134 4.00E+01                                                    1
 64.00  58 134 4.40E+01                                                    1
 65.00  58 134 4.68E+01                                                    1
 66.00  58 134 5.12E+01                                                    1
 67.00  58 134 5.31E+01                                                    1
 68.00  58 134 5.36E+01                                                    1
 69.00  58 134 5.73E+01                                                    1
 70.00  58 134 5.77E+01                                                    1
 59.00  58 133 3.18E-02 3.18E-02 0.00E+00          0.00E+00            0   2
 60.00  58 133 3.34E-01 3.34E-01 0.00E+00          0.00E+00            0   2
 61.00  58 133 8.10E-01 8.10E-01 0.00E+00          0.00E+00            0   2
 62.00  58 133 2.31E+00 2.31E+00 0.00E+00          0.00E+00            0   2
 63.00  58 133 2.37E-01 2.37E-01 0.00E+00          0.00E+00            0   2
 64.00  58 133 5.69E-01 5.69E-01 0.00E+00          0.00E+00            0   2
 65.00  58 133 8.36E-01 8.36E-01 0.00E+00          0.00E+00            0   2
 66.00  58 133 1.34E+00 1.34E+00 0.00E+00          0.00E+00            0   2
 67.00  58 133 2.70E+00 2.70E+00 0.00E+00          0.00E+00            0   2
 68.00  58 133 3.82E+00 3.82E+00 0.00E+00          0.00E+00            0   2
 69.00  58 133 5.95E+00 5.95E+00 0.00E+00          0.00E+00            0   2
 70.00  58 133 7.41E+00 7.41E+00 0.00E+00          0.00E+00            0   2
 35.00  57 139 3.16E+01                                                    1
 36.00  57 139 2.87E+01                                                    1
 37.00  57 139 2.97E+01                                                    1
 38.00  57 139 2.95E+01                                                    1
 39.00  57 139 2.62E+01                                                    1
 40.00  57 139 2.58E+01                                                    1
 41.00  57 139 2.43E+01                                                    1
 42.00  57 139 2.55E+01                                                    1
 43.00  57 139 2.49E+01                                                    1
 44.00  57 139 2.45E+01                                                    1
 45.00  57 139 2.39E+01                                                    1
 46.00  57 139 2.40E+01                                                    1
 47.00  57 139 2.34E+01                                                    1
 48.00  57 139 2.23E+01                                                    1
 49.00  57 139 2.18E+01                                                    1
 50.00  57 139 2.22E+01                                                    1
 51.00  57 139 2.11E+01                                                    1
 52.00  57 139 2.09E+01                                                    1
 53.00  57 139 1.97E+01                                                    1
 54.00  57 139 1.96E+01                                                    1
 55.00  57 139 1.94E+01                                                    1
 56.00  57 139 1.90E+01                                                    1
 57.00  57 139 1.89E+01                                                    1
 58.00  57 139 1.88E+01                                                    1
 59.00  57 139 1.71E+01                                                    1
 60.00  57 139 1.87E+01                                                    1
 61.00  57 139 1.82E+01                                                    1
 62.00  57 139 1.76E+01                                                    1
 63.00  57 139 1.71E+01                                                    1
 64.00  57 139 1.58E+01                                                    1
 65.00  57 139 1.64E+01                                                    1
 66.00  57 139 1.70E+01                                                    1
 67.00  57 139 1.55E+01                                                    1
 68.00  57 139 1.57E+01                                                    1
 69.00  57 139 1.63E+01                                                    1
 70.00  57 139 1.52E+01                                                    1
 35.00  57 138 9.78E+01                                                    1
 36.00  57 138 9.91E+01                                                    1
 37.00  57 138 9.57E+01                                                    1
 38.00  57 138 9.71E+01                                                    1
 39.00  57 138 9.61E+01                                                    1
 40.00  57 138 9.60E+01                                                    1
 41.00  57 138 9.55E+01                                                    1
 42.00  57 138 9.60E+01                                                    1
 43.00  57 138 9.48E+01                                                    1
 44.00  57 138 9.44E+01                                                    1
 45.00  57 138 9.24E+01                                                    1
 46.00  57 138 9.18E+01                                                    1
 47.00  57 138 9.05E+01                                                    1
 48.00  57 138 9.15E+01                                                    1
 49.00  57 138 8.95E+01                                                    1
 50.00  57 138 8.90E+01                                                    1
 51.00  57 138 8.69E+01                                                    1
 52.00  57 138 8.97E+01                                                    1
 53.00  57 138 8.71E+01                                                    1
 54.00  57 138 8.73E+01                                                    1
 55.00  57 138 8.71E+01                                                    1
 56.00  57 138 8.42E+01                                                    1
 57.00  57 138 8.38E+01                                                    1
 58.00  57 138 8.50E+01                                                    1
 59.00  57 138 8.32E+01                                                    1
 60.00  57 138 8.44E+01                                                    1
 61.00  57 138 8.07E+01                                                    1
 62.00  57 138 8.33E+01                                                    1
 63.00  57 138 8.16E+01                                                    1
 64.00  57 138 7.80E+01                                                    1
 65.00  57 138 8.16E+01                                                    1
 66.00  57 138 7.78E+01                                                    1
 67.00  57 138 7.69E+01                                                    1
 68.00  57 138 7.94E+01                                                    1
 69.00  57 138 7.48E+01                                                    1
 70.00  57 138 7.67E+01                                                    1
 35.00  57 137 8.40E+01                                                    1
 36.00  57 137 9.59E+01                                                    1
 37.00  57 137 1.04E+02                                                    1
 38.00  57 137 1.10E+02                                                    1
 39.00  57 137 1.16E+02                                                    1
 40.00  57 137 1.18E+02                                                    1
 41.00  57 137 1.24E+02                                                    1
 42.00  57 137 1.26E+02                                                    1
 43.00  57 137 1.32E+02                                                    1
 44.00  57 137 1.29E+02                                                    1
 45.00  57 137 1.32E+02                                                    1
 46.00  57 137 1.32E+02                                                    1
 47.00  57 137 1.31E+02                                                    1
 48.00  57 137 1.32E+02                                                    1
 49.00  57 137 1.32E+02                                                    1
 50.00  57 137 1.31E+02                                                    1
 51.00  57 137 1.32E+02                                                    1
 52.00  57 137 1.33E+02                                                    1
 53.00  57 137 1.32E+02                                                    1
 54.00  57 137 1.30E+02                                                    1
 55.00  57 137 1.26E+02                                                    1
 56.00  57 137 1.29E+02                                                    1
 57.00  57 137 1.27E+02                                                    1
 58.00  57 137 1.29E+02                                                    1
 59.00  57 137 1.26E+02                                                    1
 60.00  57 137 1.28E+02                                                    1
 61.00  57 137 1.24E+02                                                    1
 62.00  57 137 1.24E+02                                                    1
 63.00  57 137 1.23E+02                                                    1
 64.00  57 137 1.23E+02                                                    1
 65.00  57 137 1.22E+02                                                    1
 66.00  57 137 1.21E+02                                                    1
 67.00  57 137 1.21E+02                                                    1
 68.00  57 137 1.19E+02                                                    1
 69.00  57 137 1.19E+02                                                    1
 70.00  57 137 1.16E+02                                                    1
 35.00  57 136 3.78E+00 0.00E+00 3.78E+00          1.00E+00            1   2
 36.00  57 136 5.70E+00 0.00E+00 5.70E+00          1.00E+00            1   2
 37.00  57 136 8.98E+00 0.00E+00 8.98E+00          1.00E+00            1   2
 38.00  57 136 1.32E+01 0.00E+00 1.32E+01          1.00E+00            1   2
 39.00  57 136 1.85E+01 0.00E+00 1.85E+01          1.00E+00            1   2
 40.00  57 136 2.58E+01 0.00E+00 2.58E+01          1.00E+00            1   2
 41.00  57 136 3.52E+01 0.00E+00 3.52E+01          1.00E+00            1   2
 42.00  57 136 4.38E+01 0.00E+00 4.38E+01          1.00E+00            1   2
 43.00  57 136 5.19E+01 0.00E+00 5.19E+01          1.00E+00            1   2
 44.00  57 136 6.17E+01 0.00E+00 6.17E+01          1.00E+00            1   2
 45.00  57 136 7.35E+01 0.00E+00 7.35E+01          1.00E+00            1   2
 46.00  57 136 8.13E+01 0.00E+00 8.13E+01          1.00E+00            1   2
 47.00  57 136 8.73E+01 0.00E+00 8.73E+01          1.00E+00            1   2
 48.00  57 136 9.50E+01 0.00E+00 9.50E+01          1.00E+00            1   2
 49.00  57 136 9.90E+01 0.00E+00 9.90E+01          1.00E+00            1   2
 50.00  57 136 1.03E+02 0.00E+00 1.03E+02          1.00E+00            1   2
 51.00  57 136 1.04E+02 0.00E+00 1.04E+02          1.00E+00            1   2
 52.00  57 136 1.08E+02 0.00E+00 1.08E+02          1.00E+00            1   2
 53.00  57 136 1.07E+02 0.00E+00 1.07E+02          1.00E+00            1   2
 54.00  57 136 1.12E+02 0.00E+00 1.12E+02          1.00E+00            1   2
 55.00  57 136 1.07E+02 0.00E+00 1.07E+02          1.00E+00            1   2
 56.00  57 136 1.09E+02 0.00E+00 1.09E+02          1.00E+00            1   2
 57.00  57 136 1.08E+02 0.00E+00 1.08E+02          1.00E+00            1   2
 58.00  57 136 1.09E+02 0.00E+00 1.09E+02          1.00E+00            1   2
 59.00  57 136 1.07E+02 0.00E+00 1.07E+02          1.00E+00            1   2
 60.00  57 136 1.07E+02 0.00E+00 1.07E+02          1.00E+00            1   2
 61.00  57 136 1.04E+02 0.00E+00 1.04E+02          1.00E+00            1   2
 62.00  57 136 1.06E+02 0.00E+00 1.06E+02          1.00E+00            1   2
 63.00  57 136 1.04E+02 0.00E+00 1.04E+02          1.00E+00            1   2
 64.00  57 136 1.04E+02 0.00E+00 1.04E+02          1.00E+00            1   2
 65.00  57 136 1.03E+02 0.00E+00 1.03E+02          1.00E+00            1   2
 66.00  57 136 1.06E+02 0.00E+00 1.06E+02          1.00E+00            1   2
 67.00  57 136 1.04E+02 0.00E+00 1.04E+02          1.00E+00            1   2
 68.00  57 136 1.02E+02 0.00E+00 1.02E+02          1.00E+00            1   2
 69.00  57 136 1.04E+02 0.00E+00 1.04E+02          1.00E+00            1   2
 70.00  57 136 1.01E+02 0.00E+00 1.01E+02          1.00E+00            1   2
 35.00  57 135 7.96E-02                                                    1
 36.00  57 135 1.76E-01                                                    1
 37.00  57 135 3.83E-01                                                    1
 38.00  57 135 3.83E-01                                                    1
 39.00  57 135 8.62E-01                                                    1
 40.00  57 135 1.01E+00                                                    1
 41.00  57 135 1.27E+00                                                    1
 42.00  57 135 1.92E+00                                                    1
 43.00  57 135 2.57E+00                                                    1
 44.00  57 135 3.28E+00                                                    1
 45.00  57 135 5.25E+00                                                    1
 46.00  57 135 8.25E+00                                                    1
 47.00  57 135 1.22E+01                                                    1
 48.00  57 135 1.88E+01                                                    1
 49.00  57 135 2.60E+01                                                    1
 50.00  57 135 3.24E+01                                                    1
 51.00  57 135 4.11E+01                                                    1
 52.00  57 135 5.17E+01                                                    1
 53.00  57 135 6.17E+01                                                    1
 54.00  57 135 7.17E+01                                                    1
 55.00  57 135 8.49E+01                                                    1
 56.00  57 135 8.76E+01                                                    1
 57.00  57 135 1.01E+02                                                    1
 58.00  57 135 1.07E+02                                                    1
 59.00  57 135 1.13E+02                                                    1
 60.00  57 135 1.17E+02                                                    1
 61.00  57 135 1.19E+02                                                    1
 62.00  57 135 1.18E+02                                                    1
 63.00  57 135 8.70E+01                                                    1
 64.00  57 135 9.24E+01                                                    1
 65.00  57 135 9.44E+01                                                    1
 66.00  57 135 9.62E+01                                                    1
 67.00  57 135 9.74E+01                                                    1
 68.00  57 135 9.81E+01                                                    1
 69.00  57 135 9.97E+01                                                    1
 70.00  57 135 9.94E+01                                                    1
 46.00  57 134 4.84E-02                                                    1
 47.00  57 134 1.61E-01                                                    1
 48.00  57 134 1.13E-01                                                    1
 49.00  57 134 3.06E-01                                                    1
 50.00  57 134 5.97E-01                                                    1
 51.00  57 134 6.77E-01                                                    1
 52.00  57 134 8.86E-01                                                    1
 53.00  57 134 1.01E+00                                                    1
 54.00  57 134 1.67E+00                                                    1
 55.00  57 134 2.12E+00                                                    1
 56.00  57 134 3.41E+00                                                    1
 57.00  57 134 6.23E+00                                                    1
 58.00  57 134 9.89E+00                                                    1
 59.00  57 134 1.41E+01                                                    1
 60.00  57 134 1.81E+01                                                    1
 61.00  57 134 2.73E+01                                                    1
 62.00  57 134 3.38E+01                                                    1
 63.00  57 134 1.46E+01                                                    1
 64.00  57 134 1.88E+01                                                    1
 65.00  57 134 2.21E+01                                                    1
 66.00  57 134 2.61E+01                                                    1
 67.00  57 134 3.11E+01                                                    1
 68.00  57 134 3.30E+01                                                    1
 69.00  57 134 3.79E+01                                                    1
 70.00  57 134 4.21E+01                                                    1
 55.00  57 133 3.21E-02                                                    1
 56.00  57 133 3.20E-02                                                    1
 57.00  57 133 1.92E-01                                                    1
 58.00  57 133 6.37E-02                                                    1
 59.00  57 133 1.59E-01                                                    1
 60.00  57 133 3.50E-01                                                    1
 61.00  57 133 7.30E-01                                                    1
 62.00  57 133 9.04E-01                                                    1
 63.00  57 133 7.44E-01                                                    1
 64.00  57 133 1.09E+00                                                    1
 65.00  57 133 1.47E+00                                                    1
 66.00  57 133 1.82E+00                                                    1
 67.00  57 133 2.53E+00                                                    1
 68.00  57 133 2.96E+00                                                    1
 69.00  57 133 4.33E+00                                                    1
 70.00  57 133 5.37E+00                                                    1
 63.00  57 132 1.58E-02 0.00E+00 1.58E-02          1.00E+00            0   2
 67.00  57 132 1.57E-02 0.00E+00 1.57E-02          1.00E+00            0   2
 68.00  57 132 1.57E-02 0.00E+00 1.57E-02          1.00E+00            0   2
 69.00  57 132 1.09E-01 0.00E+00 1.09E-01          1.00E+00            0   2
 70.00  57 132 1.09E-01 0.00E+00 1.09E-01          1.00E+00            0   2
 35.00  56 138 1.04E+00                                                    1
 36.00  56 138 1.09E+00                                                    1
 37.00  56 138 1.49E+00                                                    1
 38.00  56 138 1.09E+00                                                    1
 39.00  56 138 1.44E+00                                                    1
 40.00  56 138 1.44E+00                                                    1
 41.00  56 138 1.81E+00                                                    1
 42.00  56 138 2.17E+00                                                    1
 43.00  56 138 2.10E+00                                                    1
 44.00  56 138 2.52E+00                                                    1
 45.00  56 138 2.50E+00                                                    1
 46.00  56 138 2.58E+00                                                    1
 47.00  56 138 3.00E+00                                                    1
 48.00  56 138 3.00E+00                                                    1
 49.00  56 138 3.50E+00                                                    1
 50.00  56 138 3.45E+00                                                    1
 51.00  56 138 4.10E+00                                                    1
 52.00  56 138 3.14E+00                                                    1
 53.00  56 138 3.85E+00                                                    1
 54.00  56 138 3.54E+00                                                    1
 55.00  56 138 3.90E+00                                                    1
 56.00  56 138 4.10E+00                                                    1
 57.00  56 138 4.18E+00                                                    1
 58.00  56 138 4.33E+00                                                    1
 59.00  56 138 4.34E+00                                                    1
 60.00  56 138 4.80E+00                                                    1
 61.00  56 138 4.06E+00                                                    1
 62.00  56 138 4.64E+00                                                    1
 63.00  56 138 5.08E+00                                                    1
 64.00  56 138 5.26E+00                                                    1
 65.00  56 138 4.76E+00                                                    1
 66.00  56 138 5.21E+00                                                    1
 67.00  56 138 5.50E+00                                                    1
 68.00  56 138 5.65E+00                                                    1
 69.00  56 138 5.22E+00                                                    1
 70.00  56 138 5.70E+00                                                    1
 35.00  56 137 8.12E-01 1.59E-02 7.96E-01          9.80E-01            0   2
 36.00  56 137 8.79E-01 1.60E-02 8.63E-01          9.82E-01            0   2
 37.00  56 137 8.78E-01 0.00E+00 8.78E-01          1.00E+00            0   2
 38.00  56 137 1.21E+00 6.38E-02 1.15E+00          9.47E-01            0   2
 39.00  56 137 1.18E+00 7.98E-03 1.17E+00          9.93E-01            0   2
 40.00  56 137 1.38E+00 1.60E-02 1.36E+00          9.88E-01            0   2
 41.00  56 137 1.20E+00 4.81E-02 1.15E+00          9.60E-01            0   2
 42.00  56 137 1.63E+00 1.61E-02 1.61E+00          9.90E-01            0   2
 43.00  56 137 1.74E+00 6.46E-02 1.68E+00          9.63E-01            0   2
 44.00  56 137 1.76E+00 1.62E-02 1.74E+00          9.91E-01            0   2
 45.00  56 137 2.07E+00 3.23E-02 2.04E+00          9.84E-01            0   2
 46.00  56 137 2.29E+00 2.42E-02 2.27E+00          9.89E-01            0   2
 47.00  56 137 2.65E+00 2.42E-02 2.62E+00          9.91E-01            0   2
 48.00  56 137 2.86E+00 1.05E-01 2.75E+00          9.63E-01            0   2
 49.00  56 137 2.69E+00 7.26E-02 2.62E+00          9.73E-01            0   2
 50.00  56 137 3.13E+00 7.26E-02 3.06E+00          9.77E-01            0   2
 51.00  56 137 3.27E+00 9.67E-02 3.18E+00          9.70E-01            0   2
 52.00  56 137 3.27E+00 7.25E-02 3.20E+00          9.78E-01            0   2
 53.00  56 137 3.54E+00 1.53E-01 3.39E+00          9.57E-01            0   2
 54.00  56 137 3.47E+00 8.85E-02 3.39E+00          9.75E-01            0   2
 55.00  56 137 4.21E+00 5.62E-02 4.15E+00          9.87E-01            0   2
 56.00  56 137 3.94E+00 1.12E-01 3.83E+00          9.72E-01            0   2
 57.00  56 137 3.56E+00 4.79E-02 3.51E+00          9.87E-01            0   2
 58.00  56 137 4.05E+00 2.39E-02 4.02E+00          9.94E-01            0   2
 59.00  56 137 4.02E+00 1.51E-01 3.87E+00          9.62E-01            0   2
 60.00  56 137 4.43E+00 1.75E-01 4.26E+00          9.61E-01            0   2
 61.00  56 137 4.46E+00 1.27E-01 4.33E+00          9.72E-01            0   2
 62.00  56 137 5.04E+00 1.82E-01 4.86E+00          9.64E-01            0   2
 63.00  56 137 4.67E+00 3.17E-02 4.64E+00          9.93E-01            0   2
 64.00  56 137 4.68E+00 8.69E-02 4.59E+00          9.81E-01            0   2
 65.00  56 137 5.17E+00 2.29E-01 4.94E+00          9.56E-01            0   2
 66.00  56 137 5.14E+00 1.65E-01 4.98E+00          9.68E-01            0   2
 67.00  56 137 4.88E+00 9.42E-02 4.79E+00          9.81E-01            0   2
 68.00  56 137 5.73E+00 6.26E-02 5.67E+00          9.89E-01            0   2
 69.00  56 137 5.34E+00 1.33E-01 5.21E+00          9.75E-01            0   2
 70.00  56 137 5.55E+00 1.40E-01 5.41E+00          9.75E-01            0   2
 35.00  56 136 1.21E+00 5.10E-01 7.01E-01          5.79E-01            0   2
 36.00  56 136 1.53E+00 5.11E-01 1.02E+00          6.67E-01            0   2
 37.00  56 136 1.18E+00 3.67E-01 8.14E-01          6.89E-01            0   2
 38.00  56 136 1.24E+00 3.51E-01 8.94E-01          7.18E-01            0   2
 39.00  56 136 1.56E+00 4.63E-01 1.10E+00          7.04E-01            0   2
 40.00  56 136 2.24E+00 5.92E-01 1.65E+00          7.36E-01            0   2
 41.00  56 136 1.94E+00 5.29E-01 1.41E+00          7.27E-01            0   2
 42.00  56 136 2.45E+00 5.64E-01 1.88E+00          7.70E-01            0   2
 43.00  56 136 2.82E+00 5.00E-01 2.32E+00          8.23E-01            0   2
 44.00  56 136 3.25E+00 8.24E-01 2.42E+00          7.46E-01            0   2
 45.00  56 136 3.33E+00 5.82E-01 2.75E+00          8.25E-01            0   2
 46.00  56 136 3.34E+00 5.97E-01 2.74E+00          8.21E-01            0   2
 47.00  56 136 3.78E+00 6.13E-01 3.16E+00          8.38E-01            0   2
 48.00  56 136 4.16E+00 8.87E-01 3.27E+00          7.87E-01            0   2
 49.00  56 136 4.34E+00 9.51E-01 3.39E+00          7.81E-01            0   2
 50.00  56 136 5.11E+00 9.03E-01 4.21E+00          8.23E-01            0   2
 51.00  56 136 4.93E+00 9.27E-01 4.01E+00          8.12E-01            0   2
 52.00  56 136 5.04E+00 1.04E+00 4.00E+00          7.94E-01            0   2
 53.00  56 136 5.89E+00 9.74E-01 4.92E+00          8.35E-01            0   2
 54.00  56 136 6.02E+00 1.25E+00 4.76E+00          7.91E-01            0   2
 55.00  56 136 5.99E+00 1.07E+00 4.92E+00          8.22E-01            0   2
 56.00  56 136 5.54E+00 1.10E+00 4.44E+00          8.02E-01            0   2
 57.00  56 136 6.26E+00 1.15E+00 5.11E+00          8.16E-01            0   2
 58.00  56 136 6.18E+00 1.24E+00 4.94E+00          7.99E-01            0   2
 59.00  56 136 6.04E+00 1.41E+00 4.64E+00          7.67E-01            0   2
 60.00  56 136 6.63E+00 1.21E+00 5.42E+00          8.18E-01            0   2
 61.00  56 136 6.83E+00 1.12E+00 5.71E+00          8.36E-01            0   2
 62.00  56 136 7.28E+00 1.55E+00 5.72E+00          7.86E-01            0   2
 63.00  56 136 7.12E+00 1.27E+00 5.86E+00          8.22E-01            0   2
 64.00  56 136 7.96E+00 1.56E+00 6.41E+00          8.05E-01            0   2
 65.00  56 136 7.43E+00 1.19E+00 6.24E+00          8.40E-01            0   2
 66.00  56 136 7.66E+00 1.65E+00 6.01E+00          7.84E-01            0   2
 67.00  56 136 7.59E+00 1.51E+00 6.08E+00          8.01E-01            0   2
 68.00  56 136 8.29E+00 1.85E+00 6.44E+00          7.77E-01            0   2
 69.00  56 136 8.57E+00 1.44E+00 7.13E+00          8.32E-01            0   2
 70.00  56 136 8.60E+00 1.87E+00 6.73E+00          7.83E-01            0   2
 35.00  56 135 3.23E+00 0.00E+00 3.23E+00          1.00E+00            0   2
 36.00  56 135 2.97E+00 0.00E+00 2.97E+00          1.00E+00            0   2
 37.00  56 135 3.02E+00 0.00E+00 3.02E+00          1.00E+00            0   2
 38.00  56 135 2.22E+00 0.00E+00 2.22E+00          1.00E+00            0   2
 39.00  56 135 2.22E+00 0.00E+00 2.22E+00          1.00E+00            0   2
 40.00  56 135 1.97E+00 0.00E+00 1.97E+00          1.00E+00            0   2
 41.00  56 135 2.05E+00 0.00E+00 2.05E+00          1.00E+00            0   2
 42.00  56 135 1.95E+00 0.00E+00 1.95E+00          1.00E+00            0   2
 43.00  56 135 2.05E+00 0.00E+00 2.05E+00          1.00E+00            0   2
 44.00  56 135 1.73E+00 0.00E+00 1.73E+00          1.00E+00            0   2
 45.00  56 135 2.34E+00 0.00E+00 2.34E+00          1.00E+00            0   2
 46.00  56 135 2.07E+00 0.00E+00 2.07E+00          1.00E+00            0   2
 47.00  56 135 2.45E+00 0.00E+00 2.45E+00          1.00E+00            0   2
 48.00  56 135 2.61E+00 0.00E+00 2.61E+00          1.00E+00            0   2
 49.00  56 135 2.87E+00 0.00E+00 2.87E+00          1.00E+00            0   2
 50.00  56 135 2.77E+00 0.00E+00 2.77E+00          1.00E+00            0   2
 51.00  56 135 3.13E+00 0.00E+00 3.13E+00          1.00E+00            0   2
 52.00  56 135 3.88E+00 0.00E+00 3.88E+00          1.00E+00            0   2
 53.00  56 135 3.69E+00 0.00E+00 3.69E+00          1.00E+00            0   2
 54.00  56 135 3.97E+00 0.00E+00 3.97E+00          1.00E+00            0   2
 55.00  56 135 4.09E+00 0.00E+00 4.09E+00          1.00E+00            0   2
 56.00  56 135 4.56E+00 0.00E+00 4.56E+00          1.00E+00            0   2
 57.00  56 135 4.01E+00 0.00E+00 4.01E+00          1.00E+00            0   2
 58.00  56 135 4.84E+00 0.00E+00 4.84E+00          1.00E+00            0   2
 59.00  56 135 5.33E+00 0.00E+00 5.33E+00          1.00E+00            0   2
 60.00  56 135 4.97E+00 0.00E+00 4.97E+00          1.00E+00            0   2
 61.00  56 135 5.27E+00 0.00E+00 5.27E+00          1.00E+00            0   2
 62.00  56 135 6.09E+00 0.00E+00 6.09E+00          1.00E+00            0   2
 63.00  56 135 5.32E+00 0.00E+00 5.32E+00          1.00E+00            0   2
 64.00  56 135 6.35E+00 0.00E+00 6.35E+00          1.00E+00            0   2
 65.00  56 135 5.44E+00 0.00E+00 5.44E+00          1.00E+00            0   2
 66.00  56 135 5.69E+00 0.00E+00 5.69E+00          1.00E+00            0   2
 67.00  56 135 5.78E+00 0.00E+00 5.78E+00          1.00E+00            0   2
 68.00  56 135 6.17E+00 0.00E+00 6.17E+00          1.00E+00            0   2
 69.00  56 135 6.47E+00 0.00E+00 6.47E+00          1.00E+00            0   2
 70.00  56 135 6.51E+00 0.00E+00 6.51E+00          1.00E+00            0   2
 35.00  56 134 2.32E+01                                                    1
 36.00  56 134 2.53E+01                                                    1
 37.00  56 134 2.56E+01                                                    1
 38.00  56 134 2.65E+01                                                    1
 39.00  56 134 2.59E+01                                                    1
 40.00  56 134 2.36E+01                                                    1
 41.00  56 134 2.20E+01                                                    1
 42.00  56 134 1.88E+01                                                    1
 43.00  56 134 1.74E+01                                                    1
 44.00  56 134 1.51E+01                                                    1
 45.00  56 134 1.39E+01                                                    1
 46.00  56 134 1.17E+01                                                    1
 47.00  56 134 1.02E+01                                                    1
 48.00  56 134 9.08E+00                                                    1
 49.00  56 134 9.00E+00                                                    1
 50.00  56 134 7.60E+00                                                    1
 51.00  56 134 7.69E+00                                                    1
 52.00  56 134 7.30E+00                                                    1
 53.00  56 134 6.72E+00                                                    1
 54.00  56 134 6.95E+00                                                    1
 55.00  56 134 6.58E+00                                                    1
 56.00  56 134 6.53E+00                                                    1
 57.00  56 134 5.89E+00                                                    1
 58.00  56 134 6.15E+00                                                    1
 59.00  56 134 5.79E+00                                                    1
 60.00  56 134 6.31E+00                                                    1
 61.00  56 134 6.46E+00                                                    1
 62.00  56 134 7.21E+00                                                    1
 63.00  56 134 6.38E+00                                                    1
 64.00  56 134 6.51E+00                                                    1
 65.00  56 134 7.76E+00                                                    1
 66.00  56 134 7.38E+00                                                    1
 67.00  56 134 7.48E+00                                                    1
 68.00  56 134 7.78E+00                                                    1
 69.00  56 134 7.47E+00                                                    1
 70.00  56 134 8.22E+00                                                    1
 35.00  56 133 4.94E-01 0.00E+00 4.94E-01          1.00E+00            0   2
 36.00  56 133 1.52E+00 0.00E+00 1.52E+00          1.00E+00            0   2
 37.00  56 133 3.56E+00 0.00E+00 3.56E+00          1.00E+00            0   2
 38.00  56 133 6.75E+00 0.00E+00 6.75E+00          1.00E+00            0   2
 39.00  56 133 1.15E+01 0.00E+00 1.15E+01          1.00E+00            0   2
 40.00  56 133 1.63E+01 0.00E+00 1.63E+01          1.00E+00            0   2
 41.00  56 133 2.08E+01 0.00E+00 2.08E+01          1.00E+00            0   2
 42.00  56 133 2.77E+01 0.00E+00 2.77E+01          1.00E+00            0   2
 43.00  56 133 3.26E+01 0.00E+00 3.26E+01          1.00E+00            0   2
 44.00  56 133 3.95E+01 0.00E+00 3.95E+01          1.00E+00            0   2
 45.00  56 133 4.14E+01 0.00E+00 4.14E+01          1.00E+00            0   2
 46.00  56 133 4.54E+01 0.00E+00 4.54E+01          1.00E+00            0   2
 47.00  56 133 4.70E+01 0.00E+00 4.70E+01          1.00E+00            0   2
 48.00  56 133 4.57E+01 0.00E+00 4.57E+01          1.00E+00            0   2
 49.00  56 133 4.40E+01 0.00E+00 4.40E+01          1.00E+00            0   2
 50.00  56 133 4.12E+01 0.00E+00 4.12E+01          1.00E+00            0   2
 51.00  56 133 3.67E+01 0.00E+00 3.67E+01          1.00E+00            0   2
 52.00  56 133 3.37E+01 0.00E+00 3.37E+01          1.00E+00            0   2
 53.00  56 133 3.01E+01 0.00E+00 3.01E+01          1.00E+00            0   2
 54.00  56 133 2.49E+01 0.00E+00 2.49E+01          1.00E+00            0   2
 55.00  56 133 2.20E+01 0.00E+00 2.20E+01          1.00E+00            0   2
 56.00  56 133 1.82E+01 0.00E+00 1.82E+01          1.00E+00            0   2
 57.00  56 133 1.68E+01 0.00E+00 1.68E+01          1.00E+00            0   2
 58.00  56 133 1.40E+01 0.00E+00 1.40E+01          1.00E+00            0   2
 59.00  56 133 1.33E+01 0.00E+00 1.33E+01          1.00E+00            0   2
 60.00  56 133 1.17E+01 0.00E+00 1.17E+01          1.00E+00            0   2
 61.00  56 133 1.13E+01 0.00E+00 1.13E+01          9.99E-01            0   2
 62.00  56 133 9.83E+00 0.00E+00 9.83E+00          1.00E+00            0   2
 63.00  56 133 7.84E+00 0.00E+00 7.84E+00          1.00E+00            0   2
 64.00  56 133 7.76E+00 0.00E+00 7.76E+00          1.00E+00            0   2
 65.00  56 133 8.18E+00 0.00E+00 8.18E+00          1.00E+00            0   2
 66.00  56 133 7.83E+00 0.00E+00 7.83E+00          1.00E+00            0   2
 67.00  56 133 6.83E+00 0.00E+00 6.83E+00          1.00E+00            0   2
 68.00  56 133 7.24E+00 0.00E+00 7.24E+00          1.00E+00            0   2
 69.00  56 133 6.81E+00 0.00E+00 6.81E+00          1.00E+00            0   2
 70.00  56 133 7.38E+00 0.00E+00 7.38E+00          1.00E+00            0   2
 41.00  56 132 1.60E-02                                                    1
 42.00  56 132 1.61E-01                                                    1
 43.00  56 132 4.03E-01                                                    1
 44.00  56 132 1.07E+00                                                    1
 45.00  56 132 2.65E+00                                                    1
 46.00  56 132 5.68E+00                                                    1
 47.00  56 132 1.03E+01                                                    1
 48.00  56 132 1.65E+01                                                    1
 49.00  56 132 2.39E+01                                                    1
 50.00  56 132 3.13E+01                                                    1
 51.00  56 132 4.04E+01                                                    1
 52.00  56 132 5.13E+01                                                    1
 53.00  56 132 6.14E+01                                                    1
 54.00  56 132 6.98E+01                                                    1
 55.00  56 132 7.68E+01                                                    1
 56.00  56 132 8.21E+01                                                    1
 57.00  56 132 8.95E+01                                                    1
 58.00  56 132 9.43E+01                                                    1
 59.00  56 132 9.77E+01                                                    1
 60.00  56 132 9.73E+01                                                    1
 61.00  56 132 9.83E+01                                                    1
 62.00  56 132 9.26E+01                                                    1
 63.00  56 132 1.89E+01                                                    1
 64.00  56 132 1.90E+01                                                    1
 65.00  56 132 1.82E+01                                                    1
 66.00  56 132 1.84E+01                                                    1
 67.00  56 132 1.81E+01                                                    1
 68.00  56 132 1.80E+01                                                    1
 69.00  56 132 1.71E+01                                                    1
 70.00  56 132 1.75E+01                                                    1
 53.00  56 131 3.22E-02 0.00E+00 3.22E-02          1.00E+00            0   2
 54.00  56 131 2.09E-01 0.00E+00 2.09E-01          1.00E+00            0   2
 55.00  56 131 5.46E-01 0.00E+00 5.46E-01          1.00E+00            0   2
 56.00  56 131 1.67E+00 0.00E+00 1.67E+00          1.00E+00            0   2
 57.00  56 131 3.58E+00 0.00E+00 3.58E+00          1.00E+00            0   2
 58.00  56 131 6.45E+00 0.00E+00 6.45E+00          1.00E+00            0   2
 59.00  56 131 1.12E+01 0.00E+00 1.12E+01          1.00E+00            0   2
 60.00  56 131 1.81E+01 0.00E+00 1.81E+01          1.00E+00            0   2
 61.00  56 131 2.64E+01 0.00E+00 2.64E+01          1.00E+00            0   2
 62.00  56 131 3.67E+01 0.00E+00 3.67E+01          1.00E+00            0   2
 63.00  56 131 3.78E+00 0.00E+00 3.78E+00          1.00E+00            0   2
 64.00  56 131 4.72E+00 0.00E+00 4.72E+00          1.00E+00            0   2
 65.00  56 131 6.23E+00 0.00E+00 6.23E+00          1.00E+00            0   2
 66.00  56 131 6.09E+00 0.00E+00 6.09E+00          1.00E+00            0   2
 67.00  56 131 7.07E+00 0.00E+00 7.07E+00          1.00E+00            0   2
 68.00  56 131 8.44E+00 0.00E+00 8.44E+00          1.00E+00            0   2
 69.00  56 131 8.67E+00 0.00E+00 8.67E+00          1.00E+00            0   2
 70.00  56 131 9.94E+00 0.00E+00 9.94E+00          1.00E+00            0   2
 62.00  56 130 6.34E-02 6.34E-02 0.00E+00          0.00E+00            0   2
 64.00  56 130 4.74E-02 4.74E-02 0.00E+00          0.00E+00            0   2
 65.00  56 130 1.58E-02 1.58E-02 0.00E+00          0.00E+00            0   2
 66.00  56 130 1.57E-02 1.57E-02 0.00E+00          0.00E+00            0   2
 67.00  56 130 9.42E-02 8.64E-02 7.85E-03          8.33E-02            0   2
 68.00  56 130 2.51E-01 2.04E-01 4.70E-02          1.88E-01            0   2
 69.00  56 130 7.03E-01 4.61E-01 2.42E-01          3.44E-01            0   2
 70.00  56 130 4.98E-01 2.80E-01 2.18E-01          4.38E-01            0   2
 54.00  55 137 1.61E-02                                                    1
 60.00  55 137 1.59E-02                                                    1
 61.00  55 137 1.59E-02                                                    1
 62.00  55 137 1.59E-02                                                    1
 64.00  55 137 1.58E-02                                                    1
 67.00  55 137 1.57E-02                                                    1
 68.00  55 137 1.57E-02                                                    1
 48.00  55 136 1.61E-02 0.00E+00 1.61E-02          1.00E+00            0   2
 49.00  55 136 1.61E-02 0.00E+00 1.61E-02          1.00E+00            0   2
 50.00  55 136 4.84E-02 0.00E+00 4.84E-02          1.00E+00            0   2
 51.00  55 136 3.22E-02 1.61E-02 1.61E-02          5.00E-01            0   2
 52.00  55 136 3.22E-02 0.00E+00 3.22E-02          1.00E+00            0   2
 53.00  55 136 1.61E-02 0.00E+00 1.61E-02          1.00E+00            0   2
 54.00  55 136 1.61E-02 0.00E+00 1.61E-02          1.00E+00            0   2
 55.00  55 136 3.21E-02 0.00E+00 3.21E-02          1.00E+00            0   2
 56.00  55 136 1.60E-02 0.00E+00 1.60E-02          1.00E+00            0   2
 57.00  55 136 4.79E-02 0.00E+00 4.79E-02          1.00E+00            0   2
 58.00  55 136 7.97E-02 0.00E+00 7.97E-02          1.00E+00            0   2
 59.00  55 136 3.18E-02 0.00E+00 3.18E-02          1.00E+00            0   2
 60.00  55 136 3.18E-02 0.00E+00 3.18E-02          1.00E+00            0   2
 61.00  55 136 6.35E-02 0.00E+00 6.35E-02          1.00E+00            0   2
 62.00  55 136 1.59E-01 1.59E-02 1.43E-01          9.00E-01            0   2
 63.00  55 136 1.42E-01 0.00E+00 1.42E-01          1.00E+00            0   2
 64.00  55 136 9.48E-02 1.58E-02 7.90E-02          8.33E-01            0   2
 65.00  55 136 6.31E-02 0.00E+00 6.31E-02          1.00E+00            0   2
 66.00  55 136 1.57E-01 0.00E+00 1.57E-01          1.00E+00            0   2
 67.00  55 136 9.42E-02 0.00E+00 9.42E-02          1.00E+00            0   2
 68.00  55 136 1.10E-01 0.00E+00 1.10E-01          1.00E+00            0   2
 69.00  55 136 2.03E-01 5.47E-02 1.48E-01          7.31E-01            0   2
 70.00  55 136 9.35E-02 1.56E-02 7.79E-02          8.33E-01            0   2
 35.00  55 135 9.56E-02 2.39E-02 7.17E-02          7.50E-01            0   2
 36.00  55 135 1.12E-01 0.00E+00 1.12E-01          1.00E+00            0   2
 37.00  55 135 9.58E-02 3.99E-02 5.59E-02          5.83E-01            0   2
 38.00  55 135 1.28E-01 0.00E+00 1.28E-01          1.00E+00            0   2
 39.00  55 135 1.76E-01 0.00E+00 1.76E-01          1.00E+00            0   2
 40.00  55 135 2.08E-01 6.40E-02 1.44E-01          6.92E-01            0   2
 41.00  55 135 3.21E-01 2.41E-02 2.97E-01          9.25E-01            0   2
 42.00  55 135 2.25E-01 4.83E-02 1.77E-01          7.86E-01            0   2
 43.00  55 135 1.94E-01 1.61E-02 1.78E-01          9.17E-01            0   2
 44.00  55 135 3.23E-01 4.04E-02 2.83E-01          8.75E-01            0   2
 45.00  55 135 2.75E-01 8.08E-03 2.67E-01          9.71E-01            0   2
 46.00  55 135 2.10E-01 1.61E-02 1.94E-01          9.23E-01            0   2
 47.00  55 135 3.87E-01 4.84E-02 3.39E-01          8.75E-01            0   2
 48.00  55 135 4.03E-01 2.42E-02 3.79E-01          9.40E-01            0   2
 49.00  55 135 1.94E-01 4.03E-02 1.53E-01          7.92E-01            0   2
 50.00  55 135 4.52E-01 8.06E-02 3.71E-01          8.21E-01            0   2
 51.00  55 135 4.35E-01 9.67E-02 3.39E-01          7.78E-01            0   2
 52.00  55 135 2.90E-01 4.03E-02 2.50E-01          8.61E-01            0   2
 53.00  55 135 5.15E-01 6.44E-02 4.51E-01          8.75E-01            0   2
 54.00  55 135 4.18E-01 4.83E-02 3.70E-01          8.85E-01            0   2
 55.00  55 135 3.05E-01 4.01E-02 2.65E-01          8.68E-01            0   2
 56.00  55 135 4.16E-01 6.40E-02 3.52E-01          8.46E-01            0   2
 57.00  55 135 4.63E-01 1.12E-01 3.51E-01          7.59E-01            0   2
 58.00  55 135 3.82E-01 4.78E-02 3.35E-01          8.75E-01            0   2
 59.00  55 135 5.57E-01 3.18E-02 5.25E-01          9.43E-01            0   2
 60.00  55 135 5.24E-01 7.95E-02 4.45E-01          8.48E-01            0   2
 61.00  55 135 3.49E-01 1.59E-02 3.33E-01          9.55E-01            0   2
 62.00  55 135 4.76E-01 2.38E-02 4.52E-01          9.50E-01            0   2
 63.00  55 135 5.86E-01 1.58E-02 5.70E-01          9.73E-01            0   2
 64.00  55 135 4.90E-01 7.11E-02 4.19E-01          8.55E-01            0   2
 65.00  55 135 6.15E-01 1.03E-01 5.13E-01          8.33E-01            0   2
 66.00  55 135 5.03E-01 1.57E-02 4.88E-01          9.69E-01            0   2
 67.00  55 135 6.28E-01 1.41E-01 4.87E-01          7.75E-01            0   2
 68.00  55 135 5.95E-01 3.13E-02 5.64E-01          9.47E-01            0   2
 69.00  55 135 7.50E-01 6.25E-02 6.87E-01          9.17E-01            0   2
 70.00  55 135 6.08E-01 7.01E-02 5.37E-01          8.85E-01            0   2
 38.00  55 134 4.79E-02 0.00E+00 4.79E-02          1.00E+00            0   2
 39.00  55 134 4.79E-02 0.00E+00 4.79E-02          1.00E+00            0   2
 40.00  55 134 9.59E-02 0.00E+00 9.59E-02          1.00E+00            0   2
 41.00  55 134 2.08E-01 1.60E-02 1.92E-01          9.23E-01            0   2
 42.00  55 134 2.58E-01 1.61E-02 2.42E-01          9.37E-01            0   2
 43.00  55 134 2.74E-01 1.61E-02 2.58E-01          9.41E-01            0   2
 44.00  55 134 3.23E-01 0.00E+00 3.23E-01          1.00E+00            0   2
 45.00  55 134 3.55E-01 0.00E+00 3.55E-01          1.00E+00            0   2
 46.00  55 134 5.16E-01 7.26E-02 4.44E-01          8.59E-01            0   2
 47.00  55 134 4.68E-01 1.61E-02 4.52E-01          9.66E-01            0   2
 48.00  55 134 5.48E-01 4.84E-02 5.00E-01          9.12E-01            0   2
 49.00  55 134 5.00E-01 1.61E-02 4.84E-01          9.68E-01            0   2
 50.00  55 134 7.10E-01 2.42E-02 6.85E-01          9.66E-01            0   2
 51.00  55 134 5.97E-01 4.84E-02 5.48E-01          9.19E-01            0   2
 52.00  55 134 7.25E-01 3.22E-02 6.93E-01          9.56E-01            0   2
 53.00  55 134 4.67E-01 3.22E-02 4.35E-01          9.31E-01            0   2
 54.00  55 134 9.01E-01 4.83E-02 8.53E-01          9.46E-01            0   2
 55.00  55 134 6.58E-01 8.03E-02 5.78E-01          8.78E-01            0   2
 56.00  55 134 7.36E-01 2.40E-02 7.12E-01          9.67E-01            0   2
 57.00  55 134 7.35E-01 4.79E-02 6.87E-01          9.35E-01            0   2
 58.00  55 134 7.01E-01 4.78E-02 6.53E-01          9.32E-01            0   2
 59.00  55 134 1.00E+00 1.59E-02 9.86E-01          9.84E-01            0   2
 60.00  55 134 9.85E-01 6.36E-02 9.22E-01          9.35E-01            0   2
 61.00  55 134 7.30E-01 3.17E-02 6.98E-01          9.57E-01            0   2
 62.00  55 134 1.19E+00 1.35E-01 1.05E+00          8.87E-01            0   2
 63.00  55 134 1.22E+00 7.91E-02 1.14E+00          9.35E-01            0   2
 64.00  55 134 1.04E+00 3.16E-02 1.01E+00          9.70E-01            0   2
 65.00  55 134 9.30E-01 1.58E-02 9.15E-01          9.83E-01            0   2
 66.00  55 134 1.24E+00 7.87E-02 1.16E+00          9.37E-01            0   2
 67.00  55 134 1.16E+00 4.71E-02 1.12E+00          9.59E-01            0   2
 68.00  55 134 1.10E+00 5.48E-02 1.04E+00          9.50E-01            0   2
 69.00  55 134 1.19E+00 9.37E-02 1.09E+00          9.21E-01            0   2
 70.00  55 134 1.17E+00 7.01E-02 1.10E+00          9.40E-01            0   2
 42.00  55 133 3.22E-02                                                    1
 43.00  55 133 4.84E-02                                                    1
 44.00  55 133 6.46E-02                                                    1
 45.00  55 133 4.85E-02                                                    1
 46.00  55 133 1.61E-01                                                    1
 47.00  55 133 1.61E-01                                                    1
 48.00  55 133 3.06E-01                                                    1
 49.00  55 133 2.90E-01                                                    1
 50.00  55 133 5.48E-01                                                    1
 51.00  55 133 4.68E-01                                                    1
 52.00  55 133 5.32E-01                                                    1
 53.00  55 133 6.93E-01                                                    1
 54.00  55 133 9.97E-01                                                    1
 55.00  55 133 1.06E+00                                                    1
 56.00  55 133 1.20E+00                                                    1
 57.00  55 133 7.83E-01                                                    1
 58.00  55 133 1.42E+00                                                    1
 59.00  55 133 1.48E+00                                                    1
 60.00  55 133 1.35E+00                                                    1
 61.00  55 133 1.62E+00                                                    1
 62.00  55 133 1.46E+00                                                    1
 63.00  55 133 1.49E+00                                                    1
 64.00  55 133 1.55E+00                                                    1
 65.00  55 133 1.70E+00                                                    1
 66.00  55 133 1.68E+00                                                    1
 67.00  55 133 1.33E+00                                                    1
 68.00  55 133 1.47E+00                                                    1
 69.00  55 133 1.83E+00                                                    1
 70.00  55 133 1.78E+00                                                    1
 44.00  55 132 1.62E-02                                                    1
 46.00  55 132 1.61E-02                                                    1
 47.00  55 132 1.61E-02                                                    1
 50.00  55 132 6.45E-02                                                    1
 51.00  55 132 6.45E-02                                                    1
 52.00  55 132 4.83E-02                                                    1
 53.00  55 132 6.44E-02                                                    1
 54.00  55 132 1.93E-01                                                    1
 55.00  55 132 2.09E-01                                                    1
 56.00  55 132 3.52E-01                                                    1
 57.00  55 132 5.43E-01                                                    1
 58.00  55 132 7.33E-01                                                    1
 59.00  55 132 8.75E-01                                                    1
 60.00  55 132 9.85E-01                                                    1
 61.00  55 132 1.49E+00                                                    1
 62.00  55 132 1.70E+00                                                    1
 63.00  55 132 8.23E-01                                                    1
 64.00  55 132 8.69E-01                                                    1
 65.00  55 132 1.01E+00                                                    1
 66.00  55 132 1.16E+00                                                    1
 67.00  55 132 1.26E+00                                                    1
 68.00  55 132 1.32E+00                                                    1
 69.00  55 132 1.59E+00                                                    1
 70.00  55 132 1.62E+00                                                    1
 56.00  55 131 1.60E-02                                                    1
 57.00  55 131 1.60E-02                                                    1
 58.00  55 131 1.59E-02                                                    1
 59.00  55 131 4.77E-02                                                    1
 60.00  55 131 9.54E-02                                                    1
 61.00  55 131 1.43E-01                                                    1
 62.00  55 131 2.54E-01                                                    1
 63.00  55 131 7.91E-02                                                    1
 64.00  55 131 7.90E-02                                                    1
 65.00  55 131 2.52E-01                                                    1
 66.00  55 131 1.26E-01                                                    1
 67.00  55 131 1.88E-01                                                    1
 68.00  55 131 3.60E-01                                                    1
 69.00  55 131 5.31E-01                                                    1
 70.00  55 131 7.63E-01                                                    1
 68.00  55 130 1.57E-02 0.00E+00 1.57E-02          1.00E+00            0   2
 69.00  55 130 3.12E-02 0.00E+00 3.12E-02          1.00E+00            0   2
 70.00  55 130 3.12E-02 0.00E+00 3.12E-02          1.00E+00            0   2
 66.00  54 135 1.57E-02 0.00E+00 1.57E-02          1.00E+00            0   2
 43.00  54 134 1.61E-02 1.61E-02 0.00E+00          0.00E+00            0   2
 51.00  54 134 1.61E-02 0.00E+00 1.61E-02          1.00E+00            0   2
 57.00  54 134 1.60E-02 0.00E+00 1.60E-02          1.00E+00            0   2
 58.00  54 134 1.59E-02 0.00E+00 1.59E-02          1.00E+00            0   2
 59.00  54 134 3.18E-02 0.00E+00 3.18E-02          1.00E+00            0   2
 61.00  54 134 1.59E-02 0.00E+00 1.59E-02          1.00E+00            0   2
 63.00  54 134 1.58E-02 1.58E-02 0.00E+00          0.00E+00            0   2
 64.00  54 134 4.74E-02 0.00E+00 4.74E-02          1.00E+00            0   2
 65.00  54 134 1.58E-02 1.58E-02 0.00E+00          0.00E+00            0   2
 66.00  54 134 4.72E-02 1.57E-02 3.15E-02          6.67E-01            0   2
 67.00  54 134 4.71E-02 0.00E+00 4.71E-02          1.00E+00            0   2
 68.00  54 134 4.70E-02 1.57E-02 3.13E-02          6.67E-01            0   2
 69.00  54 134 1.56E-02 0.00E+00 1.56E-02          1.00E+00            0   2
 70.00  54 134 3.12E-02 0.00E+00 3.12E-02          1.00E+00            0   2
 60.00  54 133 1.59E-02 0.00E+00 1.59E-02          1.00E+00            0   2
 64.00  54 133 1.58E-02 0.00E+00 1.58E-02          1.00E+00            0   2
 68.00  54 133 1.57E-02 0.00E+00 1.57E-02          1.00E+00            0   2
 69.00  54 133 1.56E-02 0.00E+00 1.56E-02          1.00E+00            0   2
 70.00  54 133 3.12E-02 0.00E+00 3.12E-02          1.00E+00            0   2
 35.00  54 132 1.59E-02 0.00E+00 1.59E-02          1.00E+00            0   2
 37.00  54 132 3.19E-02 0.00E+00 3.19E-02          1.00E+00            0   2
 40.00  54 132 1.60E-02 0.00E+00 1.60E-02          1.00E+00            0   2
 50.00  54 132 1.61E-02 0.00E+00 1.61E-02          1.00E+00            0   2
 55.00  54 132 1.61E-02 0.00E+00 1.61E-02          1.00E+00            0   2
 61.00  54 132 1.59E-02 0.00E+00 1.59E-02          1.00E+00            0   2
 62.00  54 132 1.59E-02 0.00E+00 1.59E-02          1.00E+00            0   2
 67.00  54 132 1.57E-02 0.00E+00 1.57E-02          1.00E+00            0   2
 68.00  54 132 4.70E-02 1.57E-02 3.13E-02          6.67E-01            0   2
 70.00  54 132 1.56E-02 0.00E+00 1.56E-02          1.00E+00            0   2
 38.00  54 131 1.60E-02 0.00E+00 1.60E-02          1.00E+00            0   2
 41.00  54 131 1.60E-02 0.00E+00 1.60E-02          1.00E+00            0   2
 42.00  54 131 1.61E-02 0.00E+00 1.61E-02          1.00E+00            0   2
 44.00  54 131 1.62E-02 0.00E+00 1.62E-02          1.00E+00            0   2
 45.00  54 131 1.62E-02 0.00E+00 1.62E-02          1.00E+00            0   2
 46.00  54 131 4.84E-02 0.00E+00 4.84E-02          1.00E+00            0   2
 54.00  54 131 1.61E-02 0.00E+00 1.61E-02          1.00E+00            0   2
 58.00  54 131 1.59E-02 0.00E+00 1.59E-02          1.00E+00            0   2
 60.00  54 131 3.18E-02 0.00E+00 3.18E-02          1.00E+00            0   2
 63.00  54 131 1.58E-02 0.00E+00 1.58E-02          1.00E+00            0   2
 64.00  54 131 1.58E-02 0.00E+00 1.58E-02          1.00E+00            0   2
 65.00  54 131 3.15E-02 0.00E+00 3.15E-02          1.00E+00            0   2
 66.00  54 131 1.57E-02 0.00E+00 1.57E-02          1.00E+00            0   2
 67.00  54 131 1.57E-02 0.00E+00 1.57E-02          1.00E+00            0   2
 68.00  54 131 1.57E-02 0.00E+00 1.57E-02          1.00E+00            0   2
 69.00  54 131 1.56E-02 0.00E+00 1.56E-02          1.00E+00            0   2
 41.00  54 130 1.60E-02                                                    1
 43.00  54 130 3.23E-02                                                    1
 44.00  54 130 1.62E-02                                                    1
 45.00  54 130 6.46E-02                                                    1
 46.00  54 130 3.23E-02                                                    1
 47.00  54 130 6.46E-02                                                    1
 48.00  54 130 1.13E-01                                                    1
 49.00  54 130 2.58E-01                                                    1
 50.00  54 130 2.90E-01                                                    1
 51.00  54 130 2.10E-01                                                    1
 52.00  54 130 3.71E-01                                                    1
 53.00  54 130 3.22E-01                                                    1
 54.00  54 130 2.90E-01                                                    1
 55.00  54 130 3.53E-01                                                    1
 56.00  54 130 4.64E-01                                                    1
 57.00  54 130 3.51E-01                                                    1
 58.00  54 130 4.94E-01                                                    1
 59.00  54 130 4.93E-01                                                    1
 60.00  54 130 4.29E-01                                                    1
 61.00  54 130 4.44E-01                                                    1
 62.00  54 130 3.80E-01                                                    1
 63.00  54 130 6.33E-02                                                    1
 64.00  54 130 1.26E-01                                                    1
 65.00  54 130 1.10E-01                                                    1
 66.00  54 130 1.57E-02                                                    1
 67.00  54 130 4.71E-02                                                    1
 68.00  54 130 3.13E-02                                                    1
 69.00  54 130 4.69E-02                                                    1
 70.00  54 130 1.40E-01                                                    1
 51.00  54 129 1.61E-02 0.00E+00 1.61E-02          1.00E+00            0   2
 52.00  54 129 1.61E-02 0.00E+00 1.61E-02          1.00E+00            0   2
 53.00  54 129 1.61E-02 0.00E+00 1.61E-02          1.00E+00            0   2
 54.00  54 129 1.13E-01 0.00E+00 1.13E-01          1.00E+00            0   2
 55.00  54 129 2.09E-01 0.00E+00 2.09E-01          1.00E+00            0   2
 56.00  54 129 3.84E-01 0.00E+00 3.84E-01          1.00E+00            0   2
 57.00  54 129 3.51E-01 0.00E+00 3.51E-01          1.00E+00            0   2
 58.00  54 129 4.78E-01 0.00E+00 4.78E-01          1.00E+00            0   2
 59.00  54 129 6.68E-01 0.00E+00 6.68E-01          1.00E+00            0   2
 60.00  54 129 7.79E-01 0.00E+00 7.79E-01          1.00E+00            0   2
 61.00  54 129 1.06E+00 0.00E+00 1.06E+00          1.00E+00            0   2
 62.00  54 129 1.62E+00 0.00E+00 1.60E+00          9.90E-01            0   2
 63.00  54 129 3.80E-01 0.00E+00 3.80E-01          1.00E+00            0   2
 64.00  54 129 1.58E-01 0.00E+00 1.58E-01          1.00E+00            0   2
 65.00  54 129 2.37E-01 0.00E+00 2.37E-01          1.00E+00            0   2
 66.00  54 129 2.52E-01 0.00E+00 2.52E-01          1.00E+00            0   2
 67.00  54 129 2.98E-01 0.00E+00 2.98E-01          1.00E+00            0   2
 68.00  54 129 2.04E-01 0.00E+00 2.04E-01          1.00E+00            0   2
 69.00  54 129 2.97E-01 0.00E+00 2.97E-01          1.00E+00            0   2
 70.00  54 129 2.96E-01 0.00E+00 2.96E-01          1.00E+00            0   2
 59.00  54 128 4.77E-02                                                    1
 60.00  54 128 3.18E-02                                                    1
 61.00  54 128 7.94E-02                                                    1
 62.00  54 128 1.90E-01                                                    1
 63.00  54 128 1.58E-02                                                    1
 64.00  54 128 3.16E-02                                                    1
 65.00  54 128 4.73E-02                                                    1
 66.00  54 128 6.29E-02                                                    1
 67.00  54 128 4.71E-02                                                    1
 68.00  54 128 1.25E-01                                                    1
 69.00  54 128 1.56E-01                                                    1
 70.00  54 128 1.25E-01                                                    1
  Ebeam =   35.000000000000000      sumcs=   1592.9240843865650     
  Ebeam =   36.000000000000000      sumcs=   1597.3911160996981     
  Ebeam =   37.000000000000000      sumcs=   1597.0260552680370     
  Ebeam =   38.000000000000000      sumcs=   1596.1154891402430     
  Ebeam =   39.000000000000000      sumcs=   1596.5696547500281     
  Ebeam =   40.000000000000000      sumcs=   1599.1343171037588     
  Ebeam =   41.000000000000000      sumcs=   1603.3419148725986     
  Ebeam =   42.000000000000000      sumcs=   1610.0849971578109     
  Ebeam =   43.000000000000000      sumcs=   1613.8650652827787     
  Ebeam =   44.000000000000000      sumcs=   1615.6141185924507     
  Ebeam =   45.000000000000000      sumcs=   1615.3906159028959     
  Ebeam =   46.000000000000000      sumcs=   1613.9585724041115     
  Ebeam =   47.000000000000000      sumcs=   1614.0657641162641     
  Ebeam =   48.000000000000000      sumcs=   1613.0637610073561     
  Ebeam =   49.000000000000000      sumcs=   1612.6483087263057     
  Ebeam =   50.000000000000000      sumcs=   1612.5803803857730     
  Ebeam =   51.000000000000000      sumcs=   1612.3757825613175     
  Ebeam =   52.000000000000000      sumcs=   1611.5112569412897     
  Ebeam =   53.000000000000000      sumcs=   1610.5001585602861     
  Ebeam =   54.000000000000000      sumcs=   1608.5877188776162     
  Ebeam =   55.000000000000000      sumcs=   1605.0232742742874     
  Ebeam =   56.000000000000000      sumcs=   1601.0154514722180     
  Ebeam =   57.000000000000000      sumcs=   1597.0203169345684     
  Ebeam =   58.000000000000000      sumcs=   1593.3894986505245     
  Ebeam =   59.000000000000000      sumcs=   1590.2879833640843     
  Ebeam =   60.000000000000000      sumcs=   1589.3596937299269     
  Ebeam =   61.000000000000000      sumcs=   1587.2921364293413     
  Ebeam =   62.000000000000000      sumcs=   1585.2613701975226     
  Ebeam =   63.000000000000000      sumcs=   1582.9831498974152     
  Ebeam =   64.000000000000000      sumcs=   1580.2465213717944     
  Ebeam =   65.000000000000000      sumcs=   1576.9535331043703     
  Ebeam =   66.000000000000000      sumcs=   1573.1292492439686     
  Ebeam =   67.000000000000000      sumcs=   1570.4780992945589     
  Ebeam =   68.000000000000000      sumcs=   1566.2172012269577     
  Ebeam =   69.000000000000000      sumcs=   1561.9157994824652     
  Ebeam =   70.000000000000000      sumcs=   1557.5723497740080     
