$SPEC_ID:
No sample description was entered.
$SPEC_REM:
DET# 9480
DETDESC# HPGE
AP# Maestro Version 7.01
$DATE_MEA:
10/17/2018 18:20:09
$MEAS_TIM:
3594 3995
$DATA:
0 4095
     599
     666
       0
       0
       0
       0
       0
       0
       0
       0
       0
       0
       0
       0
       0
       0
       0
       0
       0
       0
       0
       0
       3
       4
       4
       9
      11
       0
       2
       5
       4
       2
       2
       4
       2
       1
       1
       3
      35
     130
     700
   10788
   23861
   24206
   23568
   23415
   23233
   22966
   23008
   22442
   22616
   22299
   22144
   22023
   21792
   21820
   21536
   21674
   21452
   21222
   21095
   21056
   20922
   20837
   20719
   20560
   20488
   20442
   20044
   20350
   20023
   19900
   19884
   19785
   19940
   20001
   19579
   19685
   19413
   20126
   20202
   24575
   26761
   19685
   18265
   18232
   17957
   18081
   18022
   17934
   17853
   17894
   17696
   17998
   17659
   17835
   17581
   17592
   17612
   17629
   17579
   17378
   17315
   17429
   17394
   17286
   17339
   17400
   17331
   17325
   17275
   17083
   17138
   17011
   17235
   17498
   17456
   17335
   17719
   17966
   16852
   16686
   16982
   16696
   16571
   16768
   16628
   16777
   16898
   16694
   16843
   16978
   16736
   17689
   22745
   25578
   18533
   16585
   16629
   16683
   16291
   16265
   16241
   16323
   16331
   16473
   16543
   16119
   16206
   16543
   16682
   16432
   16025
   16071
   16295
   16212
   15845
   16178
   16155
   16025
   16079
   16135
   15761
   16212
   16293
   16392
   16519
   16419
   16518
   16857
   16736
   17021
   16930
   16601
   16558
   16602
   16758
   16699
   16384
   16501
   16407
   16364
   16627
   18088
   18782
   17133
   16606
   16312
   16214
   16501
   16370
   16560
   16409
   16449
   16433
   16355
   16488
   16467
   16492
   16497
   16507
   16587
   16532
   16775
   16668
   16838
   16645
   16770
   17067
   16950
   16959
   17132
   16897
   17091
   17219
   17416
   17346
   17224
   17341
   17204
   17389
   17354
   17297
   17596
   17660
   17841
   17449
   17773
   17460
   17862
   17660
   17699
   17805
   17790
   17792
   17687
   17801
   18098
   17895
   17807
   18181
   18030
   21037
   40172
   58644
   32654
   18500
   17916
   17557
   17724
   17762
   17665
   18789
   28035
   45798
   33808
   19106
   17453
   17386
   17526
   17347
   17473
   17427
   17421
   17435
   17425
   17522
   17545
   17726
   17259
   17578
   18315
   21157
   22257
   18746
   17641
   17615
   17587
   17722
   17605
   17509
   17657
   17490
   17650
   17567
   17571
   17610
   17788
   17617
   17536
   17616
   17651
   17386
   17377
   17603
   17374
   17347
   17634
   17340
   17566
   17614
   17567
   17768
   17644
   17604
   17468
   17382
   17567
   17383
   17530
   17611
   17633
   17694
   17657
   17931
   18259
   20099
   20293
   18440
   18315
   17952
   17919
   17899
   17886
   18122
   18163
   18291
   18393
   18061
   18375
   18391
   18416
   18628
   18821
   19232
   19371
   19877
   21343
   21234
   20860
   21152
   22028
   22540
   22897
   23561
   23570
   24034
   23926
   24146
   23929
   24153
   24063
   24104
   24141
   23810
   24186
   24035
   24219
   23725
   24281
   23930
   23969
   23560
   23548
   23232
   23132
   22853
   22904
   22796
   22914
   22613
   22054
   22096
   21819
   21661
   21323
   20996
   20796
   20924
   20531
   20416
   20205
   19955
   20025
   19970
   19945
   19601
   19434
   18910
   19090
   18834
   18738
   18551
   18384
   18458
   18169
   18243
   17860
   17724
   17801
   17526
   17590
   17518
   17195
   16979
   17232
   17259
   17055
   16780
   16712
   16643
   16624
   16698
   16457
   16640
   16180
   16175
   16054
   16078
   15946
   15921
   15855
   15845
   15862
   15696
   15405
   15497
   15619
   15360
   15269
   15268
   15117
   15071
   15104
   14820
   15090
   14712
   14721
   14552
   14524
   14519
   14609
   14636
   14486
   14264
   14362
   14301
   14314
   14202
   14096
   13756
   14032
   14103
   13862
   13939
   13675
   13733
   13820
   13546
   13687
   13422
   13431
   13403
   13356
   13451
   13370
   13413
   13336
   13268
   13175
   12967
   13167
   13045
   13214
   13063
   13047
   12666
   12782
   12819
   12805
   12470
   12925
   12682
   12829
   13163
   14641
   17699
   17600
   13921
   12786
   12538
   12903
   13601
   15961
   16371
   13871
   12479
   12513
   12177
   12211
   12288
   12025
   12267
   12250
   12400
   12075
   12241
   12412
   12164
   12064
   12035
   12136
   11954
   12070
   12136
   12110
   12024
   12148
   11953
   12871
   14346
   14656
   12756
   12027
   12124
   12016
   11972
   12026
   11941
   11907
   11892
   11912
   12048
   11957
   11828
   11962
   11811
   12146
   12307
   12366
   11992
   12010
   11995
   12055
   11978
   12001
   11874
   12147
   11861
   12043
   12182
   12082
   11885
   12290
   11849
   12100
   12137
   12117
   11919
   12142
   12221
   12187
   12469
   13796
   18568
   26040
   24286
   16136
   12504
   12409
   12396
   12375
   12304
   12420
   12527
   12421
   12437
   12411
   12464
   12257
   12450
   12501
   12356
   12410
   12595
   12690
   12481
   12430
   12551
   12565
   12832
   12819
   12641
   12736
   12956
   12816
   12966
   13013
   13060
   12923
   12898
   13019
   12950
   13119
   12937
   13039
   13210
   13302
   13269
   13651
   13603
   13581
   13230
   13247
   13161
   13353
   13407
   13365
   13511
   13528
   13319
   13488
   13497
   13605
   13661
   13582
   13506
   13607
   13769
   13844
   13796
   13552
   13624
   13820
   13771
   14028
   13976
   14001
   14184
   14329
   14262
   14261
   14031
   14151
   14156
   14347
   14289
   14663
   14401
   14308
   14440
   14476
   14243
   14578
   14647
   14309
   14597
   14862
   14619
   14681
   14459
   14569
   14700
   14522
   14295
   14714
   14574
   14616
   14390
   14489
   14429
   14308
   14070
   13809
   13543
   13648
   13214
   13116
   13015
   12605
   11971
   11521
   11595
   11228
   10829
   10624
   10395
   10153
    9903
    9991
    9649
    9823
    9501
    9382
    9174
    9033
    9048
    9024
    9205
    9290
    8754
    8444
    8456
    8211
    8318
    8060
    8101
    8094
    8249
    8046
    8033
    7898
    7912
    7866
    7713
    7788
    7697
    7444
    7544
    7595
    7437
    7390
    7344
    7399
    7272
    7291
    7062
    7184
    7134
    7161
    7112
    6976
    6865
    6968
    6814
    6867
    6649
    6777
    6763
    6678
    6678
    6583
    6530
    6831
    7188
    7855
    7611
    6773
    6230
    6288
    6133
    6256
    6016
    6172
    6056
    5965
    5898
    5972
    5948
    5842
    5919
    5785
    5809
    5719
    5735
    5536
    5535
    5666
    5608
    5659
    5691
    5526
    5519
    5363
    5439
    5504
    5248
    5195
    5206
    5120
    5084
    5104
    5232
    5028
    5040
    5362
    6071
    7032
    6946
    5674
    4913
    4787
    4723
    4700
    4736
    4676
    4812
    4786
    4615
    4496
    4679
    4584
    4498
    4490
    4476
    4542
    4445
    4398
    4224
    4334
    4241
    4235
    4137
    4210
    4165
    4199
    4243
    4109
    4097
    4184
    4287
    4395
    4509
    4478
    4186
    3845
    3986
    4008
    3865
    3986
    3921
    3807
    3878
    3812
    3821
    3846
    3665
    3724
    3705
    3639
    3544
    3701
    3650
    3694
    3638
    3663
    3662
    3581
    3571
    3599
    3566
    3528
    3491
    3518
    3513
    3475
    3537
    3531
    3473
    3535
    3629
    3530
    3483
    3485
    3470
    3410
    3403
    3476
    3388
    3462
    3456
    3437
    3475
    3434
    3458
    3422
    3397
    3518
    3398
    3446
    3480
    3485
    3385
    3479
    3386
    3361
    3424
    3435
    3447
    3339
    3308
    3378
    3307
    3404
    3330
    3368
    3346
    3477
    3258
    3413
    3277
    3306
    3256
    3292
    3359
    3341
    3337
    3326
    3465
    3404
    3342
    3403
    3377
    3273
    3429
    3341
    3383
    3278
    3361
    3361
    3262
    3356
    3293
    3415
    3431
    3375
    3263
    3373
    3282
    3257
    3306
    3329
    3384
    3376
    3383
    3361
    3323
    3347
    3325
    3380
    3427
    3295
    3274
    3367
    3356
    3365
    3329
    3476
    3431
    3557
    3903
    5056
    7983
   11712
   12806
    8731
    4831
    3480
    3463
    3517
    3581
    3543
    3416
    3320
    3452
    3357
    3335
    3352
    3474
    3387
    3457
    3491
    3442
    3534
    3347
    3476
    3492
    3517
    3482
    3567
    3551
    3592
    3572
    3366
    3519
    3495
    3539
    3549
    3645
    3577
    3655
    3720
    3683
    3775
    3738
    3795
    3900
    3968
    3980
    4066
    4035
    4094
    4262
    4249
    4262
    4401
    4541
    4740
    5131
    5620
    6726
    8809
   12785
   20417
   31126
   42957
   63392
  103772
  166750
  242930
  303674
  322662
  286590
  213506
  134454
   74993
   41563
   24446
   15832
   11177
    8375
    6739
    5779
    5287
    4868
    4532
    4353
    4216
    4322
    4226
    3865
    3682
    3635
    3496
    3487
    3565
    3456
    3289
    3312
    3214
    3207
    3156
    3097
    3045
    3015
    3046
    3033
    3142
    3094
    2999
    2981
    2915
    2854
    2861
    2765
    2741
    2785
    2778
    2738
    2697
    2692
    2654
    2746
    2641
    2596
    2604
    2544
    2542
    2592
    2585
    2489
    2543
    2556
    2549
    2474
    2503
    2545
    2436
    2404
    2466
    2514
    2623
    3065
    4152
    6456
   10012
   11873
    8734
    4459
    2692
    2391
    2370
    2249
    2417
    2366
    2310
    2298
    2198
    2226
    2171
    2149
    2196
    2236
    2244
    2228
    2160
    2186
    2253
    2230
    2156
    2110
    2248
    2172
    2064
    2141
    2122
    2190
    2081
    2182
    2146
    2108
    2013
    2108
    2107
    2159
    2136
    2149
    2171
    2014
    2188
    2019
    2137
    2103
    2120
    2026
    2020
    2059
    2020
    2088
    2037
    2040
    2032
    2059
    2000
    2132
    2069
    2039
    2076
    2093
    2060
    2041
    2028
    2048
    1981
    2063
    2082
    2010
    1934
    1969
    1994
    1995
    2011
    2039
    2078
    2119
    2291
    2362
    2359
    2114
    1923
    1981
    2041
    1977
    1997
    2030
    2044
    2092
    2296
    2853
    4090
    6601
   11092
   15434
   13733
    7181
    3145
    2193
    2071
    2110
    1986
    2028
    2050
    2003
    2014
    1947
    1927
    1965
    1973
    1884
    1951
    1923
    1898
    1902
    1909
    2041
    1840
    1922
    1907
    1943
    1964
    1929
    1919
    1922
    1934
    1962
    1866
    1854
    1862
    1814
    1888
    1795
    1861
    1794
    1836
    1760
    1757
    1839
    1674
    1754
    1606
    1705
    1680
    1676
    1692
    1772
    1643
    1691
    1718
    1678
    1749
    1681
    1708
    1611
    1556
    1623
    1661
    1687
    1619
    1633
    1633
    1576
    1719
    1623
    1626
    1628
    1654
    1660
    1625
    1558
    1689
    1585
    1653
    1677
    1779
    1770
    1768
    1653
    1596
    1506
    1517
    1543
    1558
    1498
    1528
    1610
    1573
    1591
    1508
    1549
    1509
    1596
    1616
    1537
    1540
    1547
    1519
    1494
    1505
    1568
    1498
    1508
    1466
    1444
    1520
    1521
    1566
    1572
    1833
    2221
    2943
    4019
    4515
    3608
    2172
    1530
    1458
    1511
    1471
    1459
    1460
    1428
    1484
    1424
    1484
    1378
    1405
    1411
    1396
    1354
    1429
    1427
    1360
    1426
    1365
    1431
    1382
    1392
    1409
    1444
    1374
    1410
    1476
    1388
    1321
    1421
    1425
    1396
    1432
    1425
    1433
    1456
    1460
    1425
    1378
    1520
    1409
    1415
    1380
    1490
    1520
    1467
    1598
    1605
    1527
    1519
    1462
    1486
    1482
    1459
    1378
    1423
    1366
    1402
    1418
    1354
    1366
    1320
    1360
    1323
    1397
    1380
    1280
    1278
    1307
    1313
    1325
    1266
    1325
    1303
    1189
    1268
    1303
    1341
    1323
    1294
    1349
    1294
    1289
    1293
    1271
    1219
    1368
    1235
    1281
    1323
    1316
    1315
    1257
    1235
    1253
    1271
    1270
    1304
    1276
    1254
    1305
    1229
    1276
    1184
    1334
    1277
    1240
    1294
    1224
    1277
    1288
    1241
    1203
    1246
    1304
    1236
    1270
    1328
    1231
    1232
    1195
    1209
    1273
    1275
    1236
    1227
    1234
    1245
    1218
    1189
    1234
    1240
    1211
    1208
    1190
    1256
    1221
    1210
    1218
    1186
    1170
    1149
    1195
    1189
    1097
    1121
    1131
    1156
    1087
    1103
    1063
    1101
    1054
    1103
    1069
    1048
    1109
    1045
    1027
    1073
    1001
    1028
    1066
     995
    1053
    1067
    1158
    1297
    1626
    2423
    3581
    5347
    6592
    5420
    2972
    1488
    1043
     1000
     971
    1005
     994
    1065
    1090
    1114
    1057
    1010
     959
     929
     905
     900
     900
     920
     941
     924
     874
     884
     928
     973
     924
     868
     928
     882
     906
     919
     900
     907
     888
     956
     884
     941
     862
     878
     923
     879
     892
     824
     907
     859
     883
     892
     920
     884
     864
     948
     877
     853
     853
     860
     833
     870
     872
     867
     839
     876
     857
     839
     819
     889
     857
     859
     900
     804
     837
     844
     847
     800
     861
     833
     795
     828
     837
     790
     895
     818
     854
     858
     802
     775
     786
     843
     813
     796
     856
     806
     772
     794
     840
     837
     817
     786
     857
     769
     816
     813
     815
     795
     816
     827
     803
     745
     806
     800
     782
     838
     788
     784
     788
     820
     912
     923
     998
    1149
    1004
     914
     851
     795
     819
     893
     954
    1245
    1880
    2849
    4791
    7596
   12282
   15314
   13934
    7450
    2852
    1312
     903
     859
     824
     780
     833
     775
     860
     803
     786
     766
     758
     825
     723
     752
     721
     754
     720
     710
     710
     746
     689
     690
     730
     691
     746
     722
     679
     681
     737
     751
     729
     711
     693
     673
     753
     643
     705
     649
     721
     778
     793
     848
     930
    1058
     942
     883
     725
     698
     718
     672
     684
     669
     694
     649
     690
     661
     698
     675
     710
     670
     698
     754
     887
    1098
    1516
    2077
    2980
    3423
    3203
    1987
    1172
     834
     695
     642
     667
     662
     627
     641
     676
     601
     628
     603
     620
     638
     609
     594
     619
     610
     621
     606
     603
     594
     603
     559
     623
     634
     615
     615
     641
     605
     692
     703
     707
     708
     639
     637
     641
     604
     566
     616
     638
     603
     601
     585
     618
     559
     572
     576
     586
     587
     602
     597
     616
     628
     563
     647
     641
     595
     565
     566
     575
     563
     565
     577
     559
     566
     566
     559
     608
     588
     578
     583
     578
     608
     558
     556
     593
     591
     572
     587
     571
     547
     559
     566
     556
     599
     565
     577
     617
     599
     563
     545
     556
     613
     573
     582
     604
     591
     627
     607
     633
     585
     567
     633
     575
     517
     604
     580
     587
     562
     588
     554
     616
     608
     539
     577
     577
     640
     665
     711
     722
     737
     688
     653
     587
     538
     528
     588
     589
     531
     531
     546
     570
     579
     592
     555
     587
     563
     536
     571
     573
     533
     548
     508
     566
     559
     543
     586
     603
     617
     588
     594
     648
     537
     598
     582
     612
     660
     693
     807
    1139
    1617
    2242
    3425
    5255
    8001
    9506
    8127
    4860
    2260
    1477
    1674
    2263
    3275
    4381
    4377
    3261
    1673
     838
     592
     596
     552
     552
     621
     616
     607
     564
     621
     567
     586
     546
     543
     545
     596
     571
     604
     607
     542
     525
     611
     579
     547
     541
     590
     530
     543
     527
     581
     531
     562
     558
     520
     537
     523
     522
     561
     543
     516
     576
     588
     513
     549
     589
     523
     551
     514
     525
     554
     559
     537
     567
     528
     533
     532
     498
     572
     525
     551
     536
     534
     534
     553
     494
     526
     559
     526
     549
     518
     562
     525
     490
     524
     504
     519
     523
     550
     537
     558
     574
     569
     556
     556
     551
     528
     558
     552
     524
     581
     563
     562
     542
     558
     603
     605
     555
     540
     555
     560
     570
     584
     531
     580
     565
     531
     501
     529
     549
     524
     537
     514
     502
     480
     521
     582
     515
     497
     547
     579
     500
     516
     561
     526
     530
     562
     525
     528
     504
     532
     532
     502
     544
     511
     533
     580
     555
     537
     562
     550
     550
     537
     573
     557
     540
     581
     555
     518
     563
     525
     562
     540
     536
     549
     567
     584
     574
     559
     609
     547
     591
     580
     583
     597
     618
     584
     616
     612
     584
     568
     548
     557
     546
     513
     514
     487
     503
     502
     499
     498
     433
     482
     494
     482
     509
     483
     524
     482
     515
     468
     478
     483
     502
     520
     484
     475
     490
     488
     575
     641
     784
     752
     694
     608
     565
     513
     513
     446
     473
     465
     517
     445
     459
     481
     490
     480
     464
     475
     464
     501
     434
     472
     476
     491
     486
     449
     486
     478
     496
     438
     468
     473
     487
     457
     491
     455
     485
     485
     475
     462
     457
     481
     493
     469
     455
     493
     485
     505
     451
     454
     502
     471
     471
     504
     457
     481
     495
     484
     467
     477
     489
     510
     485
     478
     476
     487
     477
     510
     466
     466
     469
     469
     461
     491
     457
     513
     463
     485
     457
     435
     469
     496
     487
     498
     518
     458
     472
     462
     479
     465
     457
     513
     467
     451
     483
     502
     514
     507
     462
     454
     518
     447
     459
     517
     477
     497
     496
     480
     506
     474
     475
     481
     470
     431
     512
     490
     480
     505
     517
     497
     551
     551
     578
     612
     639
     606
     578
     509
     489
     532
     494
     500
     477
     498
     481
     437
     491
     473
     498
     492
     477
     529
     486
     504
     490
     488
     451
     460
     504
     484
     520
     504
     475
     509
     492
     536
     573
     577
     560
     551
     510
     484
     477
     491
     530
     506
     492
     476
     484
     485
     493
     500
     528
     507
     511
     484
     497
     494
     516
     467
     515
     521
     506
     504
     503
     455
     466
     478
     495
     498
     493
     485
     503
     491
     509
     516
     455
     499
     484
     515
     486
     481
     510
     497
     494
     474
     491
     516
     513
     487
     508
     503
     527
     525
     468
     498
     523
     487
     507
     545
     517
     480
     487
     534
     503
     520
     490
     489
     468
     539
     520
     449
     455
     471
     497
     550
     501
     480
     469
     481
     494
     462
     495
     473
     487
     492
     461
     431
     478
     460
     435
     432
     432
     431
     441
     421
     463
     478
     438
     435
     434
     427
     439
     437
     467
     423
     444
     470
     484
     507
     552
     558
     543
     532
     515
     442
     461
     468
     416
     414
     410
     385
     405
     441
     428
     401
     442
     442
     437
     441
     443
     484
     523
     595
     657
     790
     808
     738
     593
     464
     425
     390
     380
     420
     386
     399
     388
     359
     332
     398
     393
     404
     379
     413
     435
     416
     385
     371
     399
     374
     407
     390
     385
     407
     348
     390
     397
     356
     336
     414
     360
     389
     336
     377
     369
     356
     412
     363
     357
     349
     330
     334
     398
     350
     357
     377
     351
     366
     348
     393
     385
     362
     348
     368
     346
     377
     356
     355
     333
     335
     339
     314
     304
     317
     347
     345
     320
     320
     335
     298
     329
     288
     308
     325
     332
     311
     325
     286
     307
     307
     300
     300
     302
     296
     301
     301
     323
     279
     287
     308
     299
     297
     304
     322
     325
     365
     386
     476
     588
     753
     910
    1165
    1310
    1083
     756
     460
     331
     302
     323
     307
     310
     294
     296
     316
     308
     351
     372
     419
     407
     407
     367
     292
     296
     273
     294
     268
     298
     260
     270
     281
     268
     260
     263
     256
     268
     263
     265
     270
     279
     281
     254
     264
     259
     248
     285
     294
     297
     252
     234
     225
     257
     242
     265
     218
     208
     235
     241
     243
     236
     245
     225
     238
     218
     231
     224
     235
     228
     243
     225
     217
     232
     236
     206
     215
     238
     227
     252
     215
     208
     240
     204
     217
     230
     201
     203
     216
     209
     252
     204
     212
     218
     204
     220
     221
     209
     232
     215
     243
     237
     237
     228
     193
     223
     202
     221
     225
     254
     266
     278
     311
     270
     259
     216
     209
     200
     214
     183
     213
     216
     206
     167
     179
     216
     202
     174
     217
     220
     191
     219
     200
     183
     202
     183
     184
     205
     193
     226
     215
     206
     187
     178
     189
     190
     180
     223
     200
     176
     207
     201
     231
     193
     215
     251
     280
     304
     406
     436
     552
     630
     666
     513
     343
     260
     171
     183
     207
     217
     195
     176
     177
     202
     198
     193
     191
     174
     177
     201
     164
     150
     181
     158
     190
     189
     179
     197
     209
     187
     222
     251
     274
     290
     333
     352
     314
     278
     224
     202
     184
     181
     176
     170
     175
     174
     186
     187
     181
     197
     202
     236
     222
     255
     285
     336
     382
     496
     615
     780
     877
     733
     541
     352
     234
     177
     180
     161
     166
     163
     174
     167
     165
     179
     167
     163
     190
     149
     186
     170
     177
     157
     192
     164
     182
     205
     198
     203
     220
     212
     215
     213
     178
     169
     171
     144
     182
     178
     184
     177
     190
     197
     179
     243
     262
     295
     340
     388
     418
     347
     273
     240
     242
     261
     295
     428
     551
     754
     953
    1259
    1820
    2408
    3329
    3920
    3942
    2994
    1710
     712
     331
     199
     205
     180
     151
     195
     183
     201
     185
     179
     166
     180
     180
     177
     185
     157
     148
     187
     166
     175
     157
     170
     170
     162
     163
     153
     158
     172
     144
     187
     167
     168
     156
     142
     156
     143
     163
     142
     147
     151
     143
     130
     154
     153
     139
     169
     184
     170
     191
     232
     254
     267
     369
     440
     654
     814
     995
    1119
    1070
     842
     483
     241
     185
     178
     159
     155
     144
     149
     154
     148
     140
     165
     148
     141
     144
     165
     161
     144
     175
     139
     153
     154
     158
     146
     158
     146
     145
     145
     162
     140
     167
     130
     151
     161
     158
     164
     170
     164
     230
     254
     310
     381
     462
     564
     747
    1115
    1446
    1826
    2236
    2210
    1696
     971
     487
     209
     179
     191
     172
     160
     155
     181
     181
     189
     207
     190
     204
     203
     188
     181
     173
     153
     151
     159
     173
     168
     179
     163
     133
     152
     113
     135
     139
     145
     160
     138
     153
     118
     160
     137
     134
     143
     106
     131
     132
     109
     137
     147
     122
     115
     148
     127
     129
     149
     126
     147
     138
     141
     134
     140
     132
     132
     152
     110
     115
     150
     141
     133
     129
     146
     133
     147
     141
     135
     146
     137
     142
     151
     134
     128
     121
     124
     127
     118
     111
     125
     133
     130
     103
     120
     124
     136
     138
     122
     129
     136
     144
     123
     121
     127
     137
     140
     138
     115
     125
     129
     122
     118
     124
     104
     140
     119
     147
     122
     119
     152
     129
     142
     122
     126
     119
     109
     125
     124
     112
     131
     116
     126
     126
     109
     132
     107
     126
     126
     123
     138
     125
     129
     117
     140
     109
     143
     144
     149
     101
     119
     133
     139
     120
     122
     138
      99
     141
     122
     109
     123
     123
     122
     119
     143
     138
     121
     126
     142
     114
     135
     111
     131
     123
     119
     126
     127
     127
     122
     119
     113
     115
     122
     129
     114
     101
     119
     125
     123
     130
     117
     118
     128
     125
     136
     100
     119
     130
     132
     127
     112
     118
     130
     157
     120
     133
      97
     115
     105
     122
     124
     125
     113
     112
     133
     112
     110
     123
     121
     109
     124
     124
     108
     125
     121
     117
     101
     111
     108
     119
     116
      97
     102
     114
     116
     120
      94
     107
     125
     108
      98
      95
     115
      94
     112
     121
     120
     105
     106
     108
     125
     122
     109
     103
     107
     109
     108
     125
     113
      91
     113
     108
     114
     101
     107
     109
     108
     110
     100
     110
     120
      74
      98
     138
     110
     101
     104
     130
     105
     107
     126
     108
     127
      98
     113
     101
     103
     111
     120
     123
     145
     144
     119
     121
      98
     104
     106
      90
     111
     123
     122
      88
     108
      99
      99
     113
      92
      97
     112
      92
     108
     103
      96
     113
      91
     104
     103
      90
     101
     108
     109
     101
      97
     100
      93
      98
      98
     103
      96
      98
     117
      93
      86
      85
      96
      85
     112
      99
      91
      95
     108
      96
     109
      93
     102
     104
      94
     109
     109
      94
      86
      86
     104
     112
     106
      97
      98
      93
      96
     103
     111
      92
     109
      89
      98
      99
      95
      95
      92
      91
      91
      96
      92
      95
      94
     108
      89
      95
      98
      88
     101
      97
     106
     101
      92
      87
      94
      97
     127
     101
      92
     108
      96
     102
     101
      85
     105
     104
      79
      86
      87
      97
      91
      93
     107
     101
      83
      91
      93
      94
      92
      94
      83
     100
      83
      85
      84
     117
      87
      87
      89
      86
      88
      79
      95
      98
      92
     102
      87
      89
      78
     108
      86
      96
      96
     102
      95
      91
      97
      95
      73
      82
      82
      80
      91
      97
      98
      97
      92
      72
      91
      99
     110
     109
     101
      99
      86
      94
     100
      81
     101
      83
      98
      95
     101
      95
      93
      87
      89
      93
      91
     100
      96
      79
     104
      96
      75
      89
      89
      95
     101
     119
     107
     113
     101
      95
     112
     118
     122
     104
      76
     102
      97
      93
      96
      99
     109
     100
      91
      90
      99
      87
      92
      82
      74
      95
      82
      95
      73
      75
      87
      96
      75
      96
      79
      80
      83
      99
      93
      82
      68
      64
      85
      74
      78
      83
      98
      79
      73
      90
      81
      77
      83
      76
      83
      84
      86
      81
      74
      67
      62
      74
      83
      65
      76
      77
      73
      82
      92
      65
      77
      75
      64
      81
      79
      75
      80
      66
      67
      77
      75
      78
      79
      68
      59
      61
      98
      77
      61
      83
      84
      69
      56
      69
      74
      67
      77
      70
      77
      79
      94
      84
      73
      63
      68
      74
      57
      82
      81
      66
      59
      69
      62
      76
      92
      78
      71
      87
      92
      70
      66
      84
      84
      70
      61
      68
      70
      77
      68
      66
      84
      70
      52
      68
      73
      71
      65
      73
      85
      65
      61
      69
      60
      72
      56
      66
      68
      73
      64
      74
      60
      91
      85
      69
      52
      61
      79
      71
      60
      83
      70
      54
      73
      68
      99
     100
      99
     115
     157
     162
     196
     235
     241
     274
     215
     160
     116
      78
      69
      68
      77
      57
      62
      65
      68
      76
      75
      73
      67
      72
      76
      64
      63
      80
      95
     105
     124
     125
     157
     142
     177
     190
     145
     106
      90
      73
      55
      66
      61
      63
      53
      78
      56
      52
      67
      55
      43
      59
      67
      61
      63
      58
      57
      51
      57
      66
      48
      48
      57
      64
      54
      53
      55
      52
      63
      59
      60
      58
      70
      57
      61
      67
      56
      60
      54
      52
      56
      60
      61
      49
      53
      55
      52
      57
      50
      58
      47
      50
      59
      61
      51
      51
      47
      57
      53
      42
      53
      42
      60
      53
      44
      61
      63
      58
      51
      57
      75
      70
      62
      57
      69
      57
      64
      45
      51
      53
      47
      60
      38
      50
      52
      52
      58
      52
      55
      57
      46
      56
      52
      54
      43
      49
      55
      45
      49
      46
      58
      55
      40
      59
      53
      56
      49
      53
      47
      50
      42
      54
      51
      33
      60
      42
      46
      35
      45
      52
      41
      37
      59
      51
      50
      50
      48
      46
      42
      45
      45
      52
      46
      38
      53
      45
      39
      46
      44
      39
      49
      47
      50
      41
      41
      48
      43
      46
      43
      35
      46
      39
      51
      46
      52
      44
      62
      41
      49
      49
      36
      49
      43
      36
      37
      27
      42
      34
      50
      42
      44
      52
      36
      39
      32
      49
      50
      42
      42
      34
      54
      49
      49
      65
      56
      33
      43
      24
      40
      48
      40
      51
      45
      56
      40
      31
      50
      37
      38
      47
      30
      31
      40
      43
      48
      45
      44
      40
      40
      36
      37
      34
      37
      29
      29
      34
      42
      27
      46
      43
      37
      49
      36
      50
      56
      44
      61
      63
      55
      54
      46
      60
      36
      37
      38
      36
      42
      35
      44
      42
      36
      34
      34
      39
      38
      32
      36
      40
      30
      41
      43
      33
      46
      46
      41
      32
      34
      40
      40
      41
      36
      41
      33
      45
      35
      34
      38
      35
      41
      31
      39
      36
      44
      46
      49
      33
      45
      44
      42
      67
      63
      72
      86
     108
     119
     154
     219
     257
     319
     380
     423
     456
     357
     254
     150
      74
      56
      27
      33
      38
      30
      30
      35
      46
      42
      40
      32
      41
      38
      31
      38
      36
      28
      41
      40
      38
      46
      42
      28
      28
      34
      47
      40
      32
      36
      36
      44
      28
      38
      27
      32
      33
      26
      38
      33
      32
      40
      37
      35
      48
      44
      39
      40
      32
      28
      28
      36
      33
      24
      37
      22
      24
      27
      30
      32
      29
      23
      43
      36
      34
      33
      32
      25
      22
      30
      32
      43
      15
      33
      28
      30
      27
      31
      30
      30
      35
      27
      38
      29
      42
      39
      44
      44
      34
      29
      35
      25
      27
      34
      27
      31
      27
      23
      32
      29
      28
      29
      21
      34
      14
      27
      32
      29
      28
      18
      32
      28
      26
      31
      31
      33
      36
      25
      24
      29
      33
      21
      40
      23
      18
      28
      16
      33
      35
      40
      30
      31
      32
      27
      33
      30
      32
      29
      25
      26
      17
      22
      27
      27
      27
      27
      19
      29
      30
      29
      19
      30
      33
      36
      38
      35
      34
      36
      22
      22
      30
      26
      21
      35
      28
      19
      13
      33
      28
      27
      27
      30
      33
      26
      37
      25
      23
      24
      28
      31
      16
      29
      31
      36
      34
      32
      37
      49
      50
      44
      31
      21
      16
      28
      21
      32
      24
      24
      29
      20
      30
      27
      24
      33
      36
      25
      30
      24
      28
      24
      25
      24
      26
      34
      25
      29
      36
      40
      29
      40
      38
      40
      50
      55
      53
      63
      79
      53
      56
      54
      30
      27
      32
      29
      18
      25
      20
      12
      23
      21
      14
      21
      15
      22
      21
      28
      32
      24
      31
      22
      16
      17
      18
      24
$ROI:
0
$PRESETS:
None
0
0
$ENER_FIT:
0.095 0.50031
$MCA_CAL:
3
0.09500 0.50031 0.00 keV
$SHAPE_CAL:
3
-0.898383546091 8.9526342793 -25.115346611
$META:
{'istp': ['62ZN', '63ZN', '65ZN', '7BE', '58CO', '61CU', '57CO', '64CO', '56CO'], 'res': 0.05, 'R': 0.2, 'unc_eff': [[0.028787930103945265, -0.2942980340858346, 0.7442515342308331], [-0.29429803408583455, 3.022016856655637, -7.675333967462559], [0.7442515342308331, -7.675333967462559, 19.577835672186247]], 'alpha': 0.9}
