$SPEC_ID:
No sample description was entered.
$SPEC_REM:
DET# 9480
DETDESC# HPGE
AP# Maestro Version 7.01
$DATE_MEA:
10/17/2018 19:29:34
$MEAS_TIM:
3600 3948
$DATA:
0 4095
     600
     658
       0
       0
       0
       0
       0
       0
       0
       0
       0
       0
       0
       0
       0
       0
       0
       0
       0
       0
       0
       0
       0
       4
       2
       3
       3
       1
       3
       2
       3
       5
       3
       4
       3
       1
       0
       1
      21
     105
     553
    9699
   21894
   21649
   21334
   21074
   20819
   20854
   20709
   20764
   20592
   20366
   20225
   19860
   19680
   19794
   19680
   19595
   19251
   19224
   19443
   19291
   18927
   18998
   18386
   18782
   18573
   18705
   18708
   18530
   18299
   18168
   18066
   18362
   17995
   18130
   17866
   18094
   18488
   18453
   18875
   22906
   25311
   17834
   16523
   16423
   16324
   16288
   16123
   16360
   16188
   16015
   16210
   16277
   16094
   15983
   15839
   15775
   15757
   15764
   15701
   15617
   15788
   15951
   15584
   15623
   15596
   15791
   15571
   15610
   15531
   15473
   15399
   15312
   15541
   15502
   16123
   15560
   16374
   16168
   15101
   15189
   15284
   15262
   15129
   15097
   14983
   15039
   15154
   15158
   15437
   15083
   15308
   15755
   20327
   22797
   16378
   14927
   14818
   14725
   14952
   14685
   14781
   14725
   14586
   14824
   14756
   14845
   14343
   14874
   14985
   15082
   14422
   14360
   14500
   14403
   14619
   14661
   14401
   14843
   14765
   14397
   14637
   14516
   14742
   14717
   14852
   14921
   14791
   14965
   15053
   15011
   14852
   15077
   14918
   14978
   14965
   14875
   14829
   14936
   14499
   14746
   14706
   15519
   15659
   14988
   14725
   14801
   14717
   14636
   14684
   14865
   14739
   14616
   14576
   15064
   14800
   14955
   15204
   14959
   15011
   14869
   14857
   15213
   15102
   15092
   15117
   15347
   15116
   15369
   15453
   15412
   15347
   15223
   15504
   15391
   15283
   15566
   15716
   15783
   15375
   15712
   15612
   15986
   15793
   15803
   15657
   15851
   15872
   16167
   15874
   16098
   15884
   16040
   16007
   16115
   15948
   16120
   16048
   16126
   16098
   16277
   18559
   34803
   49139
   27589
   16751
   15990
   15633
   15889
   15920
   16038
   16748
   23822
   36170
   27466
   17011
   15949
   15800
   15844
   15810
   15821
   15785
   15860
   15645
   15926
   15683
   15602
   15692
   15780
   15947
   16474
   18645
   19390
   16774
   15815
   15857
   16014
   15967
   15883
   15906
   15860
   15881
   15905
   15793
   16082
   15841
   15828
   15955
   15982
   15822
   15831
   15916
   16008
   15911
   15856
   15993
   15733
   15737
   15834
   15933
   15854
   15979
   15658
   15949
   15776
   16064
   15934
   15891
   16099
   15960
   16111
   16229
   15867
   16018
   16950
   18760
   19000
   16707
   16276
   16331
   16276
   16189
   16189
   16230
   16252
   16389
   16382
   16409
   16524
   16491
   16774
   16817
   16951
   16927
   17064
   17593
   17988
   18260
   18425
   19198
   19781
   20406
   20832
   21093
   21204
   21857
   21939
   21982
   21879
   22102
   22171
   22106
   21674
   21900
   21797
   21879
   21619
   21727
   21594
   21761
   21457
   21518
   21448
   20984
   20932
   21026
   20769
   20710
   20660
   20547
   20246
   20049
   19705
   19747
   19684
   19273
   19430
   18887
   18685
   18617
   18344
   18169
   18068
   17879
   17980
   17533
   17258
   17265
   16996
   16927
   16949
   16776
   16567
   16849
   16242
   16451
   16073
   16051
   16165
   15567
   15420
   15697
   15703
   15435
   15207
   15283
   15139
   15063
   14951
   14978
   14894
   14840
   14623
   14804
   14601
   14475
   14418
   14214
   14046
   13984
   13903
   14063
   13915
   13927
   13830
   13597
   13597
   13571
   13790
   13538
   13620
   13279
   13326
   13293
   13331
   13037
   13271
   12960
   12761
   12787
   13076
   12701
   12717
   12788
   12924
   12427
   12612
   12491
   12437
   12336
   12167
   12292
   12351
   12247
   12315
   12036
   12029
   12164
   12119
   11981
   11780
   12061
   12118
   11970
   12124
   11680
   11892
   11836
   11668
   11719
   11548
   11731
   11468
   11642
   11533
   11539
   11367
   11480
   11389
   11544
   11562
   11410
   11237
   11733
   13486
   16808
   16549
   12725
   11567
   11365
   11442
   12440
   15030
   15328
   12460
   11322
   11083
   11054
   11122
   10955
   10968
   10918
   11079
   10962
   11047
   11056
   11055
   10938
   10907
   10873
   10869
   10892
   10798
   10840
   10738
   10920
   10918
   11106
   11795
   13439
   13471
   11632
   10564
   10820
   10782
   10769
   10798
   10679
   10681
   10701
   10756
   10676
   10678
   10756
   10671
   10748
   11160
   11425
   11435
   11081
   10830
   10561
   10843
   10725
   11144
   10803
   10779
   10780
   10837
   10968
   10733
   10868
   10662
   10885
   10769
   10979
   11018
   11022
   10777
   10868
   10842
   11059
   12420
   16887
   23387
   21490
   14200
   11184
   11008
   11104
   11314
   10987
   11166
   11056
   11353
   11072
   11064
   11151
   11239
   11274
   11123
   11252
   11202
   11354
   11271
   11180
   11417
   11327
   11394
   11458
   11398
   11306
   11468
   11482
   11477
   11493
   11490
   11734
   11640
   11533
   11619
   11699
   11900
   11825
   11737
   11717
   11965
   12081
   12058
   12474
   12103
   11856
   12049
   11976
   12009
   11987
   12379
   12000
   12030
   12224
   12227
   12364
   12299
   12481
   12186
   12292
   12512
   12617
   12483
   12520
   12521
   12449
   12564
   12777
   12737
   12531
   12773
   12971
   12988
   12777
   12750
   12738
   12844
   12757
   12771
   12981
   13043
   12949
   12917
   13059
   13061
   13208
   13121
   13309
   13138
   13203
   13054
   13203
   13473
   13357
   13063
   13341
   13332
   13002
   13126
   13296
   13173
   12997
   13107
   12921
   12963
   12780
   12696
   12642
   12376
   12225
   11955
   11377
   11333
   11091
   10607
   10451
   10153
    9593
    9426
    9401
    8978
    8849
    8872
    8615
    8357
    8367
    8213
    8160
    7982
    8082
    8165
    8533
    8287
    7878
    7738
    7492
    7547
    7496
    7213
    7332
    7281
    7320
    7222
    7159
    7022
    7014
    6940
    6970
    6831
    6886
    6762
    6645
    6674
    6767
    6771
    6419
    6453
    6442
    6385
    6534
    6323
    6337
    6250
    6274
    6318
    6147
    6206
    6150
    5927
    5940
    6058
    5948
    5903
    5865
    5943
    5843
    6009
    6516
    7011
    6794
    6099
    5663
    5600
    5536
    5547
    5409
    5320
    5334
    5446
    5318
    5209
    5126
    5304
    5201
    5134
    5264
    5167
    5037
    4946
    4835
    4924
    5134
    4985
    5014
    4829
    4750
    4756
    4661
    4666
    4692
    4600
    4520
    4522
    4458
    4447
    4448
    4548
    4542
    4694
    5626
    6760
    6356
    5076
    4469
    4317
    4168
    4184
    4125
    4106
    4070
    4189
    4010
    3959
    3935
    3971
    4013
    3966
    3770
    3837
    3891
    3849
    3803
    3864
    3793
    3714
    3656
    3670
    3718
    3589
    3652
    3474
    3554
    3558
    3640
    3601
    3738
    3682
    3512
    3390
    3458
    3341
    3499
    3403
    3249
    3387
    3228
    3192
    3153
    3257
    3370
    3191
    3216
    3201
    3206
    3245
    3134
    3049
    3037
    3082
    3071
    3109
    2996
    2992
    3059
    3055
    3073
    2987
    3133
    2965
    3004
    3078
    2996
    2953
    3067
    2934
    2999
    2930
    2915
    2865
    2942
    2977
    2966
    2985
    2846
    2904
    2917
    2931
    2885
    3042
    2917
    2981
    2971
    2998
    2919
    2925
    2839
    2941
    2833
    2803
    2883
    2963
    2835
    2837
    2854
    2878
    2812
    2902
    2933
    2889
    2826
    2852
    2846
    2849
    2833
    2835
    2881
    2830
    2810
    2898
    2924
    2869
    2832
    2848
    2835
    2843
    2811
    2912
    2643
    2850
    2822
    2824
    2837
    2778
    2905
    2916
    2899
    2806
    2840
    2824
    2824
    2854
    2762
    2759
    2866
    2879
    2831
    2874
    2739
    2860
    2848
    2887
    2840
    2843
    2671
    2755
    2852
    2825
    2769
    2819
    2754
    2797
    2714
    2883
    3080
    3766
    5211
    7346
    8514
    6652
    4040
    2996
    2991
    2989
    3094
    2995
    2969
    2827
    2770
    2879
    2851
    2884
    2837
    2823
    2870
    2908
    2825
    2950
    2904
    2908
    2996
    2950
    2890
    3060
    2943
    2964
    3004
    2961
    3070
    3078
    2953
    3020
    3100
    3145
    3132
    3114
    3089
    3166
    3246
    3246
    3236
    3356
    3244
    3295
    3321
    3293
    3553
    3484
    3681
    3714
    3882
    4125
    4325
    4931
    5989
    7983
   12147
   19914
   30090
   40778
   58894
   96507
  156483
  226449
  281712
  297462
  263491
  195162
  122453
   67739
   37461
   22018
   14067
    9598
    7358
    5858
    4869
    4280
    3968
    3814
    3599
    3473
    3393
    3366
    3123
    3187
    2969
    2885
    2880
    2813
    2767
    2745
    2646
    2633
    2613
    2578
    2589
    2508
    2442
    2515
    2392
    2528
    2550
    2467
    2269
    2312
    2259
    2324
    2245
    2308
    2281
    2175
    2142
    2201
    2165
    1977
    2171
    2116
    2129
    2080
    2010
    2055
    2055
    1990
    2001
    1996
    1984
    1982
    1893
    2022
    1947
    1980
    2025
    1953
    2045
    2166
    2602
    3883
    6280
    9882
   11962
    8464
    3930
    2114
    1835
    1880
    1843
    1837
    1860
    1879
    1745
    1793
    1663
    1749
    1753
    1708
    1739
    1736
    1671
    1757
    1723
    1834
    1687
    1685
    1630
    1708
    1743
    1751
    1663
    1644
    1731
    1653
    1656
    1650
    1715
    1686
    1718
    1705
    1637
    1636
    1654
    1667
    1643
    1583
    1627
    1667
    1670
    1708
    1635
    1656
    1640
    1658
    1718
    1618
    1683
    1557
    1618
    1576
    1626
    1698
    1662
    1589
    1718
    1606
    1639
    1571
    1623
    1531
    1568
    1608
    1613
    1640
    1617
    1543
    1518
    1531
    1579
    1705
    1661
    1815
    1908
    1907
    1746
    1577
    1626
    1550
    1541
    1555
    1575
    1642
    1727
    1862
    2533
    3734
    6673
   11493
   15779
   13749
    6927
    2731
    1742
    1639
    1601
    1600
    1563
    1618
    1557
    1579
    1518
    1447
    1584
    1572
    1501
    1515
    1471
    1534
    1544
    1454
    1510
    1497
    1507
    1461
    1525
    1528
    1481
    1480
    1490
    1479
    1524
    1486
    1469
    1430
    1441
    1432
    1440
    1446
    1437
    1344
    1410
    1353
    1321
    1420
    1402
    1278
    1259
    1362
    1311
    1288
    1277
    1270
    1294
    1263
    1358
    1238
    1383
    1256
    1191
    1294
    1273
    1286
    1271
    1263
    1269
    1268
    1234
    1233
    1207
    1242
    1256
    1211
    1192
    1199
    1190
    1276
    1243
    1270
    1337
    1389
    1393
    1298
    1234
    1220
    1183
    1181
    1203
    1182
    1173
    1200
    1178
    1226
    1175
    1173
    1171
    1224
    1165
    1144
    1127
    1107
    1089
    1124
    1147
    1149
    1134
    1137
    1140
    1149
    1085
    1145
    1150
    1186
    1208
    1385
    1747
    2448
    3303
    3817
    2812
    1712
    1155
    1073
    1053
    1055
    1082
    1075
    1066
    1118
    1072
    1087
     994
    1086
    1090
    1074
    1003
    1049
    1012
    1030
    1033
    1006
    1044
    1076
     999
    1024
    1057
    1038
    1042
    1067
    1088
     994
    1055
    1071
    1007
    1031
    1073
    1069
    1070
    1048
    1034
    1022
    1045
    1047
    1090
    1068
    1104
    1101
    1126
    1137
    1077
    1119
    1083
    1091
    1068
    1064
    1033
    1037
     984
     990
    1008
     962
     978
     981
     982
     908
     967
     906
     944
     939
     956
     929
     953
     960
     949
     934
     940
     900
     853
     893
     913
     878
     933
     851
     869
     962
     888
     936
     836
     927
     872
     880
     859
     887
     953
     861
     886
     845
     885
     858
     809
     839
     905
     893
     850
     876
     808
     828
     884
     788
     832
     838
     863
     894
     849
     844
     820
     834
     785
     863
     784
     776
     865
     896
     841
     877
     792
     814
     766
     833
     806
     806
     782
     831
     769
     813
     774
     761
     735
     852
     803
     820
     784
     755
     790
     746
     753
     795
     777
     751
     735
     744
     788
     780
     788
     718
     748
     694
     758
     670
     690
     720
     728
     698
     732
     666
     710
     696
     694
     763
     778
     861
     921
    1244
    1614
    1912
    1647
    1122
     771
     732
     693
     672
     741
     684
     807
     822
     874
     822
     842
     716
     723
     703
     679
     627
     670
     651
     680
     660
     641
     696
     663
     650
     695
     638
     642
     650
     637
     625
     626
     647
     659
     639
     682
     641
     600
     632
     638
     631
     621
     636
     615
     662
     637
     647
     623
     578
     645
     653
     607
     618
     646
     629
     665
     607
     664
     623
     610
     629
     626
     622
     593
     642
     595
     617
     568
     619
     614
     629
     604
     630
     590
     625
     578
     633
     591
     618
     639
     581
     631
     624
     607
     589
     632
     586
     595
     595
     625
     568
     609
     678
     606
     617
     611
     649
     607
     659
     634
     641
     613
     593
     594
     563
     557
     600
     577
     586
     578
     567
     594
     602
     617
     612
     616
     658
     722
     705
     667
     604
     620
     605
     656
     782
    1048
    1587
    2413
    4104
    6913
   10653
   13772
   11802
    6460
    2370
     938
     668
     639
     596
     611
     578
     638
     607
     678
     621
     600
     581
     582
     536
     558
     567
     505
     581
     510
     516
     565
     528
     538
     535
     551
     509
     544
     531
     538
     561
     543
     512
     523
     532
     524
     502
     512
     552
     507
     492
     575
     566
     577
     698
     721
     734
     635
     545
     501
     514
     513
     544
     499
     497
     525
     526
     548
     534
     520
     543
     473
     576
     697
     735
     949
    1442
    2135
    3054
    3715
    3234
    1888
     968
     593
     489
     514
     469
     481
     503
     446
     489
     502
     458
     472
     469
     478
     480
     506
     482
     461
     475
     501
     466
     465
     478
     465
     462
     473
     513
     478
     453
     518
     520
     532
     527
     524
     449
     456
     453
     463
     460
     502
     461
     444
     455
     497
     455
     487
     434
     421
     469
     404
     452
     483
     448
     447
     488
     514
     497
     453
     452
     464
     460
     442
     465
     422
     431
     459
     442
     442
     454
     423
     457
     409
     438
     427
     465
     427
     476
     423
     474
     403
     372
     424
     427
     401
     401
     405
     400
     460
     449
     449
     443
     455
     461
     474
     442
     436
     475
     486
     474
     421
     430
     410
     418
     410
     400
     454
     434
     416
     409
     401
     460
     445
     467
     381
     414
     461
     464
     468
     495
     491
     532
     610
     512
     505
     427
     420
     458
     441
     473
     433
     394
     445
     443
     403
     407
     429
     446
     444
     443
     398
     427
     424
     404
     446
     416
     434
     432
     404
     452
     457
     405
     427
     448
     389
     412
     385
     410
     448
     452
     554
     657
     804
    1182
    1736
    2515
    3615
    4308
    3615
    2213
     980
     629
     654
     839
    1020
    1238
    1254
     954
     667
     494
     424
     447
     407
     393
     359
     378
     376
     440
     390
     358
     438
     369
     414
     426
     410
     438
     406
     436
     378
     407
     395
     431
     394
     391
     401
     425
     437
     471
     386
     428
     431
     429
     469
     401
     379
     427
     429
     458
     430
     426
     455
     428
     384
     413
     408
     410
     431
     420
     428
     433
     434
     383
     395
     457
     409
     370
     419
     404
     410
     381
     416
     373
     392
     419
     396
     367
     401
     411
     390
     364
     377
     395
     379
     436
     399
     437
     405
     416
     428
     462
     428
     411
     411
     411
     374
     400
     373
     365
     378
     383
     391
     420
     431
     405
     415
     435
     385
     426
     408
     413
     419
     407
     425
     400
     386
     401
     380
     415
     370
     416
     421
     432
     395
     421
     416
     406
     410
     439
     412
     406
     406
     415
     410
     412
     399
     409
     402
     397
     422
     382
     379
     443
     389
     427
     423
     420
     377
     395
     404
     404
     413
     431
     407
     456
     425
     405
     408
     377
     418
     450
     416
     401
     426
     425
     394
     404
     429
     441
     456
     442
     424
     465
     436
     476
     431
     468
     448
     437
     468
     389
     400
     412
     354
     387
     373
     356
     369
     364
     395
     367
     350
     361
     361
     345
     341
     376
     316
     329
     374
     397
     406
     351
     377
     375
     355
     413
     443
     475
     512
     641
     654
     634
     502
     420
     366
     358
     318
     347
     327
     365
     379
     374
     351
     366
     334
     316
     353
     338
     335
     374
     311
     323
     393
     358
     329
     321
     357
     349
     366
     314
     365
     351
     346
     375
     347
     344
     349
     341
     357
     373
     344
     319
     351
     316
     315
     364
     335
     362
     355
     324
     338
     374
     371
     332
     367
     348
     350
     337
     355
     369
     366
     333
     321
     329
     331
     359
     354
     340
     341
     332
     373
     337
     344
     393
     376
     366
     360
     339
     319
     334
     326
     382
     345
     337
     359
     341
     349
     372
     394
     334
     307
     317
     326
     333
     354
     366
     342
     360
     335
     349
     346
     346
     338
     332
     371
     328
     364
     331
     331
     343
     361
     339
     307
     362
     351
     352
     343
     388
     368
     396
     396
     445
     477
     523
     461
     438
     368
     333
     385
     348
     402
     313
     376
     358
     368
     385
     351
     372
     359
     360
     370
     351
     354
     370
     347
     346
     344
     379
     365
     364
     347
     384
     380
     381
     367
     455
     412
     393
     373
     360
     360
     331
     320
     359
     373
     368
     317
     374
     329
     345
     381
     340
     375
     324
     372
     375
     322
     331
     351
     357
     374
     345
     327
     362
     346
     347
     363
     352
     374
     333
     341
     359
     390
     308
     336
     341
     353
     321
     339
     289
     339
     333
     332
     335
     349
     352
     361
     367
     359
     328
     365
     328
     362
     294
     361
     345
     347
     335
     335
     346
     327
     327
     350
     377
     360
     340
     361
     362
     288
     334
     321
     334
     355
     313
     323
     321
     315
     338
     330
     319
     335
     352
     327
     330
     314
     296
     310
     330
     296
     339
     313
     314
     289
     287
     287
     298
     268
     314
     268
     307
     321
     277
     290
     303
     299
     296
     332
     316
     357
     380
     401
     417
     415
     349
     346
     304
     333
     307
     303
     264
     292
     261
     242
     277
     292
     290
     285
     305
     281
     297
     335
     383
     413
     533
     633
     654
     567
     470
     319
     313
     259
     279
     253
     243
     279
     287
     261
     284
     254
     266
     284
     292
     231
     257
     265
     228
     242
     264
     239
     263
     234
     264
     255
     243
     257
     237
     236
     243
     243
     230
     251
     237
     250
     194
     240
     235
     244
     235
     267
     248
     240
     232
     239
     238
     255
     275
     215
     261
     258
     231
     232
     261
     263
     215
     223
     230
     246
     218
     261
     236
     207
     223
     215
     220
     244
     228
     236
     198
     230
     211
     214
     256
     234
     221
     234
     241
     226
     213
     244
     213
     218
     215
     189
     239
     227
     212
     205
     239
     233
     243
     205
     237
     249
     273
     368
     334
     442
     552
     793
     873
    1231
    1336
    1183
     765
     421
     238
     207
     207
     209
     189
     202
     211
     207
     213
     229
     224
     239
     241
     216
     192
     217
     194
     193
     194
     192
     171
     175
     193
     194
     215
     199
     174
     179
     179
     193
     200
     187
     186
     193
     214
     189
     177
     175
     191
     185
     177
     194
     196
     165
     192
     170
     158
     174
     188
     179
     177
     183
     190
     165
     178
     153
     170
     197
     191
     173
     168
     186
     178
     158
     162
     190
     187
     167
     191
     186
     171
     150
     160
     172
     173
     144
     191
     162
     157
     158
     160
     169
     172
     146
     157
     165
     130
     168
     147
     135
     178
     145
     180
     167
     166
     159
     170
     176
     166
     179
     199
     199
     253
     226
     222
     190
     130
     161
     150
     147
     152
     138
     153
     157
     159
     156
     161
     162
     156
     139
     151
     147
     155
     161
     148
     155
     156
     126
     145
     134
     159
     142
     170
     130
     138
     161
     175
     162
     143
     160
     161
     161
     160
     158
     184
     157
     173
     203
     188
     254
     271
     330
     345
     318
     299
     208
     183
     171
     174
     154
     144
     171
     134
     160
     165
     126
     148
     158
     163
     144
     133
     155
     162
     161
     150
     140
     154
     147
     149
     149
     151
     157
     181
     190
     196
     206
     208
     191
     152
     161
     172
     133
     131
     128
     144
     150
     160
     159
     139
     136
     155
     152
     177
     190
     225
     216
     328
     344
     485
     634
     736
     767
     753
     487
     290
     190
     147
     162
     122
     149
     127
     158
     137
     138
     130
     138
     125
     139
     144
     160
     125
     163
     155
     169
     164
     175
     157
     194
     173
     188
     196
     170
     158
     159
     175
     152
     164
     147
     153
     118
     148
     128
     149
     158
     195
     173
     210
     211
     225
     228
     214
     187
     186
     190
     226
     244
     316
     401
     534
     722
    1002
    1392
    1856
    2362
    2902
    2854
    2217
    1123
     500
     251
     176
     158
     149
     141
     158
     128
     131
     116
     147
     142
     145
     138
     140
     156
     163
     149
     121
     150
     116
     122
     127
     124
     126
     129
     141
     136
     119
     160
      98
     143
     127
     111
     139
     124
     118
     125
     118
     142
     125
     126
     120
     118
     135
     117
     136
     140
     127
     164
     145
     164
     186
     229
     288
     309
     397
     506
     541
     548
     415
     282
     182
     140
     132
     128
     125
     126
     112
     133
     125
     128
     129
     119
     105
     115
     131
     103
     128
     138
     123
     117
     127
     140
     125
     145
     123
     116
     140
     108
     117
     130
     120
     121
     122
     119
     108
     147
     116
     141
     141
     166
     168
     176
     214
     233
     355
     427
     504
     553
     546
     415
     311
     202
     126
     121
     122
     118
     115
     124
     127
     129
     155
     149
     124
     140
     147
     118
     141
     134
     109
     121
     108
     124
     128
     120
     142
     134
     129
     128
     116
     128
     110
     100
     114
     104
     135
     134
     112
     109
     112
     113
     106
     126
      97
     109
     115
     114
     124
     111
     114
     105
     102
     122
     103
     125
     100
     114
     101
     126
     119
     103
     115
      94
     117
      94
     116
     111
     107
     127
     138
     108
     113
     131
     114
     109
     125
     106
      97
     110
     118
     123
     118
     109
     122
     111
     135
     107
     126
     112
      99
     103
     115
     102
     121
     110
     131
     120
      89
     105
     112
     111
      94
     118
     102
     117
      96
     115
     112
     102
      96
     107
      96
     114
     104
     109
      93
     113
     115
     115
     116
     110
     120
      96
     110
      93
     113
     108
     124
     110
     110
     102
      94
     111
     114
     113
     131
     111
     125
     128
     120
     122
     128
     126
     103
      93
     117
     106
     108
     107
     106
     110
     103
     102
     112
      89
     109
     102
     114
     107
      98
     124
      99
     105
     104
      92
     110
      92
      95
      92
     108
     114
     102
     116
     114
     121
     105
     125
     111
     109
      99
     111
     111
      99
      95
      80
     109
      93
      95
     102
      92
     105
     111
      98
      90
      98
      90
     106
     101
     111
      94
     120
     111
      97
     104
     109
     109
     102
      94
     102
      88
      86
     107
      98
     101
     103
      97
      92
      98
      96
     110
     105
      97
     110
      92
      93
     101
      96
     103
     102
      82
     107
     123
     115
     112
      93
      88
      98
      92
      95
      93
      91
      89
      94
      89
      87
      81
      97
     106
     102
      95
     100
      99
      89
      98
      97
     102
     115
      94
      98
      97
      99
      87
      96
      93
      95
      92
      83
      80
     105
     109
     101
      81
     100
      92
      96
      95
     101
     108
     121
      90
      89
     121
     109
     121
     124
      96
      85
      88
     105
      92
      85
      96
      74
     101
      96
      85
      76
      88
      86
      95
     103
      94
     106
      79
      98
      91
      86
      97
      94
      97
     103
      85
      85
      94
      86
      78
      95
      76
      90
      88
      93
      97
      89
      97
      95
      89
      90
      81
      80
     106
      90
     101
      89
      92
      90
      98
      80
      79
      88
      88
      95
      85
     103
      98
      92
      87
      76
     103
     106
      87
      95
      99
      87
     101
      87
      85
      89
     107
      89
      74
      84
      82
      80
     106
      73
      72
      75
      64
      78
      83
      80
      94
      77
      87
      90
      82
      84
      74
      85
      79
      83
     100
      97
      71
      93
      84
      93
      91
      74
      77
      92
      73
      82
      89
      90
      64
      86
      64
      83
      89
      90
      76
      82
      97
      86
      66
      69
      89
      68
      90
      75
      94
      96
      84
      76
      58
      79
      72
      89
      77
      74
      67
      81
      77
      75
      76
      98
      96
      83
      69
      83
      76
      86
      73
      88
      70
      93
      76
      85
      80
      75
      84
      74
      77
      60
      89
      67
     101
      81
      83
      83
      82
      62
      92
      96
      80
      79
      77
      92
      86
      92
      85
      64
      62
      66
      84
      85
      79
      71
      77
      78
      79
      85
      65
      65
      92
      79
      87
      98
     100
     105
     102
      89
      72
      75
      81
     102
     100
      75
      74
      75
      75
      89
      69
      79
      76
      66
      80
      77
      81
      70
      77
      69
      69
      84
      79
      68
      69
      70
      62
      75
      73
      72
      72
      86
      75
      74
      75
      69
      80
      59
      73
      72
      78
      72
      61
      77
      64
      63
      70
      70
      64
      62
      63
      71
      78
      64
      64
      58
      70
      61
      58
      80
      62
      63
      63
      60
      70
      73
      60
      70
      64
      58
      64
      66
      45
      50
      59
      65
      68
      53
      56
      75
      82
      54
      69
      65
      75
      61
      66
      53
      74
      58
      69
      60
      72
      53
      66
      70
      78
      58
      59
      59
      60
      61
      67
      71
      65
      75
      66
      65
      65
      62
      58
      61
      67
      58
      64
      57
      57
      42
      54
      55
      60
      55
      62
      52
      57
      64
      56
      63
      60
      64
      58
      58
      74
      67
      65
      70
      60
      72
      54
      71
      70
      59
      60
      72
      63
      61
      68
      54
      57
      65
      66
      80
      61
      72
      53
      93
      93
      93
     123
     134
     142
     181
     199
     198
     175
     130
      79
      76
      64
      60
      61
      58
      59
      71
      64
      57
      67
      67
      54
      55
      64
      79
      81
      80
      83
      88
     118
     147
     157
     179
     214
     174
     162
      99
      87
      57
      66
      49
      51
      46
      61
      56
      42
      55
      52
      66
      64
      59
      51
      58
      56
      51
      58
      69
      50
      63
      50
      58
      59
      53
      47
      49
      56
      48
      52
      55
      56
      60
      56
      54
      47
      56
      66
      57
      56
      56
      47
      51
      59
      43
      52
      45
      49
      58
      49
      55
      56
      55
      52
      52
      50
      52
      63
      55
      44
      39
      52
      58
      44
      38
      59
      54
      47
      40
      47
      52
      58
      53
      48
      66
      53
      51
      62
      44
      40
      42
      47
      40
      53
      55
      43
      40
      57
      43
      45
      52
      45
      42
      45
      38
      53
      55
      48
      47
      44
      42
      44
      37
      44
      53
      42
      46
      51
      45
      35
      46
      49
      45
      51
      53
      45
      39
      39
      47
      42
      48
      42
      37
      30
      56
      45
      45
      39
      52
      39
      36
      50
      35
      48
      48
      42
      51
      34
      41
      43
      41
      44
      45
      44
      47
      41
      51
      53
      34
      47
      44
      44
      36
      31
      35
      57
      37
      38
      35
      44
      44
      44
      34
      39
      35
      41
      42
      42
      37
      32
      46
      39
      43
      44
      38
      46
      44
      46
      38
      36
      42
      43
      47
      35
      45
      45
      40
      37
      32
      41
      39
      34
      35
      48
      40
      31
      47
      36
      33
      40
      57
      35
      38
      45
      44
      38
      31
      46
      34
      35
      40
      53
      41
      33
      44
      43
      39
      36
      36
      31
      39
      56
      45
      31
      53
      48
      47
      49
      56
      51
      49
      45
      45
      34
      38
      40
      39
      33
      35
      44
      48
      33
      38
      34
      30
      38
      39
      36
      40
      41
      43
      37
      32
      32
      42
      41
      26
      41
      44
      30
      31
      32
      26
      39
      33
      40
      33
      38
      25
      31
      29
      35
      34
      23
      30
      31
      28
      23
      55
      58
      38
      53
      62
      68
      85
     108
     112
     154
     172
     231
     257
     318
     350
     272
     213
     104
      65
      33
      37
      28
      32
      31
      40
      36
      36
      40
      36
      36
      35
      37
      39
      34
      28
      31
      36
      30
      31
      34
      31
      40
      38
      37
      33
      35
      33
      22
      32
      31
      31
      29
      36
      34
      20
      40
      37
      29
      34
      26
      33
      34
      29
      44
      33
      23
      34
      27
      42
      35
      34
      34
      33
      24
      36
      23
      34
      28
      35
      38
      30
      28
      41
      33
      31
      37
      33
      38
      24
      29
      21
      26
      35
      36
      23
      37
      28
      33
      25
      23
      25
      25
      41
      32
      35
      30
      31
      24
      19
      22
      33
      20
      29
      31
      35
      21
      30
      26
      32
      34
      31
      18
      34
      26
      28
      32
      30
      29
      22
      34
      26
      31
      33
      29
      29
      22
      27
      38
      32
      21
      26
      24
      33
      27
      28
      27
      23
      26
      27
      28
      29
      20
      26
      21
      30
      23
      22
      27
      18
      23
      29
      23
      19
      20
      31
      15
      32
      27
      32
      29
      28
      17
      24
      33
      27
      22
      22
      20
      20
      32
      20
      25
      29
      22
      32
      20
      25
      18
      31
      19
      34
      36
      20
      22
      25
      24
      19
      34
      30
      23
      39
      38
      39
      52
      48
      45
      61
      23
      42
      22
      33
      22
      24
      31
      29
      21
      34
      23
      23
      16
      22
      24
      20
      25
      24
      19
      25
      30
      26
      32
      27
      24
      30
      31
      35
      34
      35
      30
      34
      40
      46
      51
      75
      75
      68
      64
      85
      46
      33
      18
      25
      27
      22
      20
      18
      25
      21
      23
      28
      17
      33
      21
      19
      16
      24
      14
      24
      20
      35
      28
      19
      21
$ROI:
0
$PRESETS:
None
0
0
$ENER_FIT:
0.095 0.50031
$MCA_CAL:
3
0.09500 0.50031 0.00 keV
$SHAPE_CAL:
3
-0.898383546091 8.9526342793 -25.115346611
$META:
{'istp': ['62ZN', '63ZN', '65ZN', '7BE', '58CO', '61CU', '57CO', '64CO', '56CO'], 'res': 0.05, 'R': 0.2, 'unc_eff': [[0.028787930103945265, -0.2942980340858346, 0.7442515342308331], [-0.29429803408583455, 3.022016856655637, -7.675333967462559], [0.7442515342308331, -7.675333967462559, 19.577835672186247]], 'alpha': 0.9}
