$SPEC_ID:
No sample description was entered.
$SPEC_REM:
DET# 9480
DETDESC# HPGE
AP# Maestro Version 7.01
$DATE_MEA:
10/17/2018 20:38:15
$MEAS_TIM:
3600 3990
$DATA:
0 4095
     600
     665
       0
       0
       0
       0
       0
       0
       0
       0
       0
       0
       0
       0
       0
       0
       0
       0
       0
       0
       0
       0
       3
       8
       3
       6
       4
       2
       0
       5
       6
       4
       2
       5
       5
       1
       1
       6
      32
     126
     734
   10796
   24537
   24409
   24130
   23614
   23734
   23507
   23542
   23143
   23175
   22914
   22698
   22379
   22030
   22579
   22287
   21707
   21693
   21619
   21470
   21377
   21189
   21098
   21001
   20925
   20584
   20974
   20758
   20418
   20710
   20638
   20475
   20329
   20225
   20041
   20312
   20284
   20312
   20498
   21312
   26717
   29811
   20455
   18319
   18344
   18033
   18266
   18156
   17912
   18195
   17849
   17782
   17956
   17860
   18031
   17631
   17584
   17499
   17410
   17385
   17392
   17550
   17479
   17407
   17302
   17186
   17144
   17177
   17394
   17340
   17445
   16965
   17201
   17193
   17760
   17892
   17226
   17929
   17881
   17114
   17032
   16582
   17078
   16730
   16949
   16648
   16864
   16653
   16853
   16801
   16739
   17136
   17618
   21981
   24395
   18173
   16608
   16735
   16617
   16413
   16199
   16088
   16361
   16370
   16586
   16186
   16437
   16216
   16304
   16488
   16301
   16237
   16072
   15980
   16172
   16044
   16462
   16184
   16156
   16163
   16202
   16083
   16260
   16277
   16575
   16639
   16494
   16859
   16811
   16948
   16788
   16734
   16665
   16912
   16744
   16642
   16599
   16435
   16532
   16510
   16149
   16577
   16459
   16533
   16353
   16297
   16431
   16493
   16489
   16400
   16468
   16448
   16462
   16335
   16260
   16599
   16434
   16597
   16496
   16734
   16895
   16631
   16475
   16433
   16562
   16847
   16927
   16885
   17015
   17105
   17169
   16975
   17232
   17486
   17265
   17320
   17211
   17392
   17337
   17382
   17821
   17356
   17489
   17475
   17560
   17856
   17753
   17632
   17824
   17572
   17959
   17984
   17975
   17767
   17861
   17865
   17751
   18019
   17926
   18095
   18251
   21370
   41212
   60907
   34081
   18785
   17906
   17797
   17825
   17631
   17963
   19255
   30080
   51222
   36867
   19600
   17739
   17533
   17441
   17470
   17670
   17656
   17559
   17743
   17487
   17447
   17448
   17617
   17425
   17683
   18242
   21134
   22667
   18799
   17734
   17489
   17652
   17514
   17485
   17543
   17573
   17354
   17473
   17854
   17699
   17682
   17673
   17549
   17844
   17719
   17600
   17358
   17712
   17538
   17591
   17445
   17764
   17539
   17831
   17758
   17529
   17540
   17546
   17606
   17429
   17477
   17455
   17494
   17521
   17831
   17747
   17735
   17620
   17842
   18227
   19201
   19483
   18139
   18040
   17616
   17726
   18012
   18261
   17921
   18194
   18133
   18403
   18246
   18136
   18593
   18540
   18751
   18968
   18643
   19275
   19637
   19626
   20142
   20728
   20915
   22171
   22391
   23235
   23302
   23865
   23745
   24340
   24242
   24273
   24571
   24532
   24367
   24310
   24413
   24358
   24348
   24394
   24100
   23986
   23966
   23864
   23897
   23957
   23613
   23426
   23412
   23457
   22923
   22781
   22778
   22574
   22519
   22134
   22086
   21645
   21413
   21280
   21037
   20862
   20588
   20374
   20314
   20045
   19648
   19939
   19693
   19197
   19093
   19005
   18936
   18680
   18168
   18320
   18360
   18050
   18085
   17526
   17785
   17724
   17427
   17345
   16969
   16967
   17141
   16703
   16633
   16604
   16565
   16431
   16355
   16079
   16124
   15824
   15800
   15756
   15568
   15597
   15528
   15528
   15502
   15170
   15029
   15097
   14988
   14854
   15040
   14850
   14657
   14829
   14642
   14830
   14578
   14412
   14439
   14165
   14427
   14280
   14317
   14262
   14145
   14270
   13804
   14000
   14082
   14034
   13739
   14210
   13703
   13626
   13610
   13765
   13699
   13632
   13511
   13450
   13418
   13487
   13175
   13420
   13358
   13243
   13131
   13258
   13274
   12993
   12907
   13158
   12956
   12998
   13017
   12685
   12735
   12882
   12661
   12763
   12880
   12721
   12538
   12661
   12710
   12781
   12625
   12694
   13088
   15393
   19517
   19538
   14689
   12719
   12423
   12809
   13841
   17003
   17829
   14285
   12279
   12212
   12072
   12079
   12115
   12316
   12229
   12254
   12157
   11968
   12218
   12036
   12162
   12056
   12179
   12260
   12072
   12057
   12213
   12036
   11975
   12380
   12266
   13176
   15196
   15545
   12990
   12259
   12086
   11885
   11978
   12088
   11964
   11970
   11952
   11841
   12112
   12192
   11921
   11999
   11980
   12026
   12330
   12329
   12160
   11928
   12130
   11831
   12017
   12091
   11830
   11856
   11980
   11995
   12069
   12095
   12004
   12180
   12004
   12073
   12059
   11840
   12194
   12111
   12106
   12420
   12198
   13309
   17401
   24121
   23148
   15489
   12493
   12294
   12331
   12293
   12413
   12567
   12365
   12313
   12489
   12283
   12255
   12551
   12381
   12526
   12442
   12657
   12457
   12523
   12685
   12513
   12532
   12554
   12584
   12595
   12571
   12743
   12735
   12773
   12681
   13010
   12635
   12952
   13075
   12925
   12866
   13040
   12994
   13110
   13042
   13148
   13396
   13703
   13879
   13339
   13357
   13439
   13391
   13419
   13255
   13643
   13407
   13540
   13505
   13744
   13545
   13720
   13508
   13729
   13779
   13903
   13718
   14074
   13980
   14048
   14031
   13824
   14106
   14053
   14020
   14167
   14116
   14334
   14447
   14526
   14338
   14351
   14118
   14444
   14523
   14445
   14545
   14525
   14649
   14608
   14525
   14589
   14804
   14770
   14807
   14624
   14697
   14672
   14884
   14773
   14858
   14957
   14770
   14534
   14688
   14664
   14364
   14538
   14576
   14561
   14496
   14009
   14127
   13614
   13647
   13440
   12839
   12875
   12279
   11926
   11719
   11162
   10898
   10871
   10643
   10264
   10047
    9823
    9602
    9470
    9364
    9160
    9165
    9047
    9097
    9135
    9546
    9354
    9030
    8547
    8499
    8334
    8370
    8264
    8163
    8163
    8240
    8013
    7998
    8159
    7858
    7820
    7720
    7718
    7634
    7697
    7467
    7531
    7434
    7424
    7337
    7388
    7144
    7308
    7074
    7070
    7094
    7098
    7116
    6942
    6978
    6939
    6867
    6827
    6703
    6726
    6663
    6653
    6637
    6554
    6455
    6538
    7063
    7693
    7620
    6694
    6231
    6359
    6190
    6134
    6059
    6071
    6067
    6015
    5917
    5954
    5723
    5862
    5835
    5730
    5574
    5619
    5623
    5593
    5488
    5528
    5523
    5432
    5417
    5481
    5239
    5284
    5060
    5275
    5221
    5131
    5208
    5129
    5044
    5143
    4968
    4970
    5119
    5422
    6364
    7716
    7543
    5809
    4899
    4710
    4645
    4669
    4650
    4676
    4563
    4561
    4466
    4500
    4471
    4485
    4372
    4333
    4279
    4243
    4202
    4246
    4305
    4124
    4048
    4151
    4253
    4136
    3920
    4025
    4093
    4072
    4076
    3925
    3874
    3929
    3965
    3925
    3859
    3866
    3697
    3872
    3849
    3759
    3653
    3746
    3697
    3625
    3684
    3662
    3416
    3587
    3485
    3553
    3441
    3468
    3410
    3473
    3411
    3342
    3535
    3423
    3515
    3287
    3337
    3367
    3339
    3321
    3338
    3359
    3351
    3261
    3316
    3222
    3312
    3305
    3353
    3365
    3306
    3182
    3263
    3189
    3190
    3233
    3237
    3185
    3121
    3176
    3228
    3185
    3251
    3139
    3177
    3195
    3227
    3326
    3138
    3214
    3054
    3133
    3218
    3189
    3185
    3111
    3050
    3164
    3117
    3178
    3110
    3215
    3154
    3091
    3036
    3104
    3092
    3103
    3109
    3079
    3131
    3178
    3103
    3029
    3048
    3023
    3173
    3080
    3071
    3024
    2993
    3067
    2944
    3020
    3089
    3073
    3105
    3059
    3048
    3026
    2934
    3040
    3051
    3035
    3093
    3029
    2962
    3010
    3148
    2947
    2954
    3073
    3060
    3071
    3055
    3124
    3003
    3047
    3011
    2904
    3086
    3072
    3083
    3057
    3109
    3031
    3117
    3256
    3816
    4837
    6038
    5585
    4046
    3283
    3087
    3121
    3245
    3141
    3121
    3045
    3060
    3038
    3090
    3075
    3117
    3135
    3134
    3102
    3160
    3183
    3029
    3113
    3185
    3166
    3147
    3254
    3186
    3145
    3184
    3318
    3299
    3284
    3216
    3270
    3388
    3423
    3310
    3250
    3451
    3483
    3344
    3495
    3536
    3597
    3637
    3653
    3651
    3661
    3745
    3858
    4018
    4057
    4238
    4575
    4878
    5442
    6531
    8888
   13583
   22863
   35145
   46761
   64833
  103550
  165438
  242704
  305718
  328674
  295225
  222883
  143411
   81428
   45233
   26661
   16877
   11720
    8842
    6805
    5859
    5069
    4664
    4363
    4202
    4039
    4035
    3697
    3674
    3535
    3453
    3388
    3315
    3201
    3121
    3078
    2990
    2909
    2976
    2884
    2816
    2726
    2680
    2687
    2732
    2837
    2796
    2713
    2559
    2624
    2463
    2580
    2493
    2514
    2413
    2382
    2410
    2387
    2337
    2314
    2306
    2335
    2210
    2270
    2273
    2141
    2213
    2246
    2217
    2197
    2044
    2100
    2131
    2217
    2081
    2104
    2090
    2190
    2046
    2320
    3014
    4438
    7383
   12165
   15186
   11417
    5077
    2465
    2020
    1942
    1919
    1947
    1932
    1906
    1852
    1891
    1863
    1792
    1856
    1857
    1821
    1785
    1793
    1773
    1789
    1840
    1810
    1805
    1816
    1822
    1762
    1732
    1756
    1707
    1732
    1786
    1688
    1794
    1808
    1781
    1808
    1699
    1729
    1698
    1712
    1839
    1718
    1803
    1794
    1683
    1615
    1665
    1732
    1753
    1722
    1667
    1645
    1707
    1662
    1602
    1577
    1707
    1609
    1698
    1635
    1759
    1618
    1584
    1636
    1651
    1637
    1650
    1637
    1581
    1596
    1632
    1661
    1580
    1671
    1715
    1679
    1656
    1800
    1880
    1959
    1832
    1745
    1677
    1693
    1628
    1590
    1496
    1657
    1618
    1818
    1936
    2756
    4437
    7936
   13958
   19959
   18533
    9522
    3472
    1835
    1731
    1634
    1692
    1558
    1628
    1540
    1538
    1538
    1579
    1509
    1524
    1506
    1524
    1521
    1505
    1548
    1487
    1503
    1517
    1546
    1542
    1405
    1515
    1568
    1511
    1430
    1446
    1459
    1420
    1420
    1456
    1431
    1411
    1442
    1407
    1397
    1374
    1383
    1355
    1411
    1378
    1282
    1372
    1317
    1369
    1264
    1346
    1362
    1267
    1323
    1282
    1291
    1321
    1276
    1299
    1309
    1257
    1280
    1293
    1227
    1241
    1252
    1171
    1283
    1273
    1242
    1209
    1259
    1216
    1229
    1210
    1240
    1253
    1307
    1294
    1380
    1398
    1520
    1422
    1274
    1205
    1265
    1247
    1245
    1174
    1218
    1134
    1168
    1246
    1170
    1231
    1170
    1177
    1163
    1175
    1132
    1173
    1135
    1159
    1146
    1134
    1179
    1207
    1180
    1161
    1119
    1115
    1114
    1141
    1206
    1301
    1753
    2321
    3261
    3730
    3061
    1868
    1235
    1109
    1081
    1072
    1040
    1074
    1056
    1094
    1126
    1044
    1085
    1040
    1039
    1045
    1088
    1077
    1054
    1072
     991
    1078
     985
    1002
    1063
    1051
     960
    1045
    1073
    1031
    1038
    1002
     969
    1070
    1032
    1017
    1077
    1031
    1019
    1022
    1031
    1046
    1053
    1049
    1077
    1075
    1077
    1039
    1109
    1063
    1086
    1145
    1166
    1079
    1054
    1066
    1013
    1015
    1010
     998
    1005
     972
     934
     991
     932
     960
     926
     988
     943
     956
     942
     945
     944
     940
     950
     898
     959
     892
     823
     903
     854
     869
     912
     843
     850
     860
     816
     873
     881
     810
     835
     822
     831
     848
     876
     838
     812
     822
     831
     861
     825
     845
     834
     853
     827
     814
     837
     767
     799
     798
     780
     838
     790
     815
     799
     777
     801
     785
     764
     764
     788
     762
     779
     742
     790
     788
     803
     828
     771
     735
     731
     776
     774
     717
     762
     785
     747
     754
     748
     757
     770
     738
     815
     731
     704
     730
     711
     745
     719
     706
     701
     775
     755
     744
     724
     771
     739
     743
     711
     749
     719
     725
     746
     706
     710
     694
     673
     667
     691
     715
     708
     705
     785
     722
     756
     736
     694
     704
     697
     712
     663
     705
     690
     712
     711
     747
     760
     781
     713
     679
     662
     702
     683
     648
     674
     704
     692
     709
     649
     697
     628
     631
     649
     665
     679
     680
     669
     685
     680
     692
     683
     672
     673
     680
     610
     688
     709
     658
     625
     647
     667
     655
     627
     678
     665
     663
     711
     673
     639
     624
     669
     630
     632
     639
     670
     640
     647
     615
     635
     596
     616
     636
     639
     645
     646
     625
     603
     647
     651
     605
     611
     627
     635
     674
     641
     632
     599
     616
     622
     603
     620
     640
     663
     636
     626
     627
     628
     691
     608
     625
     681
     640
     647
     680
     657
     676
     658
     621
     676
     681
     612
     669
     612
     636
     599
     593
     605
     637
     648
     556
     615
     631
     649
     609
     586
     633
     663
     648
     621
     642
     686
     757
     907
    1304
    1860
    3020
    4795
    7699
    9838
    9101
    5446
    2253
     933
     682
     632
     659
     664
     647
     624
     685
     645
     681
     610
     630
     630
     571
     592
     600
     627
     600
     573
     647
     551
     630
     600
     552
     560
     591
     600
     592
     534
     564
     593
     586
     584
     589
     581
     559
     583
     565
     553
     535
     649
     696
     741
     809
     867
     825
     732
     655
     623
     531
     579
     575
     546
     562
     591
     520
     597
     605
     545
     595
     552
     613
     622
     668
     807
    1077
    1534
    2138
    2608
    2383
    1564
     851
     625
     546
     547
     543
     514
     569
     566
     526
     506
     570
     532
     524
     499
     529
     556
     516
     478
     487
     528
     523
     477
     495
     505
     516
     533
     537
     513
     522
     499
     546
     571
     546
     579
     564
     489
     531
     554
     542
     478
     517
     507
     439
     516
     505
     490
     466
     470
     480
     483
     479
     539
     536
     531
     518
     586
     563
     502
     497
     508
     489
     498
     506
     504
     501
     500
     510
     489
     506
     446
     507
     513
     495
     515
     483
     502
     500
     446
     467
     462
     457
     524
     494
     502
     486
     469
     496
     456
     497
     465
     505
     417
     494
     469
     516
     484
     511
     542
     554
     534
     532
     489
     470
     488
     492
     498
     442
     501
     477
     488
     484
     453
     467
     432
     431
     496
     481
     513
     557
     602
     610
     667
     558
     545
     471
     462
     475
     448
     490
     447
     466
     482
     486
     425
     513
     530
     447
     467
     463
     456
     466
     459
     510
     451
     484
     468
     481
     489
     420
     474
     413
     479
     480
     477
     466
     441
     448
     434
     432
     467
     424
     497
     493
     524
     562
     596
     753
     651
     564
     508
     455
     462
     445
     493
     507
     477
     462
     456
     448
     481
     465
     483
     473
     453
     446
     444
     440
     453
     471
     469
     450
     451
     421
     444
     426
     432
     480
     455
     463
     455
     456
     454
     460
     400
     470
     483
     422
     460
     485
     429
     449
     474
     463
     459
     442
     500
     469
     427
     418
     460
     429
     468
     432
     437
     447
     447
     465
     467
     483
     452
     444
     470
     431
     468
     498
     425
     446
     470
     449
     459
     443
     435
     472
     428
     468
     466
     468
     423
     472
     493
     461
     444
     453
     476
     421
     438
     450
     456
     464
     503
     452
     411
     460
     465
     462
     436
     443
     418
     464
     429
     480
     383
     448
     406
     449
     433
     432
     470
     472
     414
     422
     446
     446
     450
     483
     463
     423
     444
     471
     463
     435
     455
     457
     460
     492
     457
     455
     426
     472
     452
     479
     450
     489
     471
     400
     412
     456
     450
     473
     438
     422
     433
     461
     469
     475
     409
     464
     412
     455
     464
     460
     450
     497
     432
     471
     469
     468
     472
     472
     472
     494
     488
     480
     472
     480
     481
     477
     532
     488
     506
     502
     519
     515
     547
     483
     517
     508
     479
     474
     491
     452
     454
     442
     429
     400
     442
     403
     400
     374
     406
     380
     395
     426
     400
     378
     415
     416
     373
     380
     422
     403
     347
     419
     398
     417
     455
     476
     520
     551
     580
     604
     570
     444
     426
     407
     389
     371
     411
     426
     419
     387
     384
     392
     423
     431
     421
     397
     410
     412
     386
     417
     400
     404
     394
     413
     387
     381
     389
     407
     421
     423
     411
     408
     404
     399
     399
     350
     354
     389
     396
     401
     443
     426
     393
     402
     396
     436
     367
     387
     402
     366
     408
     396
     384
     422
     382
     396
     373
     408
     408
     391
     431
     386
     391
     427
     367
     421
     408
     407
     410
     403
     384
     392
     380
     394
     393
     415
     397
     346
     387
     388
     388
     442
     403
     412
     362
     391
     389
     411
     411
     405
     402
     376
     389
     379
     389
     408
     348
     391
     407
     386
     405
     399
     375
     403
     398
     402
     402
     439
     453
     397
     378
     398
     399
     389
     441
     433
     451
     412
     487
     534
     510
     534
     518
     517
     436
     446
     424
     416
     448
     405
     434
     424
     396
     379
     431
     424
     466
     442
     427
     431
     428
     402
     368
     427
     433
     408
     472
     425
     412
     448
     427
     455
     440
     495
     525
     438
     441
     397
     429
     386
     398
     420
     378
     430
     430
     393
     389
     400
     423
     423
     444
     400
     418
     419
     414
     408
     387
     454
     409
     396
     418
     452
     429
     414
     444
     400
     415
     419
     406
     419
     423
     412
     390
     402
     404
     432
     394
     408
     375
     420
     401
     420
     439
     408
     437
     465
     424
     420
     419
     429
     378
     445
     399
     402
     404
     425
     394
     370
     418
     464
     437
     387
     401
     419
     405
     449
     394
     400
     416
     383
     424
     389
     381
     397
     424
     427
     378
     385
     395
     394
     420
     417
     405
     365
     399
     341
     356
     365
     343
     388
     353
     358
     341
     348
     308
     348
     346
     363
     328
     315
     366
     332
     353
     352
     370
     392
     408
     436
     448
     462
     461
     403
     366
     385
     330
     287
     319
     307
     305
     324
     320
     354
     289
     297
     260
     302
     353
     356
     371
     417
     456
     504
     608
     647
     631
     537
     383
     307
     314
     288
     284
     302
     273
     271
     295
     271
     272
     306
     296
     294
     280
     282
     297
     267
     283
     302
     273
     271
     304
     310
     275
     268
     315
     301
     282
     282
     318
     268
     248
     269
     285
     314
     256
     279
     268
     252
     247
     243
     299
     294
     276
     244
     282
     270
     272
     248
     249
     253
     284
     256
     283
     278
     278
     272
     285
     265
     281
     240
     267
     258
     278
     243
     275
     264
     274
     263
     232
     263
     253
     286
     252
     270
     248
     272
     243
     245
     256
     254
     272
     240
     252
     257
     239
     258
     268
     237
     255
     257
     242
     273
     277
     309
     290
     345
     377
     443
     585
     708
     798
     993
     902
     612
     389
     288
     282
     228
     247
     247
     244
     262
     237
     226
     230
     242
     228
     247
     246
     222
     219
     235
     204
     216
     219
     201
     205
     211
     193
     221
     205
     215
     227
     233
     222
     202
     215
     216
     227
     208
     219
     211
     229
     197
     194
     223
     202
     206
     204
     198
     198
     193
     200
     213
     226
     196
     199
     181
     205
     203
     209
     212
     229
     197
     199
     207
     192
     214
     211
     194
     214
     209
     196
     191
     194
     200
     196
     200
     215
     183
     207
     192
     209
     217
     195
     190
     189
     183
     190
     196
     189
     191
     164
     170
     200
     188
     223
     206
     176
     183
     162
     194
     200
     214
     209
     212
     231
     269
     246
     231
     192
     191
     196
     190
     185
     170
     154
     186
     179
     189
     180
     175
     210
     169
     182
     183
     170
     210
     185
     173
     193
     171
     189
     194
     193
     173
     186
     188
     175
     177
     188
     172
     197
     185
     185
     170
     188
     204
     170
     167
     177
     174
     197
     184
     194
     176
     192
     187
     186
     202
     196
     175
     170
     196
     179
     173
     180
     186
     182
     183
     158
     186
     173
     173
     175
     181
     183
     155
     177
     172
     167
     172
     173
     179
     190
     179
     180
     214
     238
     236
     224
     199
     199
     187
     170
     203
     174
     182
     161
     180
     192
     177
     193
     179
     168
     197
     198
     226
     211
     275
     302
     338
     405
     532
     651
     853
     913
     895
     622
     398
     230
     185
     195
     167
     177
     184
     167
     187
     166
     170
     183
     175
     173
     161
     167
     182
     163
     182
     194
     169
     202
     185
     169
     205
     211
     219
     228
     188
     184
     190
     156
     201
     175
     168
     191
     177
     198
     165
     177
     160
     210
     192
     205
     168
     188
     201
     205
     200
     255
     256
     355
     448
     588
     708
    1001
    1401
    1939
    2664
    3658
    4533
    4691
    3772
    2261
     946
     424
     202
     202
     200
     182
     221
     183
     152
     194
     179
     156
     160
     175
     198
     164
     174
     163
     150
     167
     188
     174
     144
     173
     159
     153
     163
     149
     162
     159
     159
     159
     151
     168
     167
     161
     144
     141
     165
     160
     157
     156
     147
     148
     153
     162
     153
     143
     165
     147
     165
     168
     168
     165
     160
     179
     199
     218
     221
     223
     196
     185
     193
     147
     139
     136
     158
     146
     158
     166
     151
     149
     145
     163
     140
     158
     168
     157
     151
     142
     173
     176
     148
     147
     132
     161
     150
     144
     149
     131
     141
     148
     148
     150
     138
     147
     147
     135
     152
     159
     161
     159
     169
     139
     173
     149
     156
     148
     156
     147
     137
     147
     144
     155
     136
     153
     154
     141
     144
     146
     154
     127
     133
     150
     149
     146
     162
     152
     147
     142
     154
     120
     161
     148
     146
     140
     162
     148
     141
     121
     170
     144
     157
     155
     150
     147
     156
     127
     152
     138
     153
     157
     123
     140
     138
     156
     144
     136
     171
     142
     145
     142
     142
     153
     139
     148
     154
     128
     152
     143
     171
     158
     140
     147
     146
     156
     134
     120
     121
     132
     137
     149
     174
     156
     126
     154
     158
     153
     138
     143
     137
     137
     146
     139
     159
     142
     132
     140
     144
     112
     119
     137
     134
     137
     130
     124
     132
     142
     129
     139
     128
     129
     129
     148
     149
     124
     128
     141
     146
     126
     148
     139
     143
     133
     127
     121
     137
     141
     134
     144
     137
     140
     132
     124
     163
     130
     131
     145
     122
     129
     138
     130
     156
     148
     161
     143
     143
     138
     143
     150
     152
     144
     163
     156
     145
     133
     135
     127
     143
     120
     124
     129
     137
     139
     139
     148
     139
     115
     140
     130
     130
     120
     133
     124
     121
     142
     121
     144
     127
     133
     135
     105
     139
     141
     126
     140
     131
     140
     119
     136
     133
     135
     131
     144
     145
     135
     133
     150
     126
     144
     144
     136
     142
     117
     115
     124
     139
     123
     123
     134
     118
     128
     139
     128
     108
     120
     100
     119
     138
     122
     116
     126
     122
     128
     140
     136
     141
     112
     121
     123
     123
     145
     129
     118
     127
     134
     100
     131
     125
     112
     110
     132
     136
     129
     135
     129
     111
     101
     125
     125
     105
     129
     114
     100
     112
     126
     123
     114
     128
     114
     144
     113
     136
     118
     133
     103
     113
     124
     123
     133
     141
     128
     121
      93
     112
     138
     114
     116
     125
     109
     125
     125
     105
     111
     133
     128
     136
     100
     109
     122
     118
     132
     109
     129
     126
     119
     132
     115
     115
     117
     115
     134
     101
     122
     116
      96
     109
     105
     101
     119
     117
     113
     110
      98
      95
     119
     111
     113
     101
     129
     120
     113
     122
     113
     108
     106
     111
     123
     126
     101
     109
     139
     103
     105
     100
     106
     117
     119
     112
     115
     114
     115
     116
     112
     107
     128
     111
     103
     127
     107
     107
     118
      99
     104
     110
      95
     113
      96
     114
      90
     121
     134
      98
     104
     111
     113
     109
     108
      88
      95
     108
     104
      98
      96
     119
     125
     101
     120
      91
     107
     111
     102
     115
     112
     104
     106
     103
      92
     116
     108
     105
     112
     110
     107
     106
     122
      96
     114
      81
     109
     125
     109
      98
     118
     109
     110
      99
      92
     114
     100
     103
      97
      98
     118
      99
     115
     110
     101
      86
     113
      97
      84
     108
      92
     112
     109
      82
     110
     108
     107
     116
     103
     104
     110
     102
      88
     108
     113
     109
      97
      96
      95
      90
     111
     107
      97
      92
      88
     104
     113
      93
      88
     115
      92
     100
     111
     108
      87
      77
     110
     102
     121
      97
     116
      99
      97
     114
     106
      95
     119
      91
     121
     126
      93
     118
      93
     100
     113
     115
      99
     117
      97
      99
     100
     121
      89
     108
      96
     110
      99
     100
      93
      88
     106
      99
     104
      87
      81
     104
      93
      91
      89
     108
     113
     112
     110
     109
     108
     106
      86
     105
      91
     102
      96
      96
      83
      93
      93
     109
     106
      98
      83
      90
      94
     102
      97
     113
      94
      90
     103
      97
     103
      85
      82
      80
      93
     100
      77
      96
      81
     104
      85
      79
      80
      89
      95
      82
      92
      91
      76
      85
      84
      80
      88
      99
      86
      72
      97
      89
      72
      89
      89
      80
      69
      83
      82
      93
      85
      74
      95
     110
      79
      74
      93
      87
      74
      84
      78
      88
      74
      98
      73
      67
      84
      73
      93
      77
      64
      67
      80
      77
      61
      87
      72
      73
      86
      75
      86
      80
      82
      87
      69
      79
      93
      71
      68
      83
      69
      80
      80
      75
      75
      74
      84
      84
      77
      70
      77
      87
      71
      69
      71
      74
     102
      72
      81
      72
      69
      76
      72
      80
      84
      71
      79
      59
      68
      77
      66
      74
      73
      66
      92
      75
      94
      80
      77
      72
      91
      95
      99
     110
     131
     175
     171
     237
     241
     304
     305
     277
     202
     150
      89
      78
      83
      84
      82
      79
      79
      73
      67
      65
      56
      81
      73
      58
      69
      77
      78
      93
     117
      95
     107
     136
     137
     167
     143
     131
     115
      93
      77
      71
      81
      71
      72
      70
      63
      69
      45
      80
      63
      78
      68
      71
      65
      70
      74
      62
      80
      56
      66
      69
      56
      59
      55
      53
      60
      67
      60
      72
      56
      59
      66
      64
      63
      64
      80
      73
      68
      60
      53
      60
      77
      44
      64
      56
      78
      52
      70
      63
      63
      55
      50
      48
      63
      68
      54
      60
      56
      50
      63
      62
      59
      50
      74
      61
      61
      60
      58
      60
      61
      58
      62
      58
      62
      64
      55
      44
      66
      62
      55
      58
      54
      46
      60
      52
      55
      60
      59
      53
      46
      42
      55
      49
      52
      66
      63
      45
      46
      41
      51
      51
      55
      52
      52
      54
      60
      59
      53
      61
      51
      47
      53
      57
      54
      49
      45
      47
      52
      53
      42
      53
      41
      45
      49
      44
      48
      54
      42
      53
      49
      60
      45
      54
      51
      50
      55
      42
      55
      50
      37
      46
      39
      54
      44
      50
      56
      55
      52
      50
      42
      43
      56
      59
      41
      53
      59
      43
      36
      42
      49
      38
      52
      47
      55
      46
      45
      54
      42
      43
      54
      43
      47
      46
      41
      35
      47
      42
      47
      54
      46
      39
      45
      39
      51
      49
      40
      49
      47
      48
      44
      39
      54
      54
      41
      44
      58
      42
      53
      47
      43
      58
      39
      58
      50
      43
      45
      50
      53
      44
      49
      58
      56
      55
      48
      55
      40
      60
      51
      39
      44
      41
      54
      46
      50
      64
      58
      67
      67
      71
      58
      52
      51
      57
      52
      49
      46
      42
      29
      31
      40
      45
      46
      43
      47
      67
      49
      43
      47
      32
      43
      43
      41
      35
      44
      47
      42
      53
      37
      35
      36
      45
      46
      55
      51
      46
      37
      33
      44
      46
      41
      39
      33
      47
      47
      39
      50
      37
      39
      65
      55
      76
      82
     104
     117
     118
     167
     200
     258
     319
     403
     448
     531
     442
     349
     192
     107
      72
      41
      43
      44
      31
      37
      45
      37
      35
      40
      36
      47
      37
      59
      52
      32
      46
      36
      20
      38
      42
      44
      37
      31
      43
      33
      41
      36
      43
      42
      31
      50
      41
      33
      41
      33
      34
      47
      45
      37
      35
      40
      37
      40
      36
      29
      40
      41
      32
      44
      30
      27
      40
      29
      31
      36
      30
      33
      34
      37
      37
      30
      32
      37
      31
      25
      40
      48
      31
      28
      29
      38
      30
      38
      37
      34
      30
      28
      27
      35
      35
      35
      54
      31
      37
      43
      32
      41
      52
      30
      29
      33
      20
      35
      27
      41
      40
      32
      41
      22
      27
      27
      39
      23
      41
      36
      42
      33
      38
      40
      29
      29
      21
      29
      42
      28
      37
      37
      30
      29
      41
      25
      31
      35
      32
      29
      22
      31
      34
      41
      30
      23
      21
      33
      19
      32
      36
      30
      36
      34
      22
      28
      40
      27
      31
      35
      24
      33
      33
      25
      22
      34
      37
      38
      25
      31
      31
      28
      19
      33
      20
      24
      29
      30
      37
      21
      28
      33
      30
      36
      28
      40
      31
      28
      25
      25
      29
      29
      38
      40
      24
      27
      44
      40
      36
      40
      40
      44
      31
      38
      35
      44
      20
      24
      23
      30
      32
      29
      29
      38
      30
      21
      14
      21
      23
      25
      22
      30
      26
      25
      23
      25
      28
      27
      33
      28
      43
      35
      29
      29
      30
      45
      42
      58
      66
      49
      56
      62
      49
      33
      26
      38
      26
      21
      32
      25
      31
      23
      27
      24
      22
      30
      22
      34
      28
      23
      16
      25
      18
      31
      34
      20
      21
$ROI:
0
$PRESETS:
None
0
0
$ENER_FIT:
0.095 0.50031
$MCA_CAL:
3
0.09500 0.50031 0.00 keV
$SHAPE_CAL:
3
-0.898383546091 8.9526342793 -25.115346611
$META:
{'istp': ['62ZN', '63ZN', '65ZN', '7BE', '58CO', '61CU', '57CO', '64CO', '56CO'], 'res': 0.05, 'R': 0.2, 'unc_eff': [[0.028787930103945265, -0.2942980340858346, 0.7442515342308331], [-0.29429803408583455, 3.022016856655637, -7.675333967462559], [0.7442515342308331, -7.675333967462559, 19.577835672186247]], 'alpha': 0.9}
