$SPEC_ID:
No sample description was entered.
$SPEC_REM:
DET# 9480
DETDESC# HPGE
AP# Maestro Version 7.01
$DATE_MEA:
10/17/2018 21:47:57
$MEAS_TIM:
3600 3965
$DATA:
0 4095
     600
     661
       0
       0
       0
       0
       0
       0
       0
       0
       0
       0
       0
       0
       0
       0
       0
       0
       0
       0
       0
       0
       3
       5
       3
       5
       4
       3
       1
       3
       4
       1
       6
       4
       1
       3
       0
       1
      19
     125
     614
   10352
   24019
   23652
   23134
   23029
   22655
   22571
   22958
   22638
   22186
   21885
   21729
   21643
   21413
   21589
   20891
   21219
   21050
   20823
   20454
   20483
   20516
   20228
   20102
   20014
   20224
   20009
   19943
   19789
   19845
   19812
   19355
   19745
   19548
   19547
   19334
   19386
   19432
   19553
   20495
   25903
   29046
   19822
   17411
   17540
   17540
   17194
   17347
   17266
   17459
   17224
   16968
   17019
   16797
   16908
   16838
   16785
   16867
   16563
   16714
   16535
   16778
   16515
   16713
   16634
   16511
   16594
   16608
   16585
   16475
   16446
   16342
   16430
   16374
   16869
   16804
   16591
   17238
   17066
   16148
   16313
   16216
   16158
   16099
   15825
   16064
   15987
   16223
   15870
   16212
   16244
   16157
   16820
   19988
   22003
   16976
   15822
   16096
   15914
   15608
   15585
   15532
   15567
   15405
   15674
   15615
   15796
   15546
   15670
   15841
   15874
   15441
   15526
   15706
   15522
   15447
   15493
   15381
   15586
   15620
   15528
   15773
   15634
   15697
   15803
   15845
   15931
   15962
   16276
   16389
   16316
   16394
   16349
   16286
   16095
   16074
   15838
   16007
   16075
   15844
   15644
   15628
   15692
   15971
   15908
   15776
   15717
   15651
   15796
   15617
   15713
   15827
   15766
   15618
   15944
   15911
   15742
   16064
   15913
   15890
   15692
   15911
   16054
   16051
   15905
   16226
   16338
   16187
   16084
   16317
   16543
   16293
   16598
   16436
   16660
   16647
   16662
   16631
   16894
   16914
   16988
   16716
   17009
   16710
   17112
   17085
   17075
   17175
   17000
   16982
   16939
   17009
   16933
   17126
   16998
   16992
   17431
   17279
   17236
   17278
   17556
   20942
   43192
   65744
   35383
   18176
   17148
   17010
   17057
   16948
   17074
   18606
   30645
   53558
   38514
   19411
   16819
   16781
   16588
   16984
   16738
   16949
   16737
   16608
   16978
   16658
   16619
   16606
   16909
   16978
   17434
   20923
   22444
   18251
   16884
   16780
   16927
   16878
   16819
   16762
   16487
   16593
   16791
   16586
   16891
   16706
   16658
   16688
   16749
   16595
   16600
   16906
   16901
   16734
   16764
   16788
   16596
   16862
   16587
   16871
   16473
   16615
   16604
   16621
   16727
   16892
   16727
   16853
   16917
   16698
   16980
   16807
   16715
   17025
   17208
   17377
   17362
   17053
   17149
   17064
   17118
   17125
   16955
   17287
   17164
   17237
   17313
   17324
   17258
   17430
   17691
   17759
   17678
   18106
   18229
   18611
   18634
   18807
   19718
   20275
   21117
   21357
   21952
   22364
   22691
   22935
   23020
   23091
   23291
   23001
   23166
   22880
   23646
   23120
   23204
   23069
   22980
   23257
   22808
   22942
   22972
   22685
   22584
   22525
   22538
   22107
   21983
   21815
   21827
   21581
   21517
   21103
   21031
   20770
   20688
   20468
   20118
   20025
   19951
   19686
   19604
   19340
   19236
   18999
   19081
   18616
   18556
   18370
   18141
   18038
   17699
   17570
   17553
   17292
   17278
   17031
   16738
   16854
   16851
   16737
   16474
   16266
   16103
   16094
   16070
   15843
   15790
   15745
   15631
   15580
   15417
   15440
   15311
   15257
   15199
   15155
   14873
   14957
   14670
   14439
   14373
   14529
   14437
   14159
   14301
   14176
   14413
   14113
   14108
   13838
   14160
   13769
   13903
   13599
   13863
   13600
   13606
   13461
   13494
   13227
   13469
   13317
   13285
   13239
   13136
   13270
   13200
   12952
   12966
   12875
   13091
   12898
   12968
   12821
   12896
   12790
   12470
   12632
   12667
   12515
   12795
   12599
   12506
   12595
   12592
   12494
   12449
   12283
   12307
   12319
   12239
   12180
   12497
   12221
   12358
   12062
   12197
   12128
   11929
   12310
   12185
   11979
   12118
   12609
   14345
   18916
   19257
   14043
   12041
   11765
   12056
   13448
   16341
   17223
   13966
   11921
   11839
   11822
   11715
   11576
   11509
   11551
   11434
   11825
   11559
   11470
   11600
   11499
   11538
   11613
   11624
   11496
   11384
   11491
   11398
   11433
   11533
   11766
   12523
   14711
   15046
   12821
   11561
   11383
   11336
   11368
   11324
   11421
   11454
   11448
   11498
   11374
   11304
   11395
   11427
   11437
   11586
   11471
   11534
   11477
   11261
   11488
   11399
   11358
   11376
   11361
   11465
   11436
   11328
   11427
   11537
   11770
   11544
   11803
   11758
   11547
   11579
   11488
   11753
   11715
   11563
   11789
   12777
   15598
   20736
   19983
   14345
   11968
   11839
   11569
   11823
   11661
   11820
   11979
   11761
   11868
   11698
   11834
   11859
   11643
   11909
   11911
   12197
   11887
   11927
   12076
   11931
   11995
   12008
   11942
   12171
   12008
   12279
   12017
   12052
   12127
   12201
   12210
   12463
   12297
   12592
   12369
   12370
   12311
   12529
   12549
   12694
   12709
   13051
   13086
   12930
   12773
   12842
   12537
   12774
   12802
   12775
   12832
   12874
   13068
   12872
   12965
   13045
   13036
   13148
   13174
   13038
   13189
   13234
   13015
   13260
   13169
   13427
   13335
   13326
   13208
   13566
   13443
   13773
   13659
   13631
   13518
   13652
   13706
   13749
   13795
   13862
   13801
   13988
   13933
   14009
   13932
   13688
   13960
   13760
   13891
   13913
   13896
   13997
   14123
   14074
   13918
   14027
   14067
   13833
   14123
   13952
   14195
   14007
   13695
   13502
   13670
   13458
   13122
   13193
   12829
   12658
   12368
   11912
   11581
   11367
   11079
   10680
   10482
   10291
    9945
    9743
    9545
    9395
    9102
    9147
    8793
    8827
    8812
    8545
    8587
    8760
    9060
    9032
    8489
    8218
    8133
    8127
    7959
    7924
    7663
    7707
    7665
    7731
    7722
    7635
    7386
    7509
    7491
    7232
    7206
    7043
    7118
    7213
    7003
    7041
    7068
    6991
    6823
    6950
    6764
    6699
    6762
    6755
    6802
    6598
    6611
    6539
    6562
    6486
    6368
    6293
    6295
    6292
    6175
    6132
    6284
    6170
    6546
    7202
    7064
    6373
    5926
    5860
    5808
    5755
    5875
    5695
    5680
    5808
    5619
    5471
    5570
    5483
    5510
    5342
    5401
    5346
    5155
    5155
    5335
    5155
    5183
    5187
    5146
    5177
    5139
    5050
    5031
    5098
    4961
    4821
    4879
    4866
    4962
    4832
    4785
    4728
    4853
    5259
    6226
    7683
    7750
    5811
    4654
    4519
    4487
    4437
    4399
    4405
    4392
    4353
    4246
    4225
    4189
    4293
    4045
    4058
    4202
    4012
    4125
    4044
    4174
    4015
    3980
    3912
    3893
    3803
    3843
    3813
    3702
    3846
    3857
    3848
    3747
    3659
    3666
    3617
    3588
    3603
    3627
    3623
    3544
    3501
    3531
    3500
    3553
    3497
    3410
    3357
    3446
    3412
    3299
    3399
    3289
    3221
    3330
    3322
    3260
    3188
    3206
    3181
    3230
    3207
    3270
    3075
    3124
    3117
    3073
    3165
    3088
    3091
    3052
    3067
    3051
    3054
    3071
    3019
    3037
    3118
    3036
    3047
    3101
    3193
    3048
    2975
    2932
    3017
    3143
    3015
    3025
    3059
    3000
    2984
    2962
    2998
    2871
    3045
    3050
    3023
    2901
    2969
    3030
    2956
    3006
    3008
    2973
    2922
    2919
    2933
    2985
    2920
    2834
    2939
    2892
    2946
    2919
    2996
    2974
    2894
    2893
    2832
    2904
    2936
    2966
    2987
    2880
    2990
    2834
    2925
    2910
    2869
    2872
    2791
    2893
    2934
    2888
    2747
    2790
    2887
    2853
    2820
    2873
    2824
    2878
    2788
    2838
    2772
    2863
    2868
    2823
    2992
    2730
    2818
    2868
    2981
    2832
    2785
    2761
    2822
    2858
    2846
    2860
    2839
    2911
    3147
    3556
    4605
    5802
    5678
    4061
    2987
    2974
    2944
    2905
    2963
    2887
    2839
    2844
    2900
    2920
    2968
    2870
    2920
    2939
    2852
    2995
    2955
    2955
    2923
    2921
    3025
    2907
    2939
    3020
    3067
    3023
    3092
    3011
    3033
    3183
    3222
    3199
    3150
    3080
    3132
    3378
    3218
    3374
    3386
    3374
    3339
    3455
    3501
    3479
    3602
    3573
    3600
    3750
    4040
    4036
    4263
    4542
    5007
    6150
    8527
   12885
   21341
   33632
   44846
   60985
   96773
  155000
  227070
  288951
  311033
  282634
  213916
  137918
   78260
   43223
   25352
   16056
   11176
    8494
    6502
    5585
    4947
    4426
    4139
    3958
    3714
    3556
    3471
    3398
    3399
    3259
    3075
    3000
    3028
    2999
    2910
    2784
    2720
    2673
    2687
    2527
    2606
    2491
    2597
    2491
    2515
    2588
    2552
    2407
    2401
    2347
    2304
    2225
    2309
    2211
    2245
    2234
    2217
    2201
    2168
    2124
    2154
    2159
    2012
    2045
    2118
    1988
    2069
    2093
    2051
    2001
    1984
    1937
    1930
    1915
    1990
    1973
    1995
    2037
    2213
    2853
    4135
    7081
   12167
   15110
   11862
    5326
    2374
    1866
    1804
    1796
    1756
    1880
    1789
    1782
    1724
    1708
    1700
    1657
    1667
    1679
    1700
    1626
    1742
    1655
    1641
    1638
    1569
    1622
    1615
    1605
    1692
    1637
    1613
    1698
    1568
    1594
    1678
    1605
    1629
    1523
    1591
    1579
    1576
    1625
    1607
    1604
    1613
    1547
    1655
    1549
    1514
    1576
    1537
    1547
    1556
    1483
    1523
    1454
    1544
    1505
    1589
    1561
    1578
    1517
    1505
    1522
    1463
    1537
    1486
    1535
    1486
    1552
    1479
    1528
    1509
    1458
    1498
    1456
    1514
    1529
    1474
    1549
    1690
    1705
    1717
    1597
    1498
    1523
    1524
    1504
    1495
    1493
    1518
    1583
    1902
    2532
    4200
    7688
   13714
   19812
   18918
    9975
    3613
    1675
    1542
    1506
    1473
    1433
    1478
    1422
    1492
    1468
    1482
    1395
    1381
    1364
    1397
    1359
    1379
    1360
    1291
    1440
    1389
    1367
    1389
    1312
    1345
    1328
    1287
    1309
    1276
    1311
    1323
    1350
    1355
    1254
    1285
    1304
    1307
    1243
    1288
    1248
    1260
    1249
    1260
    1221
    1170
    1181
    1225
    1193
    1192
    1197
    1162
    1181
    1214
    1123
    1191
    1163
    1122
    1193
    1187
    1138
    1100
    1127
    1186
    1163
    1192
    1124
    1114
    1144
    1157
    1156
    1169
    1136
    1121
    1148
    1057
    1092
    1235
    1240
    1388
    1403
    1344
    1187
    1086
    1084
    1070
    1085
    1070
    1008
    1094
    1045
    1046
    1063
    1029
    1079
    1120
    1016
    1062
    1024
    1120
    1004
    1069
     943
     966
    1010
    1035
    1006
    1054
    1054
    1049
     987
    1077
    1134
    1199
    1478
    1857
    2677
    3033
    2513
    1717
    1155
    1081
     981
    1013
     947
    1001
    1010
     990
     976
     994
    1026
     988
     953
     964
     962
     937
     919
     935
     911
     904
     972
     967
     914
     953
     929
    1025
     928
     992
    1015
     943
     960
     946
     892
     953
     864
     898
     917
     952
     925
     972
     933
     970
     948
    1046
     961
    1073
    1048
     990
    1069
    1069
     988
    1012
     947
     944
    1003
     929
     878
     881
     904
     938
     840
     885
     896
     845
     888
     912
     853
     856
     883
     833
     837
     857
     777
     795
     765
     868
     761
     785
     767
     765
     820
     811
     799
     820
     861
     781
     718
     804
     782
     768
     752
     788
     800
     783
     771
     740
     757
     766
     781
     721
     800
     749
     777
     742
     717
     769
     786
     728
     716
     739
     699
     701
     757
     750
     734
     735
     738
     707
     735
     715
     685
     724
     757
     683
     695
     723
     698
     727
     716
     756
     700
     699
     719
     731
     721
     726
     673
     667
     677
     715
     683
     668
     711
     668
     728
     724
     682
     674
     673
     683
     653
     692
     694
     696
     653
     704
     730
     660
     690
     661
     665
     646
     659
     651
     721
     676
     704
     652
     651
     651
     626
     656
     656
     637
     652
     641
     657
     640
     623
     657
     618
     667
     628
     651
     650
     714
     673
     716
     666
     669
     619
     622
     649
     638
     662
     624
     670
     663
     584
     682
     673
     654
     645
     640
     599
     589
     627
     592
     598
     658
     619
     620
     660
     593
     629
     629
     635
     619
     601
     594
     627
     591
     637
     592
     658
     628
     614
     600
     611
     624
     617
     648
     611
     607
     573
     639
     570
     587
     573
     602
     655
     620
     583
     610
     603
     571
     591
     594
     645
     585
     592
     574
     565
     618
     601
     561
     586
     580
     523
     584
     631
     580
     543
     592
     563
     614
     599
     597
     607
     606
     603
     589
     597
     599
     618
     610
     569
     565
     586
     594
     575
     568
     619
     587
     598
     572
     597
     632
     579
     541
     580
     563
     554
     630
     585
     641
     586
     621
     605
     699
     842
    1137
    1617
    2512
    4101
    6260
    8429
    7954
    4943
    2031
     883
     644
     582
     596
     585
     585
     603
     596
     615
     583
     572
     585
     584
     570
     534
     593
     508
     503
     519
     527
     562
     535
     511
     551
     547
     556
     569
     534
     562
     526
     547
     489
     496
     515
     544
     543
     543
     511
     572
     535
     575
     619
     650
     686
     788
     807
     663
     601
     572
     564
     493
     533
     606
     494
     575
     511
     512
     559
     491
     554
     544
     552
     556
     573
     684
     719
     932
    1034
    1242
    1202
     876
     642
     531
     532
     532
     484
     494
     506
     491
     470
     531
     528
     475
     475
     476
     500
     487
     509
     515
     477
     482
     465
     490
     467
     497
     490
     504
     502
     491
     482
     506
     517
     499
     478
     564
     505
     519
     503
     483
     488
     509
     487
     470
     472
     436
     482
     460
     461
     487
     489
     464
     462
     483
     506
     509
     510
     537
     519
     501
     462
     468
     453
     493
     426
     464
     477
     475
     455
     489
     429
     445
     490
     471
     460
     497
     476
     463
     449
     495
     496
     497
     494
     433
     472
     452
     464
     417
     442
     418
     434
     438
     443
     465
     431
     451
     430
     461
     491
     497
     515
     511
     469
     484
     441
     450
     413
     434
     439
     459
     493
     445
     421
     481
     469
     453
     439
     473
     492
     486
     482
     558
     569
     559
     536
     452
     456
     436
     438
     425
     475
     423
     420
     450
     455
     421
     428
     451
     435
     454
     422
     436
     438
     437
     430
     442
     409
     453
     448
     434
     415
     410
     439
     445
     417
     413
     395
     478
     407
     425
     435
     454
     423
     424
     503
     422
     414
     479
     521
     493
     445
     489
     453
     443
     408
     401
     460
     426
     431
     394
     435
     419
     444
     389
     486
     429
     438
     409
     432
     438
     434
     402
     411
     396
     448
     447
     416
     434
     410
     421
     413
     427
     413
     421
     423
     427
     448
     440
     431
     408
     438
     415
     435
     462
     441
     425
     476
     428
     415
     424
     466
     410
     458
     434
     441
     450
     415
     411
     426
     398
     449
     440
     398
     481
     428
     409
     430
     416
     441
     403
     433
     431
     438
     408
     409
     409
     425
     416
     402
     417
     410
     434
     418
     424
     444
     445
     422
     432
     461
     440
     417
     432
     425
     428
     446
     410
     424
     435
     424
     412
     409
     423
     415
     421
     386
     391
     416
     439
     459
     406
     405
     416
     467
     397
     413
     392
     428
     419
     470
     424
     433
     431
     418
     400
     429
     424
     442
     417
     425
     413
     393
     461
     416
     421
     434
     413
     421
     421
     435
     437
     435
     487
     413
     391
     444
     425
     385
     373
     436
     453
     419
     403
     451
     409
     438
     443
     417
     459
     432
     471
     458
     445
     439
     441
     442
     509
     461
     429
     474
     458
     471
     473
     512
     505
     512
     454
     513
     491
     482
     468
     453
     452
     482
     398
     418
     414
     367
     390
     369
     387
     426
     359
     365
     365
     392
     358
     394
     385
     383
     423
     399
     375
     357
     436
     372
     403
     384
     390
     405
     439
     425
     434
     461
     401
     425
     418
     377
     418
     431
     404
     388
     380
     366
     388
     394
     379
     417
     374
     409
     441
     422
     410
     402
     359
     375
     377
     405
     366
     405
     401
     386
     437
     385
     381
     367
     373
     380
     432
     367
     393
     364
     379
     437
     366
     390
     369
     425
     408
     350
     408
     384
     373
     429
     391
     349
     423
     392
     383
     389
     386
     391
     375
     400
     389
     360
     385
     355
     369
     347
     383
     390
     416
     397
     423
     376
     401
     378
     394
     409
     402
     426
     392
     421
     367
     405
     381
     417
     419
     440
     380
     437
     404
     379
     401
     380
     390
     419
     382
     435
     389
     412
     406
     405
     406
     382
     406
     395
     405
     419
     356
     405
     411
     410
     409
     376
     450
     419
     405
     411
     407
     412
     452
     488
     498
     510
     502
     463
     425
     421
     418
     402
     387
     447
     385
     424
     419
     447
     459
     432
     434
     412
     410
     403
     405
     420
     399
     445
     433
     438
     399
     420
     415
     460
     432
     455
     530
     547
     540
     462
     420
     396
     433
     419
     411
     395
     422
     433
     431
     406
     430
     419
     403
     428
     428
     436
     416
     424
     430
     447
     402
     423
     424
     428
     387
     436
     394
     417
     404
     427
     441
     405
     481
     406
     400
     406
     450
     434
     442
     440
     398
     381
     375
     392
     405
     442
     415
     447
     420
     440
     385
     418
     405
     425
     439
     462
     385
     429
     415
     457
     449
     434
     479
     435
     425
     377
     421
     449
     421
     430
     448
     442
     408
     421
     442
     362
     415
     391
     401
     402
     407
     456
     419
     406
     400
     386
     415
     411
     385
     358
     408
     389
     347
     387
     347
     383
     348
     371
     355
     363
     360
     335
     341
     336
     331
     358
     343
     340
     341
     392
     393
     423
     457
     504
     418
     351
     343
     306
     341
     315
     325
     332
     340
     319
     302
     336
     337
     330
     326
     294
     335
     323
     317
     339
     415
     461
     529
     564
     563
     487
     341
     335
     308
     303
     275
     280
     301
     300
     328
     299
     331
     306
     274
     269
     321
     292
     281
     285
     280
     283
     282
     294
     283
     265
     286
     297
     280
     274
     272
     276
     257
     263
     306
     269
     268
     240
     263
     253
     249
     266
     272
     276
     263
     273
     267
     272
     266
     250
     276
     266
     261
     280
     273
     245
     269
     259
     266
     278
     260
     295
     270
     282
     248
     265
     249
     252
     267
     257
     251
     274
     247
     281
     251
     252
     251
     284
     282
     228
     243
     263
     249
     262
     254
     257
     253
     264
     259
     253
     225
     256
     247
     219
     232
     217
     260
     247
     253
     268
     292
     314
     360
     399
     485
     534
     474
     403
     319
     275
     252
     258
     232
     192
     231
     249
     233
     202
     235
     230
     248
     240
     232
     199
     215
     241
     241
     245
     232
     213
     228
     232
     206
     198
     233
     207
     221
     227
     207
     195
     238
     219
     211
     216
     204
     198
     202
     216
     207
     225
     230
     193
     219
     220
     207
     184
     222
     215
     188
     203
     208
     205
     182
     212
     222
     185
     199
     185
     218
     188
     206
     211
     176
     204
     190
     191
     187
     169
     198
     191
     199
     184
     192
     197
     198
     182
     205
     204
     193
     199
     158
     216
     190
     172
     176
     209
     192
     193
     174
     193
     192
     197
     172
     167
     207
     161
     178
     193
     210
     230
     205
     223
     235
     192
     174
     177
     187
     213
     179
     204
     201
     196
     177
     166
     163
     167
     197
     185
     162
     180
     163
     177
     170
     188
     167
     170
     202
     168
     169
     187
     168
     174
     185
     177
     179
     188
     196
     161
     156
     179
     170
     185
     200
     175
     190
     181
     183
     184
     212
     175
     160
     168
     163
     191
     210
     179
     174
     186
     185
     177
     179
     200
     172
     192
     157
     174
     187
     181
     174
     169
     175
     180
     202
     202
     175
     195
     185
     183
     206
     167
     197
     211
     210
     232
     233
     200
     198
     218
     167
     166
     174
     195
     153
     181
     172
     155
     178
     186
     180
     166
     181
     210
     201
     242
     265
     337
     367
     502
     628
     729
     835
     858
     606
     401
     239
     186
     173
     177
     187
     171
     183
     188
     185
     165
     151
     178
     164
     165
     179
     193
     173
     183
     170
     188
     181
     185
     180
     171
     205
     174
     200
     219
     180
     182
     169
     176
     151
     155
     182
     196
     183
     178
     172
     164
     162
     178
     177
     187
     210
     206
     199
     204
     232
     272
     360
     483
     596
     865
    1151
    1512
    2097
    2895
    3984
    4973
    5228
    4437
    2694
    1225
     478
     249
     179
     198
     191
     190
     198
     193
     201
     175
     196
     167
     185
     162
     176
     182
     185
     184
     175
     180
     166
     160
     152
     166
     158
     173
     156
     161
     151
     170
     166
     166
     164
     152
     163
     172
     153
     164
     187
     160
     183
     168
     158
     170
     167
     156
     157
     142
     156
     163
     143
     143
     166
     147
     165
     174
     166
     173
     158
     194
     185
     160
     160
     139
     158
     147
     146
     142
     140
     164
     148
     162
     147
     139
     153
     150
     142
     148
     125
     150
     148
     138
     139
     145
     155
     163
     144
     146
     135
     180
     140
     153
     142
     125
     151
     152
     143
     136
     152
     163
     151
     147
     147
     161
     138
     142
     139
     144
     163
     167
     157
     140
     147
     139
     129
     130
     130
     146
     140
     127
     149
     130
     137
     133
     150
     154
     142
     149
     148
     149
     141
     138
     144
     155
     144
     135
     161
     149
     152
     136
     163
     131
     141
     145
     144
     143
     142
     152
     145
     138
     150
     135
     141
     117
     133
     124
     150
     167
     136
     139
     138
     154
     144
     158
     123
     153
     119
     158
     136
     125
     144
     138
     130
     136
     139
     126
     162
     147
     149
     121
     137
     148
     127
     120
     118
     142
     133
     135
     149
     125
     125
     142
     144
     136
     154
     127
     127
     128
     126
     141
     128
     120
     132
     130
     126
     124
     127
     152
     140
     109
     131
     109
     133
     147
     140
     124
     131
     154
     156
     147
     133
     145
     153
     137
     121
     124
     147
     140
     136
     143
     136
     134
     114
     131
     132
     118
     147
     146
     143
     113
     117
     128
     127
     126
     111
     143
     140
     147
     148
     124
     144
     155
     132
     123
     130
     147
     131
     134
     131
     108
     131
     148
     157
     148
     137
     140
     140
     126
     109
     134
     129
     135
     133
     150
     146
     123
     123
     118
     135
     153
     119
     123
     140
     141
     134
     131
     126
     122
     129
     131
     135
     138
     133
     128
     118
     110
     141
     116
     128
     114
     126
     136
     121
     143
     146
     122
     125
     121
      95
     137
     121
     117
     137
     131
     106
     126
     107
     126
     110
     108
     130
     132
     120
      96
     110
     129
     122
     127
     109
     129
     130
     105
     130
     130
     125
     129
     128
     134
      98
     107
     122
     114
     111
     119
     123
     113
     124
     132
     141
     118
     126
     106
     105
      97
     114
     140
     102
     128
     106
     138
     108
     126
     135
     137
     116
     111
     124
     118
     126
     104
     130
     111
      82
     116
     113
     117
     127
     105
     106
     117
     111
     117
     104
     129
     110
     101
     116
     117
     100
     116
     112
     115
     115
     118
     138
     113
     121
     112
      98
     122
     126
     114
     117
     119
     106
     128
     117
     127
     113
     106
     108
     115
     107
     124
     104
     102
      96
     118
     101
     126
      99
     109
     120
     119
     106
     126
     108
     114
     112
     110
      97
      96
     115
      93
     120
     105
     108
     114
     124
     101
     111
     102
     118
     110
     118
     107
     113
      91
     101
     115
     109
     110
     110
     108
      89
     118
     102
      87
     106
     107
     103
     109
     126
     105
     105
     106
      94
     110
     109
      96
     103
     120
      90
     137
     126
     103
     118
     111
      98
     111
      86
     101
     103
     105
     109
     119
     106
     101
     117
     108
     111
      90
     108
      96
     105
     105
     108
     100
     101
     108
     102
      87
     109
      91
      98
      83
     104
     100
     101
      94
     107
     100
     103
     116
      94
     107
     101
     105
     114
     106
      97
     112
     101
      98
     112
      93
     103
     100
      89
     124
     110
     100
      95
     100
      87
      97
     125
      77
     107
      91
      97
     110
     107
     113
      99
      93
      79
     116
      87
      83
      96
     101
     112
     107
     110
      94
     118
     114
      91
     103
     121
      96
      95
      85
      88
     105
     100
     121
      85
      97
     117
      97
      86
     111
     113
      87
      99
      95
      97
      98
     101
      95
      96
     104
      96
     110
     104
     101
     114
     112
     114
     117
     100
     112
     123
      96
      87
     106
      88
      99
     111
     115
     123
      87
     105
      89
      90
      85
      98
     111
      94
      88
      86
     105
      92
      98
      97
      93
      71
     107
      88
     103
      83
     101
     114
     102
      94
      86
      79
     105
     104
      90
      99
      87
      88
      77
      99
      81
      99
      77
      89
      84
      78
      81
     102
      91
      94
      88
      93
      88
      72
      83
      84
      83
      82
      87
      71
      78
      78
      68
      82
      85
      79
      83
      75
      55
      67
      79
      70
      66
      89
      70
      82
      73
      67
      79
      80
      73
      71
      70
      65
      86
      79
      70
      89
      83
      75
      58
      84
      68
      66
      83
      83
      71
      76
      76
      84
      72
      82
      83
      89
      81
      65
      72
      75
      80
      79
      81
      66
      67
      75
      82
      70
      77
      54
      62
      62
      69
      68
      78
      66
      64
      69
      95
      85
      84
      79
      87
      64
      57
      72
      77
      65
      70
      70
      60
      73
      77
      88
      67
      80
      72
      81
      68
      66
      91
     109
     102
     127
     122
     136
     139
     201
     185
     254
     324
     338
     307
     217
     144
      96
      90
      75
      66
      81
      73
      71
      68
      63
      75
      76
      66
      90
      67
      82
      72
      63
      55
      85
      82
      83
      96
     109
     103
     105
      92
      85
      65
      68
      61
      81
      62
      58
      50
      62
      56
      67
      63
      59
      51
      69
      61
      63
      60
      50
      67
      73
      48
      56
      59
      58
      51
      68
      64
      58
      66
      56
      61
      56
      58
      54
      58
      61
      63
      69
      57
      63
      53
      52
      62
      62
      56
      55
      54
      59
      65
      53
      68
      51
      62
      47
      46
      57
      49
      47
      52
      56
      55
      57
      64
      54
      54
      70
      48
      43
      47
      49
      54
      56
      74
      51
      55
      70
      57
      66
      63
      52
      43
      56
      48
      39
      56
      65
      61
      47
      58
      61
      57
      45
      43
      60
      60
      45
      57
      50
      50
      52
      61
      44
      57
      60
      43
      38
      40
      47
      49
      53
      51
      55
      49
      56
      46
      59
      44
      55
      60
      46
      49
      42
      47
      44
      58
      40
      43
      49
      39
      55
      51
      45
      52
      50
      50
      52
      37
      63
      58
      50
      45
      56
      50
      46
      52
      66
      48
      48
      37
      44
      46
      45
      44
      58
      48
      44
      60
      35
      50
      40
      42
      45
      51
      47
      45
      43
      57
      55
      37
      41
      44
      49
      45
      48
      50
      44
      53
      65
      45
      52
      44
      46
      49
      48
      43
      41
      44
      50
      50
      50
      31
      59
      38
      51
      50
      40
      61
      22
      43
      47
      42
      48
      43
      59
      50
      38
      43
      39
      56
      59
      43
      50
      50
      47
      51
      45
      45
      47
      51
      46
      39
      39
      47
      55
      52
      59
      50
      53
      52
      57
      59
      65
      47
      58
      48
      48
      48
      46
      33
      31
      43
      36
      35
      35
      48
      52
      44
      58
      52
      49
      46
      47
      29
      41
      53
      40
      38
      36
      38
      41
      42
      38
      33
      44
      32
      33
      41
      48
      47
      46
      43
      30
      36
      37
      43
      47
      44
      57
      42
      50
      59
      61
      70
      82
      98
     147
     144
     202
     213
     296
     362
     390
     514
     561
     525
     402
     251
     126
      68
      43
      44
      48
      36
      38
      44
      34
      38
      49
      30
      30
      29
      34
      39
      29
      47
      25
      38
      32
      39
      42
      41
      50
      32
      38
      38
      35
      29
      38
      26
      34
      38
      35
      37
      27
      32
      33
      41
      36
      29
      36
      38
      35
      30
      38
      24
      37
      35
      43
      35
      31
      34
      41
      28
      38
      35
      32
      40
      34
      32
      35
      30
      31
      34
      19
      32
      32
      37
      46
      35
      29
      36
      28
      23
      35
      26
      28
      24
      26
      26
      37
      33
      32
      28
      24
      31
      31
      28
      30
      33
      25
      28
      31
      25
      22
      32
      14
      31
      37
      36
      37
      30
      20
      32
      30
      33
      26
      27
      36
      42
      31
      26
      25
      33
      30
      30
      31
      43
      30
      32
      27
      30
      35
      26
      26
      29
      27
      26
      34
      29
      25
      27
      39
      30
      38
      36
      31
      26
      23
      31
      42
      27
      33
      35
      25
      27
      28
      24
      32
      25
      31
      31
      33
      30
      29
      32
      28
      26
      24
      23
      30
      30
      29
      28
      32
      30
      23
      25
      30
      23
      35
      26
      24
      29
      24
      29
      36
      34
      35
      29
      29
      30
      32
      31
      41
      43
      26
      35
      31
      26
      22
      30
      22
      23
      19
      24
      20
      32
      29
      28
      21
      38
      26
      24
      23
      22
      32
      31
      23
      24
      28
      27
      41
      30
      19
      19
      29
      30
      28
      23
      18
      37
      37
      33
      42
      34
      36
      30
      26
      18
      25
      17
      29
      25
      24
      21
      18
      35
      29
      23
      27
      17
      23
      22
      29
      34
      27
      24
      16
      30
      34
      26
$ROI:
0
$PRESETS:
None
0
0
$ENER_FIT:
0.095 0.50031
$MCA_CAL:
3
0.09500 0.50031 0.00 keV
$SHAPE_CAL:
3
-0.898383546091 8.9526342793 -25.115346611
$META:
{'istp': ['62ZN', '63ZN', '65ZN', '7BE', '58CO', '61CU', '57CO', '64CO', '56CO'], 'res': 0.05, 'R': 0.2, 'unc_eff': [[0.028787930103945265, -0.2942980340858346, 0.7442515342308331], [-0.29429803408583455, 3.022016856655637, -7.675333967462559], [0.7442515342308331, -7.675333967462559, 19.577835672186247]], 'alpha': 0.9}
