$SPEC_ID:
No sample description was entered.
$SPEC_REM:
DET# 9480
DETDESC# HPGE
AP# Maestro Version 7.01
$DATE_MEA:
10/17/2018 02:39:07
$MEAS_TIM:
900 1002
$DATA:
0 4095
     150
     167
       0
       0
       0
       0
       0
       0
       0
       0
       0
       0
       0
       0
       0
       0
       0
       0
       0
       0
       0
       0
       0
       0
       0
       0
       0
       0
       0
       0
       0
       0
       0
       0
       0
       0
       0
       0
       0
       0
       0
       0
       0
       0
       0
       0
       0
       0
       0
       0
       0
       0
       0
       0
       0
       0
       0
       0
       0
       0
       0
       0
       0
       0
       0
       0
       0
       0
       0
       0
       0
       0
       0
       0
       0
       0
       0
       0
       0
       0
      12
      90
     363
    1155
    6474
   10601
   10625
   10723
   10584
   10423
   10374
   10171
   10311
   10325
   10189
   10284
   10053
   10244
   10042
   10006
    9977
    9842
   10027
    9907
    9904
    9930
    9800
    9837
    9923
    9624
    9653
    9725
    9724
    9769
    9544
    9551
    9683
    9676
    9839
    9616
    9660
    9591
    9423
    9446
    9361
    9479
    9666
    9472
    9489
    9365
    9329
    9402
    9511
    9351
    9467
    9675
    9450
    9599
    9589
    9657
    9659
    9649
    9651
    9661
    9644
    9933
   10275
    9910
    9810
   10117
   10872
   10591
    9708
    9526
    9772
    9517
    9741
    9669
    9813
    9755
    9682
    9863
    9847
    9996
   10123
    9947
   10184
   10417
   10360
   10868
   11059
   10680
   10502
   11624
   13591
   11765
   11351
   13991
   14331
   11525
   10864
   10722
   10943
   10952
   11049
   11215
   11425
   11280
   11139
   11441
   11456
   11734
   11627
   11675
   11897
   11969
   11747
   11960
   12125
   12293
   12210
   12461
   12344
   12641
   12560
   12731
   12782
   12931
   12963
   13037
   13269
   13359
   13056
   13252
   13340
   13702
   13475
   13676
   13718
   13743
   13877
   13943
   14032
   14136
   14349
   14466
   14231
   14542
   14627
   14780
   14669
   14982
   15002
   14965
   15203
   16229
   18590
   17917
   19209
   27225
   22346
   15945
   15399
   15340
   15537
   15522
   15282
   15300
   15633
   15572
   15537
   15688
   15800
   15478
   15564
   15619
   15929
   15994
   16085
   16279
   16330
   16511
   17022
   17051
   17162
   17781
   18394
   17883
   17607
   17288
   17300
   17111
   17065
   17049
   16894
   16664
   17208
   16996
   17105
   17039
   16870
   17138
   17091
   17037
   16965
   16680
   16629
   16433
   16365
   16097
   16332
   15948
   16328
   16050
   16340
   16030
   16148
   15651
   15682
   15790
   15529
   15591
   15370
   15505
   15361
   15167
   15070
   14973
   14923
   14917
   14654
   14596
   14771
   14600
   14491
   14516
   14222
   14409
   14074
   13856
   14237
   13900
   13846
   13644
   13473
   13717
   13856
   13581
   13406
   13431
   13523
   13584
   13313
   13266
   13229
   13278
   13207
   13230
   13747
   13993
   13413
   12981
   13062
   13044
   12931
   13029
   13177
   12971
   13009
   13106
   13114
   12886
   13029
   12832
   13013
   13273
   13700
   13291
   13614
   13350
   13244
   12974
   13120
   13159
   12940
   12978
   12930
   12679
   12723
   12679
   12712
   12594
   12603
   12532
   12812
   12687
   12200
   12217
   12166
   12169
   11867
   11978
   11946
   11710
   11764
   11486
   11442
   11484
   11367
   11161
   11220
   10962
   11044
   10971
   10793
   10864
   10724
   10535
   10513
   10303
   10388
   10455
   10579
   10191
    9963
    9860
    9777
    9932
    9866
    9952
   10112
   13419
   33702
   67793
   46213
   15357
    9854
    9419
    9154
    8913
    8944
    8696
    8348
    8473
    8294
    8261
    8239
    8321
    8115
    8003
    8008
    7666
    7776
    7746
    7751
    7706
    7670
    7540
    7488
    7419
    7375
    7504
    7477
    7375
    7165
    7078
    7104
    7330
    7158
    7178
    6822
    7010
    6881
    6849
    6720
    6899
    6740
    6785
    6800
    6697
    6649
    6718
    6596
    6469
    6545
    6427
    6542
    6393
    6359
    6305
    6393
    6424
    6373
    6453
    6327
    6295
    6280
    6360
    6294
    6390
    6194
    6163
    6221
    6230
    6218
    6309
    6111
    6177
    6142
    6257
    6034
    6129
    6146
    6253
    6010
    5926
    6036
    6060
    6020
    6108
    6018
    6123
    5950
    6035
    6055
    6040
    6375
    8234
   14782
   17642
   10627
    6699
    6049
    6051
    6200
    6048
    6100
    5854
    6036
    6116
    6032
    5979
    6064
    6186
    6219
    6478
    6584
    7379
    9532
   22570
   97347
  228475
  173752
   44126
   11837
   10941
   10841
    8062
    6596
    6159
    5975
    5667
    5721
    5569
    5567
    5453
    5364
    5430
    5321
    5160
    5455
    6223
    7016
    6329
    5356
    5230
    5075
    5050
    5106
    5008
    5008
    4928
    5111
    5051
    4960
    4808
    4842
    4838
    4869
    4837
    4871
    4820
    4801
    4579
    4808
    4709
    4796
    4641
    4482
    4774
    4474
    4739
    4587
    4631
    4585
    4659
    4707
    4611
    4667
    4706
    4618
    4646
    4642
    4743
    4933
    5024
    5367
    6982
   15014
   52793
  113266
   87664
   25214
    7296
    5505
    5044
    4807
    4679
    4700
    4778
    4601
    4444
    4271
    4295
    4183
    4073
    4116
    4121
    3995
    4002
    3987
    4092
    3899
    3963
    3990
    3910
    3754
    3801
    3972
    3863
    3732
    3747
    3757
    3822
    3745
    3727
    3696
    3814
    3741
    3755
    3639
    3582
    3634
    3487
    3669
    3638
    3550
    3632
    3593
    3584
    3481
    3589
    3512
    3497
    3407
    3463
    3605
    4128
    4176
    3692
    3449
    3279
    3398
    3351
    3365
    3302
    3307
    3246
    3282
    3324
    3322
    3190
    3351
    3356
    3264
    3159
    3193
    3253
    3196
    3301
    3087
    3223
    3118
    3228
    3188
    3356
    3443
    3266
    3138
    3090
    3104
    3054
    3010
    3010
    2942
    2934
    2956
    2938
    2899
    2852
    2794
    2728
    2839
    2720
    2858
    2753
    2720
    2675
    2808
    2764
    2759
    2765
    2702
    2684
    2722
    2684
    2763
    2754
    2659
    2661
    2751
    2610
    2787
    2581
    2740
    2525
    2640
    2590
    2582
    2681
    2627
    2629
    2678
    2682
    2575
    2555
    2607
    2690
    2490
    2543
    2589
    2576
    2439
    2501
    2452
    2544
    2623
    2514
    2454
    2537
    2537
    2502
    2501
    2503
    2592
    2543
    2502
    2676
    3861
    6329
    7335
    4814
    3005
    2585
    2524
    2400
    2467
    2388
    2539
    2386
    2480
    2462
    2513
    2458
    3000
    3782
    4214
    3292
    2560
    2579
    2441
    2446
    2291
    2395
    2388
    2395
    2363
    2257
    2286
    2335
    2273
    2366
    2351
    2210
    2506
    3054
    3659
    3434
    2727
    2710
    3047
    2730
    2334
    2220
    2184
    2148
    2083
    2111
    2081
    2096
    2035
    2058
    2107
    2094
    2097
    1979
    2140
    2080
    2040
    1994
    2066
    2095
    2076
    2009
    2005
    2000
    1916
    1999
    2018
    1987
    1987
    1822
    1941
    1874
    2005
    1971
    1939
    2017
    1993
    1917
    1905
    1971
    1925
    1957
    1856
    1905
    1879
    1898
    1865
    1784
    1893
    1760
    1727
    1744
    1737
    1708
    1673
    1698
    1617
    1634
    1586
    1544
    1619
    1580
    1640
    1688
    1688
    1726
    1614
    1574
    1543
    1587
    1560
    1738
    1614
    1617
    1509
    1415
    1427
    1527
    1508
    1480
    1488
    1436
    1471
    1450
    1486
    1380
    1455
    1425
    1383
    1386
    1503
    1841
    2610
    2532
    1856
    1438
    1396
    1340
    1434
    1321
    1389
    1328
    1374
    1342
    1358
    1369
    1369
    1340
    1318
    1326
    1378
    1353
    1364
    1246
    1368
    1419
    1575
    1471
    1392
    1277
    1264
    1276
    1258
    1235
    1281
    1240
    1320
    1342
    1456
    1460
    1360
    1261
    1272
    1241
    1253
    1233
    1180
    1160
    1212
    1156
    1199
    1143
    1196
    1216
    1144
    1134
    1161
    1196
    1178
    1154
    1146
    1183
    1286
    1225
    1256
    1218
    1244
    1583
    2504
    3315
    2833
    1722
    1447
    1889
    3711
    5671
    4763
    2645
    1837
    1577
    1423
    1729
    2306
    1861
    1291
    1148
    1130
    1024
    1062
     990
    1040
    1071
    1063
    1065
    1042
    1091
    1049
    1074
    1079
    1091
    1007
    1011
    1059
     987
    1004
     988
    1077
    1028
    1009
     993
     928
     972
     989
     973
     970
     993
     954
     997
    1057
    1209
    1183
    1118
    1061
     964
    1036
    1183
    1352
    1529
    2016
    2248
    2491
    2274
    2052
    1698
    1317
    1208
    1143
    1183
    1151
    1256
    1548
    2503
    6830
   18821
   31161
   24978
    9862
    2816
    1403
    1237
    1203
    1152
    1060
    1071
     980
     986
    1011
     957
    1015
    1009
    1024
     960
     930
    1033
    1199
    1202
    1124
     949
     925
     979
     927
     973
     924
     879
     901
     884
     892
     882
     897
     847
     971
     861
     905
     900
     902
     912
     880
     916
     907
     852
     862
     859
     830
     860
     902
     884
     933
     939
    1192
    1716
    2130
    1884
    1245
     929
     910
     854
     878
     882
     930
     858
     872
     865
     858
     863
     873
     915
     883
     829
     846
     909
     892
     908
     904
     911
     893
     878
     832
     834
     884
     908
     957
     942
     987
    1118
    1151
    1107
     975
     927
     973
     982
    1237
    1784
    2026
    1578
    1131
     961
    1016
    1017
    1217
    1642
    3300
    8854
   17825
   19933
   11616
    3693
    1494
    1179
    1257
    1548
    2743
    6380
   10286
    9046
    4428
    1709
    1122
    1029
     978
     978
     987
     925
     906
     902
     885
     886
     892
     885
     833
     813
     824
     852
     879
     957
     980
     923
     898
     808
     833
     847
     756
     837
     829
     760
     805
     770
     777
     804
     818
     768
     756
     717
     758
     772
     755
     738
     796
     794
     755
     843
     803
     750
     903
     958
    1144
    1923
    3725
    5594
    5892
    6771
   15260
   29411
   33001
   18906
    6133
    1892
    1181
    1018
     990
     879
     928
     893
     837
     791
     809
     792
     689
     744
     737
     746
     671
     651
     694
     683
     657
     649
     615
     660
     659
     689
     898
    1183
    1338
    1130
     771
     618
     677
     645
     638
     667
     597
     605
     554
     578
     615
     625
     627
     581
     577
     583
     608
     590
     545
     585
     556
     598
     576
     606
     643
     518
     601
     535
     557
     542
     543
     498
     532
     511
     491
     525
     525
     503
     488
     496
     538
     497
     516
     484
     543
     492
     505
     485
     489
     472
     443
     493
     458
     471
     486
     482
     528
     525
     487
     524
     500
     496
     460
     481
     465
     500
     450
     450
     497
     448
     442
     458
     437
     463
     507
     440
     464
     459
     460
     484
     501
     549
     703
    1143
    2457
    4350
    5134
    3374
    1391
     651
     476
     460
     470
     445
     428
     452
     440
     412
     435
     390
     389
     384
     406
     393
     375
     418
     412
     378
     378
     357
     411
     392
     376
     367
     399
     384
     393
     388
     391
     436
     441
     592
     805
     902
     694
     450
     384
     350
     319
     370
     328
     374
     339
     359
     326
     347
     346
     316
     367
     322
     319
     324
     299
     353
     338
     352
     331
     340
     346
     344
     314
     314
     340
     335
     296
     313
     306
     339
     334
     315
     281
     289
     328
     300
     276
     294
     308
     280
     290
     291
     301
     291
     280
     296
     295
     317
     264
     301
     319
     306
     306
     288
     303
     301
     283
     285
     279
     273
     309
     360
     472
     718
     793
     616
     402
     279
     291
     260
     272
     229
     291
     247
     269
     260
     281
     253
     260
     279
     320
     325
     332
     338
     299
     296
     255
     267
     224
     227
     223
     254
     228
     228
     247
     265
     229
     248
     263
     217
     220
     293
     292
     274
     285
     244
     223
     221
     257
     235
     215
     205
     222
     227
     211
     248
     220
     243
     200
     234
     225
     200
     227
     221
     218
     246
     236
     237
     264
     263
     280
     250
     253
     208
     210
     206
     208
     207
     184
     196
     211
     216
     212
     215
     223
     202
     201
     215
     186
     256
     254
     243
     254
     231
     197
     210
     194
     201
     215
     205
     199
     209
     218
     215
     224
     246
     228
     260
     268
     299
     276
     339
     452
     602
     650
     532
     368
     292
     248
     293
     437
     584
     707
     511
     378
     285
     285
     367
     431
     690
    1548
    3634
    8061
   12361
   11439
    6003
    2059
     676
     408
     327
     292
     267
     243
     240
     219
     222
     225
     244
     226
     190
     208
     191
     221
     175
     176
     207
     200
     189
     201
     165
     159
     187
     174
     184
     158
     148
     185
     151
     172
     157
     155
     170
     152
     193
     154
     164
     168
     174
     199
     168
     162
     162
     188
     162
     172
     162
     158
     164
     159
     156
     180
     155
     147
     181
     179
     215
     321
     394
     433
     320
     258
     184
     188
     162
     146
     146
     152
     166
     147
     161
     176
     156
     158
     193
     222
     260
     278
     290
     322
     537
    1121
    2608
    4834
    5868
    4281
    1963
     663
     350
     222
     226
     225
     215
     207
     191
     225
     255
     305
     294
     207
     178
     145
     153
     168
     158
     130
     132
     107
     130
     164
     133
     122
     128
     140
     139
     182
     244
     293
     273
     189
     176
     143
     133
     133
     137
     130
     124
     132
     130
     109
     132
     113
     132
     130
     133
     125
     128
     123
     147
     125
     128
     121
     134
     126
     139
     118
     146
     124
     122
     132
     140
     136
     138
     133
     142
     115
     119
     118
     127
     134
     169
     155
     214
     220
     230
     258
     380
     765
    1682
    2847
    3451
    2494
    1300
     492
     254
     245
     277
     265
     195
     167
     116
     124
     117
     122
     104
     134
     109
     112
     132
     113
     113
     130
     102
      90
     111
     103
      93
     106
     119
     107
     102
     105
     105
     114
     105
     115
     117
      87
     125
     103
     107
     112
     104
     123
     121
     120
     157
     144
     137
     116
     104
     102
     107
     103
     102
     113
     105
     101
     110
     111
      95
     115
     144
     126
     174
     222
     413
     884
    1451
    1653
    1283
     649
     275
     161
     133
      95
      97
     118
     119
     101
     112
     105
      91
     104
      98
     103
     103
     104
     124
     131
      94
     110
     101
     107
     112
     115
     128
     125
     102
     100
      84
      93
     105
      96
     101
     124
     114
     171
     159
     156
     133
      91
      98
      97
     102
      94
      76
      85
      86
      95
     102
     100
      98
     106
     126
     100
      98
      89
      90
      99
      97
     103
      83
      78
      66
      87
     105
      80
      84
      73
      95
      87
      79
     100
      83
      88
      93
      89
      87
      76
      84
      74
      80
      72
      81
      79
      93
     103
      84
      98
      81
      81
      70
      84
      85
      56
      75
      91
      79
      60
      69
      75
      81
      94
      94
      82
      93
      88
      92
      97
      82
      80
      89
     113
     145
     230
     335
     398
     333
     166
     143
      83
      79
      78
      84
      70
      74
      74
      79
      66
      85
      70
      61
      73
      83
      67
      83
      63
      65
      72
      71
      62
      67
      67
      65
      64
      69
      64
      76
      71
      65
      80
      77
      83
      92
     132
     127
     104
     103
      76
      78
      61
      59
      72
      44
      70
      69
      73
      63
      58
      62
      66
      67
      64
      65
      83
      69
      65
      68
      57
      56
      60
      52
      71
      44
      57
      62
      45
      56
      60
      63
      54
      53
      63
      70
      66
      70
      55
      62
      54
      53
      55
      55
      49
      62
      57
      51
      58
      58
      57
      51
      50
      58
      54
      58
      60
      41
      55
      72
      56
      44
      70
      57
      55
      60
      49
      55
      60
      48
      55
      49
      57
      67
      41
      55
      46
      63
      52
      54
      40
      58
      47
      52
      43
      37
      56
      35
      48
      40
      40
      48
      47
      47
      44
      37
      42
      53
      46
      58
      46
      50
      54
      61
      62
      79
      73
      67
      47
      45
      56
      47
      49
      44
      35
      44
      47
      46
      38
      47
      42
      39
      52
      50
      51
      44
      46
      43
      60
      50
      58
      99
      85
      82
      72
      49
      56
      34
      38
      37
      33
      45
      51
      39
      33
      43
      49
      40
      47
      42
      38
      41
      37
      40
      41
      42
      33
      45
      36
      36
      45
      41
      45
      50
      35
      51
      40
      33
      41
      39
      39
      54
      34
      38
      31
      21
      52
      33
      39
      50
      34
      34
      45
      36
      35
      50
      41
      39
      27
      32
      26
      33
      40
      36
      27
      35
      29
      42
      32
      46
      39
      54
      28
      35
      28
      28
      38
      25
      42
      39
      31
      34
      33
      35
      38
      40
      44
      30
      27
      22
      26
      25
      32
      28
      27
      33
      35
      26
      46
      47
      37
      43
      46
      48
      28
      41
      29
      31
      24
      32
      21
      32
      35
      47
      31
      36
      34
      25
      38
      30
      31
      27
      31
      28
      38
      25
      28
      27
      21
      24
      40
      26
      27
      27
      38
      27
      30
      22
      28
      36
      33
      24
      25
      36
      30
      30
      35
      27
      38
      38
      21
      33
      19
      35
      30
      24
      22
      26
      36
      19
      32
      25
      35
      33
      30
      24
      29
      28
      26
      38
      32
      24
      42
      41
      50
      52
      81
      86
      63
      65
      38
      29
      32
      40
      20
      29
      35
      43
      33
      41
      33
      28
      47
      75
     121
     197
     385
     439
     461
     301
     140
      68
      38
      32
      33
      30
      30
      42
      25
      27
      47
      32
      25
      21
      34
      38
      42
      35
      28
      28
      29
      25
      24
      29
      23
      22
      27
      38
      33
      32
      34
      17
      30
      36
      30
      43
      35
      49
      70
     109
     131
     178
     152
     117
      91
     163
     147
     122
      80
      61
      37
      36
      25
      34
      35
      42
      38
      51
      60
      50
      55
      70
     100
     183
     342
     574
     724
     676
     430
     212
      96
      66
      46
      39
      32
      28
      27
      29
      27
      31
      34
      32
      31
      35
      28
      21
      35
      25
      25
      29
      28
      23
      29
      32
      23
      16
      30
      23
      24
      20
      22
      25
      38
      28
      26
      24
      31
      24
      32
      35
      27
      27
      35
      27
      22
      25
      32
      29
      27
      28
      29
      21
      29
      39
      43
      73
      73
      78
      65
      41
      30
      21
      18
      16
      19
      30
      24
      21
      14
      25
      31
      18
      16
      28
      26
      16
      21
      19
      18
      31
      21
      34
      33
      25
      25
      22
      15
      27
      21
      20
      28
      47
      58
      85
      78
      75
      61
      37
      39
      19
      25
      22
      13
      30
      19
      17
      17
      23
      24
      23
      28
      18
      16
      25
      23
      26
      18
      24
      17
      25
      24
      28
      23
      27
      21
      22
      31
      15
      27
      22
      22
      23
      23
      19
      19
      13
      24
      18
      18
      18
      26
      25
      27
      23
      21
      19
      19
      19
      16
      13
      15
      25
      20
      28
      24
      14
      22
      17
      20
      19
      23
      23
      24
      24
      22
      28
      24
      12
      27
      19
      14
      14
      27
      33
      32
      41
      20
      24
      27
      24
      13
      15
      14
      11
      21
      27
      20
      22
      28
      22
      22
      19
      20
      17
      17
      23
      18
      25
      13
      23
      13
      29
      24
      18
      16
      19
      22
      20
      22
      23
      25
      19
      19
      27
      14
      18
      31
      29
      23
      22
      26
      28
      27
      26
      32
      40
      53
      56
      49
      40
      23
      10
      26
      25
      22
      14
      26
      14
      31
      19
      19
      22
      24
      18
      25
      18
      14
      23
      18
      16
      22
      25
      17
      15
      26
      16
      18
       9
      22
      23
      27
      16
      27
      17
      17
      14
      22
      18
      30
      20
      23
      15
      20
      17
      20
      26
      21
      26
      19
      16
      33
      20
      13
      24
      20
      17
      17
      19
      20
      22
      22
      26
      22
      18
      19
      26
      30
      16
      18
      27
      12
      26
      22
      13
      34
      17
      20
      21
      27
      28
      18
      29
      26
      25
      15
      14
      19
      19
      25
      17
      21
      20
      20
      25
      13
      19
      29
      15
      20
      21
      13
      20
      25
      26
      18
      15
      29
      17
      13
      22
      22
      25
      16
      26
      17
      19
      14
      21
      23
      18
      17
      18
      16
      21
      16
      19
      21
      14
      15
      13
      13
      17
      21
      23
      27
      14
      19
      21
      18
      18
      13
      14
      14
      23
      16
      16
      13
      23
      22
      13
      19
      16
      18
      15
      16
      18
      17
      14
      26
      10
      20
      16
      15
      17
       9
      19
      13
      14
      16
      15
      14
      20
      17
      18
      12
      13
      16
      10
      23
      11
      16
      15
      15
      14
      13
      19
      16
      10
      12
      12
      14
       8
      12
      21
       7
       9
      10
       9
      11
      10
      17
      14
      19
       5
       9
      16
       7
      17
      14
      13
       8
      12
      21
      12
      17
      13
      10
      16
      16
      11
      11
      14
      11
       8
      14
      14
      13
      10
       7
       9
      11
      14
      14
       8
       8
      11
      23
      10
      14
      11
      14
       9
      10
       6
      11
      13
       9
      12
      11
      10
      12
      14
      11
      12
      12
      10
      13
       8
       9
      11
       6
      13
       5
       6
      11
      17
       9
      21
      17
      13
      12
       7
      12
      15
      18
      32
      30
      27
      41
      25
      30
      16
      15
      18
      11
      14
       8
       8
      11
       7
       8
       7
      15
      13
       8
      12
       8
      14
      11
       9
      17
       6
       2
      10
      14
      10
       6
      10
      11
       6
      12
       9
       9
      10
       8
      10
      12
       9
       7
      12
      19
       7
      12
       7
       7
      11
      15
      17
      20
      46
      65
     109
      99
     102
      74
      49
      15
      11
      12
       8
       8
      12
       4
      12
      13
       7
       2
       6
       9
       4
       5
      10
       8
      17
       8
       9
      11
       9
      16
       7
       8
      14
      11
       5
       7
       5
       4
       7
      11
       4
       4
       8
      19
       9
       9
       5
       8
       2
       7
       3
       8
       4
       6
       5
       4
       5
       7
      13
       6
       7
       3
      12
       9
       7
       5
      13
      10
       5
      11
      28
      33
      35
      27
      18
      17
       6
       5
       3
      10
       8
       3
       6
       6
       6
       3
      11
       4
      10
       2
       3
       6
       7
       4
       6
       5
       4
      11
       2
       2
       7
       4
       4
       2
       4
       4
       9
       2
       4
       3
       6
       7
       6
       0
       9
       8
       1
       7
       2
       8
       4
       3
       6
       5
       7
       5
      16
       7
       6
       8
       8
      11
      11
      11
       8
      15
       6
       8
       5
      10
       5
       6
       1
       2
       5
       7
       4
      11
       8
       4
       3
       8
       6
      14
       7
       3
       5
       4
       3
       6
       2
       5
       5
      11
       2
       7
       4
       5
      12
       8
       6
       8
      15
       8
       7
       5
       4
       4
       3
       7
       3
       3
       4
      10
       8
       7
      16
      10
      20
      45
      36
      22
      23
      14
      12
       8
       5
       5
       5
       2
       5
       5
       6
       5
       3
       4
       3
       4
       7
       2
       4
       4
       4
       3
       6
       4
       5
       7
       5
       3
       3
       8
       0
       1
       6
       5
       8
       3
       1
       7
       1
       3
       8
       4
       8
       5
       5
      10
       9
       5
       9
      13
      11
       9
       9
       6
       5
       7
       2
       4
       9
       8
       2
      15
      15
      27
      42
      65
     123
     202
     288
     359
     362
     294
     196
      75
      27
      16
      12
      18
      10
      12
      12
       6
       6
       4
       7
       7
      10
       3
       1
       8
       3
       8
       7
       4
       7
       7
       6
       3
       3
       2
       3
       4
       3
       5
       4
       0
       3
       3
       6
       8
       4
       1
       2
       3
       3
       3
       4
       4
       2
       3
       0
       3
       3
       3
       2
       3
       3
       4
       4
       5
       7
       2
       1
       7
       4
       9
       1
       2
       3
       1
       4
       4
       1
       1
       4
       5
       5
       4
       3
       4
       3
       1
       3
       6
       3
       2
       5
       5
       0
       3
       3
       1
       0
       3
       0
       3
       4
       2
       4
       4
       1
       2
       3
       5
       1
       5
       2
       0
       3
       0
       0
       2
       0
       1
       2
       4
       4
       0
       3
       2
       3
       2
       2
       3
       2
       3
       2
       1
       1
       3
       3
       2
       1
       1
       3
       3
       1
       4
       1
       2
       4
       4
       3
       2
       3
       4
       1
       4
       0
       2
       1
       3
       2
       2
       1
       5
       2
       3
       1
       2
       1
       2
       4
       4
       2
       3
       1
       1
       3
       1
       2
       0
       2
       3
       2
       0
       0
       2
       2
       0
       0
       0
       4
       0
       1
       1
       3
       3
       2
       2
       2
       2
       3
       1
       0
       1
       2
       2
       1
       2
       3
       3
       1
       2
       3
       1
       3
       1
       1
       1
       1
       0
       1
       2
       1
       2
       1
       1
       1
       2
       1
       3
       1
       1
       1
       1
       3
       2
       2
       3
       2
       5
       1
       3
       0
       1
       2
       1
       0
       0
       4
       3
       0
       1
       1
       0
       3
       4
       2
       4
       2
       4
       0
       1
       2
       0
       1
       1
       3
       3
       3
       0
       3
       0
       3
       0
       1
       2
       0
       2
       1
       2
       1
       2
       1
       0
       1
       4
       2
       3
       0
       3
       1
       1
       0
       0
       0
       1
       1
       1
       1
       0
       1
       0
       1
       2
       0
       1
       1
       3
       2
       1
       0
       0
       1
       0
       0
       1
       2
       1
       0
       2
       4
       2
       2
       2
       0
       1
       1
       1
       0
       0
       2
       2
       0
       1
       0
       3
       2
       1
       2
       3
       2
       2
       3
       4
       4
       9
      15
      25
      36
      48
      47
      20
      18
       8
       4
       7
       1
       4
       1
       4
       1
       1
       1
       1
       1
       2
       1
       0
       1
       0
       3
       0
       0
       1
       0
       1
       0
       2
       2
       1
       2
       1
       0
       0
       3
       1
       2
       0
       1
       1
       0
       1
       0
       2
       2
       0
       0
       0
       0
       2
       1
       1
       1
       2
       1
       4
       1
       1
       4
       4
       5
       7
       8
       4
       0
       0
       0
       3
       0
       0
       1
       1
       2
       1
       2
       1
       1
       0
       2
       1
       3
       1
       2
       0
       3
       1
       1
       1
       1
       1
       1
       0
       1
       0
       0
       1
       1
       0
       0
       1
       3
       1
       1
       1
       1
       3
       0
       2
       2
       0
       1
       0
       0
       2
       4
       2
       2
       0
       1
       0
       1
       2
       1
       2
       0
       0
       0
       1
       2
       0
       0
       2
       1
       0
       0
       4
       0
       0
       0
       0
       0
       1
       2
       2
       1
       2
       3
       0
       3
       0
       1
       1
       0
       1
       1
       3
       3
       3
       1
       0
       1
       0
       2
       0
       0
       0
       2
       1
       1
       2
       0
       0
       2
       1
       0
       0
       2
       2
       0
       1
       2
       1
       0
       2
       2
       0
       0
       0
       2
       0
       2
       1
       0
       0
       0
       1
       0
       0
       1
       0
       3
       0
       1
       0
       1
       0
       1
       0
       0
       3
       1
       1
       2
       1
       1
       0
       1
       1
       0
       2
       0
       1
       1
       0
       1
       0
       2
       1
       0
       2
       1
       0
       1
       2
       1
       1
       2
       2
       1
       1
       0
       1
       0
       0
       0
       1
       0
       0
       1
       0
       0
       1
       0
       1
       0
       1
       1
       0
       0
       0
       0
       0
       0
       0
       1
       0
       1
       0
       1
       0
       1
       0
       1
       1
       0
       2
       0
       1
       0
       1
       1
       1
       0
       0
       1
       0
       1
       0
       1
       0
       0
       3
       0
       0
       0
       0
       1
       0
       0
       2
       0
       1
       0
       3
       1
       1
       1
       1
       1
       0
       1
       0
       0
       3
       2
       1
       0
       0
       0
       0
       0
       2
       1
       0
       0
       1
       0
       0
       0
       2
       0
       0
       1
       0
       1
       0
       0
       0
       2
       0
       0
       2
       0
       0
       1
       1
       0
       0
       1
       0
       1
       0
       1
       0
       0
       1
       0
       1
       1
       1
       1
       0
       0
       0
       0
       0
       0
       1
       0
       0
       0
       2
       0
       0
       1
       0
       0
       0
       1
       0
       0
       0
       1
       0
       0
       0
       0
       1
       1
       2
       0
       1
       0
       0
       1
       0
       0
       0
       1
       0
       2
       2
       1
       0
       1
       1
       0
       1
       1
       3
       1
       1
       0
       0
       1
       0
       1
       0
       2
       1
       1
       2
       0
       0
       0
       3
       0
       0
       0
       0
       0
       0
       0
       0
       1
       2
       0
       1
       1
       1
       2
       0
       0
       0
       0
       1
       1
       0
       0
       0
       0
       2
       0
       1
       1
       0
       0
       0
       0
       2
       0
       0
       1
       0
       0
       0
       0
       1
       1
       0
       0
       0
       0
       1
       0
       1
       0
       1
       1
       0
       0
       0
       2
       1
       1
       2
       2
       0
       1
       1
       1
       1
       1
       2
       2
       0
       0
       1
       3
       0
       0
       0
       0
       1
       0
       1
       1
       0
       3
       1
       1
       1
       1
       1
       0
       0
       1
       1
       1
       0
       1
       0
       1
       0
       0
       0
       0
       1
       0
       1
       0
       0
       1
       0
       1
       1
       1
       1
       1
       1
       0
       0
       1
       0
       0
       0
       0
       0
       1
       0
       0
       1
       1
       1
       1
       1
       0
       0
       0
       0
       0
$ROI:
0
$PRESETS:
None
0
0
$ENER_FIT:
-0.17 0.50021
$MCA_CAL:
3
-0.17000 0.50021 0.00 keV
$SHAPE_CAL:
3
-0.765948053477 7.83958431117 -26.4079756712
$META:
{'istp': ['133CEm', '133CEg', '133LA', '132CE', '132LA', '139CE', '137CEg', '137CEm', '137LA', '135CE', '135LA', '134LA', '132CS', '7BE', '133BAm', '133BAg'], 'res': 0.05, 'R': 0.2, 'unc_eff': [[0.024053508436386758, -0.2517435071854035, 0.6502498581753428], [-0.25174350718540356, 2.65027007823169, -6.882714286693032], [0.6502498581753429, -6.882714286693032, 17.966849727438788]], 'alpha': 0.9}
