$SPEC_ID:
No sample description was entered.
$SPEC_REM:
DET# 9480
DETDESC# HPGE
AP# Maestro Version 7.01
$DATE_MEA:
10/17/2018 02:57:24
$MEAS_TIM:
900 900
$DATA:
0 4095
     150
     150
       0
       0
       0
       0
       0
       0
       0
       0
       0
       0
       0
       0
       0
       0
       0
       0
       0
       0
       0
       0
       0
       0
       0
       0
       0
       0
       0
       0
       0
       0
       0
       0
       0
       0
       0
       0
       0
       0
       0
       0
       0
       0
       0
       0
       0
       0
       0
       0
       0
       0
       0
       0
       0
       0
       0
       0
       0
       0
       0
       0
       0
       0
       0
       0
       0
       0
       0
       0
       0
       0
       0
       0
       0
       0
       0
       0
       0
       0
       0
       1
       1
       1
     107
     367
     381
     365
     353
     341
     351
     333
     373
     353
     357
     365
     385
     356
     337
     336
     334
     392
     350
     350
     338
     315
     362
     322
     339
     330
     308
     337
     320
     361
     343
     334
     318
     342
     339
     342
     369
     336
     324
     356
     323
     330
     352
     314
     346
     318
     370
     333
     331
     336
     309
     336
     365
     342
     314
     332
     318
     336
     342
     350
     339
     321
     412
     364
     329
     349
     361
     392
     372
     312
     300
     317
     332
     370
     352
     341
     364
     361
     344
     376
     338
     349
     373
     413
     379
     381
     410
     368
     344
     417
     466
     461
     381
     463
     557
     422
     386
     351
     393
     396
     370
     384
     367
     417
     419
     391
     390
     378
     421
     411
     412
     406
     415
     419
     418
     414
     396
     386
     424
     429
     409
     406
     439
     463
     407
     473
     451
     418
     439
     433
     467
     426
     461
     469
     467
     480
     460
     480
     511
     504
     480
     492
     462
     488
     448
     483
     508
     495
     452
     506
     486
     569
     623
     645
     567
     864
     885
     569
     560
     486
     492
     560
     528
     504
     523
     533
     546
     527
     499
     535
     500
     535
     536
     512
     564
     550
     554
     544
     608
     558
     581
     571
     616
     622
     575
     618
     558
     599
     570
     571
     589
     571
     620
     566
     580
     521
     533
     552
     588
     546
     540
     549
     515
     545
     549
     548
     504
     530
     526
     516
     505
     508
     440
     487
     493
     469
     474
     449
     452
     482
     486
     472
     464
     439
     426
     430
     442
     431
     415
     466
     411
     443
     453
     419
     447
     451
     452
     442
     395
     421
     422
     396
     411
     439
     432
     410
     422
     416
     423
     404
     369
     392
     397
     388
     432
     453
     456
     389
     452
     394
     412
     399
     393
     376
     393
     393
     393
     377
     388
     364
     401
     381
     395
     405
     398
     355
     367
     380
     385
     397
     314
     369
     365
     360
     385
     368
     368
     367
     335
     360
     374
     404
     345
     341
     375
     385
     377
     370
     360
     308
     366
     336
     362
     311
     319
     374
     344
     349
     344
     316
     316
     346
     313
     365
     324
     341
     328
     295
     343
     355
     292
     317
     311
     303
     333
     310
     329
     390
     807
    2275
    2280
     645
     304
     275
     258
     299
     288
     273
     276
     290
     292
     280
     285
     299
     302
     276
     254
     278
     282
     248
     268
     276
     276
     269
     266
     289
     293
     269
     277
     281
     255
     278
     267
     293
     242
     269
     237
     260
     265
     251
     260
     251
     224
     233
     275
     267
     243
     257
     226
     241
     267
     251
     233
     228
     220
     256
     251
     263
     266
     239
     264
     219
     244
     237
     258
     270
     256
     258
     253
     239
     259
     269
     239
     259
     228
     233
     262
     250
     235
     211
     224
     249
     254
     230
     221
     242
     238
     251
     229
     241
     229
     226
     267
     313
     750
    1312
     813
     315
     247
     216
     208
     195
     204
     190
     199
     224
     192
     209
     193
     200
     219
     213
     217
     231
     263
     520
    2194
    7378
    8086
    2280
     308
     220
     346
     249
     189
     155
     161
     157
     150
     158
     150
     154
     148
     148
     153
     123
     164
     189
     246
     235
     168
     133
     143
     148
     130
     153
     152
     136
     139
     162
     135
     154
     148
     147
     144
     130
     145
     159
     138
     132
     152
     146
     145
     120
     133
     144
     124
     128
     120
     142
     126
     131
     132
     119
     123
     120
     125
     134
     120
     127
     149
     141
     175
     201
     346
    1275
    3752
    3971
    1192
     188
     112
      90
     108
     119
     127
     131
     109
     105
     107
      91
      98
     121
     105
     116
     104
     101
     107
     105
     102
      91
      99
     105
      88
     101
     122
     112
     112
     107
     113
     107
     105
      86
     104
     114
     101
     127
     119
      99
     122
     116
      98
     100
     105
      79
      96
     107
     100
     109
      87
      95
     108
      91
     123
     154
     187
     142
      90
     104
      84
     111
      94
     103
     113
     105
      86
     112
      92
     101
     123
      87
      96
      96
     104
      88
     134
     113
     101
     114
      91
      84
     113
     115
     102
     103
      99
      91
      89
     112
      94
      94
      94
      91
      93
     100
     111
      94
     121
      87
      89
      97
      87
      96
      87
     100
      95
      89
      93
      80
     108
      86
      89
      95
      94
      69
     109
      82
      93
      91
      91
      91
      95
      87
      93
     100
      94
      64
      79
      87
      93
      87
      86
      87
      95
      94
      92
      99
      83
      79
      94
      81
      79
      81
      90
      81
      78
      82
      99
      90
      89
      69
      85
      89
      99
     119
     131
     215
     297
     194
      95
      74
      82
      91
      79
      75
      80
      89
      99
      65
      84
      98
      89
     133
     155
     120
      81
      77
      68
      83
      89
      94
      90
      82
      80
      75
      71
      75
      87
      93
      72
      74
      78
     108
     120
     138
      95
      87
     111
     117
     105
      78
      87
      77
      74
      73
      70
      74
      68
      67
      70
      75
      64
      78
      68
      68
      73
      67
      66
      86
      73
      73
      64
      75
      57
      77
      82
      73
      69
      84
      73
      94
      62
      73
      75
      69
      58
      66
      68
      72
      67
      69
      78
      54
      67
      67
      67
      75
      65
      66
      56
      61
      49
      66
      62
      58
      68
      64
      53
      58
      59
      49
      68
      66
      83
      61
      61
      53
      63
      70
      52
      64
      67
      77
      43
      59
      57
      55
      55
      58
      56
      58
      53
      48
      55
      46
      48
      50
      56
      52
      42
      96
     132
     182
      89
      60
      66
      48
      53
      54
      67
      67
      66
      49
      48
      51
      60
      50
      49
      63
      59
      46
      60
      52
      63
      51
      63
      70
      51
      43
      58
      46
      41
      51
      52
      47
      62
      56
      78
      57
      49
      56
      56
      49
      37
      34
      41
      55
      47
      41
      37
      50
      48
      38
      40
      55
      36
      47
      35
      31
      60
      41
      47
      56
      58
      58
      47
      48
      70
     123
     125
      79
      73
      74
     125
     189
     198
     111
      85
      64
      56
      81
     140
     109
      62
      38
      27
      44
      48
      35
      42
      41
      41
      32
      33
      37
      39
      46
      44
      46
      30
      41
      43
      40
      47
      42
      43
      36
      40
      36
      40
      42
      44
      39
      44
      40
      44
      35
      38
      40
      45
      45
      58
      43
      36
      37
      49
      47
      55
      87
      82
      88
      69
      62
      53
      46
      32
      43
      36
      51
      46
      85
     194
     539
    1131
    1103
     449
      99
      21
      40
      38
      37
      38
      33
      31
      33
      24
      31
      38
      31
      30
      34
      22
      39
      44
      33
      38
      34
      34
      38
      26
      34
      29
      27
      35
      33
      33
      35
      27
      35
      41
      35
      32
      36
      34
      25
      40
      33
      24
      36
      22
      30
      45
      20
      30
      28
      24
      28
      54
      48
      87
      83
      47
      31
      22
      31
      28
      36
      32
      42
      24
      29
      34
      32
      40
      45
      32
      29
      24
      29
      32
      27
      24
      27
      41
      32
      31
      28
      36
      30
      31
      38
      25
      36
      46
      39
      28
      42
      41
      30
      42
      48
      75
      54
      35
      38
      42
      41
      35
      59
     104
     234
     596
     768
     508
     168
      47
      42
      32
      44
      81
     183
     360
     334
     190
      65
      31
      28
      35
      27
      27
      30
      26
      20
      25
      38
      31
      26
      31
      30
      26
      34
      24
      24
      29
      31
      25
      31
      36
      31
      39
      28
      32
      21
      28
      21
      20
      17
      21
      23
      24
      21
      31
      29
      22
      20
      24
      15
      23
      28
      28
      22
      27
      30
      44
      61
     124
     205
     240
     219
     456
     992
    1370
     857
     269
      45
      22
      24
      29
      11
      22
      21
      17
      19
      15
      21
      20
      23
      30
      25
      15
      19
      15
      16
      18
      18
      18
      20
      20
      19
      22
      43
      45
      43
      31
      24
      23
      11
      18
      11
      18
      13
      25
      21
      16
      19
      15
      23
      23
      24
      14
      21
      21
      15
      14
      14
      19
      13
      15
      12
      15
      17
      13
      10
      17
      19
      23
      11
      12
      16
      20
      17
      12
      19
      12
      13
      13
      15
       7
      18
      17
      12
      22
      17
      10
      13
      10
      11
      11
      18
      13
      16
      18
       8
      12
      29
      20
      13
      13
      15
      12
      14
      13
      19
      13
      19
      18
       9
      10
      10
      13
      14
      13
      21
       8
       9
      13
      46
      63
     151
     191
     146
      55
      23
      14
       9
      13
      10
       4
      16
      16
      18
      15
       6
      11
       9
      12
      10
      12
       7
       5
      11
       8
      21
      16
      14
      15
       8
      10
      20
      15
      10
      10
      10
      18
      19
      31
      23
      25
      16
       8
      15
       6
      12
       9
      16
      11
      16
       5
       8
       3
      13
       3
       7
      14
       5
      10
      16
       9
       7
      15
       7
      20
      12
       8
       7
      12
      18
       7
       9
       7
      15
       5
      11
       3
       8
       7
      10
      11
       8
      10
       9
       4
      12
      10
       9
       7
       8
      10
      11
       8
      10
      12
      10
      13
      13
      12
       6
       5
       9
       7
      10
       8
       9
      18
      29
      24
      27
       8
      11
       5
       4
       8
       6
       7
       9
       7
       7
       7
       4
       5
       5
       9
      13
      15
      10
      13
       8
       7
       6
       8
       6
       8
       7
       9
       5
       7
      10
       9
       7
       8
       5
       5
       9
       7
       7
       8
       4
       7
       3
       7
      13
       2
       6
       6
       2
       9
       3
       2
       9
       6
       6
       5
       8
       8
       6
       8
       8
      10
       7
       8
      14
      16
       4
       3
       7
       4
       3
       6
       5
       7
      11
       5
      10
       2
       5
       8
       3
      12
       5
      12
       5
       8
       9
       5
       4
       7
       6
       5
       8
       9
       8
       5
       4
       7
       5
       7
       3
       7
       7
       8
       6
      11
      10
      11
      26
      27
      24
      12
      12
       9
      10
       6
      16
      21
      25
       9
       6
       8
       5
      15
      27
      46
     120
     267
     460
     463
     262
      89
      18
       9
       3
       7
       4
       4
       4
       3
       3
       6
       5
       3
       6
       3
       1
       4
       6
       4
       3
       5
       4
       4
       4
       2
       3
       2
       4
       3
       4
       3
       2
       0
       2
       3
       5
       4
       4
       0
       6
       3
       4
       3
       9
       8
       2
       3
       5
       1
       2
       2
       1
       3
       4
       6
       5
       5
       8
       5
       6
      13
      20
      24
      13
      13
       6
       5
       4
       6
       5
       7
       8
       2
       3
       2
       2
       7
       7
      10
      18
      11
      13
      10
      14
      31
      94
     169
     241
     204
      84
      28
       9
       7
       5
       7
       3
       7
       4
       3
      10
       8
       8
       9
       4
       4
       5
       2
       2
       3
       3
       2
       1
       2
       1
       1
       1
       4
       2
       2
       6
      10
      12
       6
       7
       3
       4
       3
       4
       2
       4
       0
       2
       3
       4
       2
       6
       5
       4
       4
       1
       5
       1
       4
       2
       4
       2
       2
       6
       4
       5
       5
       5
       3
       3
       2
       2
       6
       0
       7
       4
       2
       3
       3
       6
       5
       7
       5
      13
       8
      12
      23
      50
      92
     112
     110
      42
      14
       8
       8
       7
       5
       6
       3
       2
       5
       2
       4
       2
       4
       4
       2
       3
       6
       2
       1
       3
       0
       3
       3
       3
       4
       4
       3
       5
       1
       0
       2
       3
       0
       0
       5
       0
       4
       3
       7
       5
       0
       2
       2
       5
      10
       1
       1
       2
       3
       2
       4
       1
       5
       1
       1
       4
       4
       3
       5
       4
       5
       7
      16
      18
      24
      47
      55
      59
      24
      14
       1
       6
       5
       0
       4
       2
       1
       0
       3
       2
       1
       0
       5
       1
       4
       8
       3
       8
       3
       1
       2
       2
       2
       5
       4
       7
       4
       3
       1
       2
       4
       2
       3
       8
       9
       7
       9
       2
       2
       3
       4
       2
       2
       5
       0
       1
       9
       3
       3
       1
       1
       2
       4
       4
       3
       1
       1
       2
       3
       4
       2
       3
       4
       2
       4
       3
       0
       4
       3
       2
       1
       3
       0
       1
       1
       2
       3
       2
       1
       2
       3
       4
       5
       3
       2
       5
       4
       6
       3
       3
       3
       2
       2
       4
       1
       1
       3
       2
       0
       3
       3
       4
       2
       2
       1
       0
       5
       2
       2
       1
       4
       9
       6
      15
      14
      13
       6
       3
       6
       3
       0
       3
       1
       3
       5
       2
       3
       1
       0
       2
       5
       0
       1
       2
       1
       5
       1
       1
       3
       1
       2
       3
       1
       1
       1
       2
       6
       2
       2
       2
       2
       7
       5
       1
       2
       4
       3
       3
       2
       1
       2
       1
       1
       3
       2
       1
       2
       1
       2
       3
       2
       3
       2
       3
       1
       4
       2
       1
       0
       4
       1
       0
       2
       0
       5
       1
       2
       3
       2
       1
       0
       3
       1
       3
       3
       2
       0
       0
       0
       0
       1
       0
       2
       3
       2
       0
       5
       1
       1
       2
       5
       1
       2
       2
       0
       1
       4
       4
       0
       1
       4
       1
       0
       2
       0
       1
       0
       0
       3
       1
       2
       0
       1
       2
       2
       1
       1
       3
       1
       1
       2
       1
       1
       2
       3
       3
       1
       2
       2
       1
       1
       3
       0
       0
       3
       2
       1
       3
       0
       2
       1
       7
       2
       3
       2
       2
       4
       1
       0
       4
       2
       0
       4
       1
       2
       2
       1
       1
       2
       0
       2
       2
       2
       1
       1
       2
       4
       3
       5
       5
       2
       2
       2
       0
       1
       1
       1
       1
       0
       1
       0
       1
       4
       2
       1
       1
       1
       1
       2
       1
       3
       0
       1
       1
       0
       1
       0
       2
       2
       2
       1
       0
       2
       2
       1
       0
       0
       2
       2
       0
       1
       0
       3
       0
       2
       0
       0
       0
       3
       0
       3
       1
       0
       0
       2
       2
       0
       0
       1
       3
       1
       0
       3
       2
       2
       1
       3
       4
       2
       0
       0
       0
       1
       2
       0
       1
       3
       1
       1
       2
       1
       0
       0
       3
       2
       0
       0
       2
       3
       0
       2
       1
       0
       0
       1
       1
       0
       0
       0
       0
       1
       0
       0
       2
       0
       1
       1
       1
       1
       2
       3
       1
       2
       2
       2
       1
       1
       2
       0
       0
       1
       2
       1
       1
       2
       0
       0
       1
       2
       5
       1
       0
       0
       1
       0
       1
       0
       0
       1
       4
       2
       1
       0
       1
       0
       4
       0
       2
       1
       2
       2
       0
       0
       1
       0
       1
       1
       2
       5
       0
       0
       1
       1
       2
       1
       2
       4
       0
       1
       1
       2
       4
       4
       8
       2
       3
       2
       0
       1
       4
       1
       1
       3
       0
       2
       0
       2
       2
       1
       0
       4
      12
      15
      11
      18
      12
       3
       2
       3
       2
       4
       1
       0
       0
       0
       0
       4
       3
       2
       3
       0
       1
       4
       0
       1
       3
       1
       3
       1
       1
       0
       2
       1
       0
       0
       0
       2
       1
       0
       1
       1
       5
       3
       3
       3
       3
       3
      10
       9
       5
       2
       5
       9
       2
       6
       2
       2
       0
       2
       1
       1
       1
       1
       6
       1
       0
       3
       0
       5
      11
       9
      23
      33
      23
      18
       5
       3
       1
       0
       1
       1
       2
       1
       0
       1
       1
       2
       0
       2
       5
       3
       2
       1
       1
       2
       2
       2
       0
       1
       2
       2
       0
       2
       0
       1
       0
       0
       2
       0
       0
       0
       0
       1
       0
       2
       0
       1
       0
       2
       0
       1
       0
       0
       2
       1
       0
       0
       1
       0
       0
       5
       2
       2
       3
       6
       2
       0
       3
       1
       1
       2
       1
       2
       2
       0
       0
       1
       1
       1
       1
       2
       2
       0
       1
       0
       3
       2
       2
       2
       0
       0
       0
       0
       0
       2
       4
       2
       1
       1
       1
       3
       3
       0
       1
       0
       3
       2
       2
       3
       1
       1
       2
       2
       2
       1
       1
       1
       1
       0
       2
       1
       1
       0
       2
       2
       1
       1
       0
       1
       4
       0
       2
       1
       2
       1
       0
       3
       3
       1
       0
       0
       3
       1
       1
       1
       0
       1
       0
       1
       1
       1
       1
       3
       0
       0
       1
       1
       2
       2
       1
       3
       0
       2
       3
       0
       2
       0
       1
       1
       0
       1
       2
       0
       1
       0
       0
       0
       2
       0
       0
       4
       2
       1
       1
       1
       3
       0
       1
       4
       4
       0
       1
       1
       1
       0
       0
       1
       1
       1
       0
       1
       0
       0
       1
       0
       1
       1
       0
       1
       1
       1
       1
       2
       0
       1
       1
       2
       2
       0
       2
       2
       6
       0
       0
       2
       1
       2
       0
       1
       0
       1
       0
       1
       3
       3
       1
       1
       0
       1
       1
       1
       1
       1
       1
       1
       0
       2
       1
       1
       0
       1
       0
       1
       1
       3
       1
       1
       0
       0
       2
       1
       1
       1
       0
       0
       1
       1
       1
       1
       1
       0
       1
       1
       2
       2
       0
       1
       1
       1
       1
       2
       0
       1
       1
       1
       1
       2
       1
       1
       1
       2
       0
       0
       0
       2
       0
       0
       2
       1
       3
       2
       1
       1
       1
       2
       0
       1
       0
       1
       0
       2
       1
       0
       1
       1
       1
       0
       1
       2
       3
       0
       0
       3
       1
       1
       1
       2
       2
       2
       2
       0
       0
       2
       0
       0
       2
       3
       0
       0
       1
       0
       2
       0
       3
       2
       2
       2
       1
       2
       2
       1
       0
       2
       0
       1
       2
       1
       1
       1
       2
       1
       0
       0
       2
       1
       3
       0
       1
       1
       1
       1
       0
       0
       0
       1
       1
       1
       0
       2
       3
       2
       2
       1
       0
       0
       2
       0
       0
       0
       1
       2
       1
       2
       3
       3
       1
       0
       0
       0
       2
       2
       1
       0
       1
       2
       2
       0
       0
       2
       0
       2
       0
       2
       1
       0
       0
       0
       2
       0
       1
       2
       0
       3
       0
       0
       1
       1
       0
       1
       2
       0
       0
       4
       1
       1
       1
       2
       2
       1
       0
       0
       1
       0
       0
       1
       1
       1
       0
       2
       1
       0
       3
       1
       2
       1
       1
       1
       0
       0
       0
       0
       0
       1
       3
       1
       0
       0
       0
       0
       1
       0
       2
       1
       1
       1
       1
       3
       2
       0
       0
       2
       1
       0
       0
       3
       1
       1
       0
       1
       0
       1
       1
       0
       0
       2
       0
       0
       0
       1
       0
       0
       2
       0
       1
       2
       1
       0
       3
       0
       1
       0
       0
       1
       0
       0
       2
       1
       2
       1
       1
       0
       0
       1
       0
       1
       0
       1
       0
       0
       1
       0
       0
       1
       1
       0
       0
       0
       0
       0
       0
       2
       1
       0
       1
       1
       0
       1
       1
       0
       0
       0
       0
       0
       0
       2
       1
       1
       1
       2
       1
       0
       1
       0
       2
       1
       1
       0
       5
       1
       3
       2
       1
       0
       1
       0
       1
       0
       0
       1
       0
       0
       0
       1
       1
       1
       0
       0
       0
       0
       1
       1
       1
       0
       0
       3
       0
       0
       0
       0
       0
       0
       0
       0
       0
       1
       1
       0
       0
       1
       0
       1
       1
       0
       0
       0
       1
       0
       0
       1
       1
       0
       0
       0
       0
       0
       0
       0
       1
       0
       0
       0
       2
       1
       0
       1
       0
       3
       1
       1
       1
       1
       1
       0
       1
       0
       1
       0
       0
       0
       1
       0
       0
       0
       0
       0
       1
       1
       0
       0
       0
       0
       0
       0
       0
       0
       0
       0
       0
       0
       0
       0
       0
       0
       0
       0
       1
       0
       0
       1
       0
       0
       0
       0
       1
       0
       0
       1
       0
       0
       0
       0
       0
       1
       0
       0
       0
       0
       1
       1
       1
       1
       0
       1
       1
       0
       0
       0
       0
       0
       0
       0
       0
       0
       1
       0
       0
       0
       0
       0
       1
       0
       0
       0
       0
       1
       1
       0
       0
       0
       0
       0
       1
       0
       0
       2
       2
       0
       1
       0
       0
       0
       0
       1
       0
       0
       0
       1
       0
       0
       2
       0
       0
       3
       1
       1
       3
       3
       1
       0
       0
       0
       0
       0
       1
       0
       1
       0
       0
       0
       0
       0
       1
       0
       0
       1
       0
       0
       0
       0
       0
       1
       1
       1
       0
       0
       0
       0
       1
       0
       0
       1
       0
       0
       0
       0
       0
       1
       0
       0
       0
       0
       0
       0
       1
       2
       1
       1
       0
       0
       0
       1
       0
       0
       0
       0
       2
       0
       1
       0
       0
       0
       3
       6
       9
      14
      25
      15
      22
      20
      17
       6
       2
       2
       0
       0
       0
       1
       0
       0
       0
       0
       0
       0
       0
       0
       2
       0
       0
       1
       0
       0
       0
       0
       0
       1
       0
       0
       1
       0
       0
       0
       0
       1
       0
       0
       0
       0
       0
       0
       0
       0
       0
       0
       0
       1
       0
       0
       2
       0
       0
       0
       1
       0
       0
       0
       0
       0
       0
       0
       0
       1
       0
       0
       0
       0
       1
       0
       0
       0
       0
       1
       0
       0
       0
       0
       0
       0
       0
       0
       0
       0
       0
       0
       0
       0
       0
       0
       0
       0
       0
       0
       0
       0
       0
       0
       0
       0
       0
       0
       0
       0
       0
       1
       0
       0
       0
       0
       0
       0
       0
       0
       0
       0
       0
       0
       0
       0
       0
       0
       0
       0
       0
       0
       0
       0
       0
       0
       0
       0
       0
       0
       0
       0
       0
       1
       0
       0
       0
       0
       0
       0
       0
       0
       1
       0
       0
       0
       0
       0
       0
       0
       0
       1
       0
       0
       0
       0
       0
       0
       0
       0
       0
       0
       0
       0
       0
       0
       0
       0
       0
       0
       0
       0
       0
       0
       0
       0
       0
       0
       0
       0
       0
       0
       0
       0
       1
       0
       0
       0
       0
       0
       0
       0
       0
       0
       0
       0
       0
       0
       0
       0
       0
       0
       0
       0
       0
       0
       0
       0
       0
       1
       0
       0
       0
       0
       0
       0
       0
       0
       0
       0
       0
       0
       0
       0
       0
       0
       1
       1
       0
       0
       0
       0
       0
       0
       0
       0
       1
       0
       0
       0
       0
       0
       1
       0
       0
       0
       0
       0
       0
       0
       0
       1
       0
       0
       0
       1
       0
       0
       0
       0
       1
       0
       1
       0
       0
       0
       0
       0
       0
       0
       0
       1
       0
       0
       0
       0
       0
       0
       0
       0
       0
       0
       0
       0
       0
       0
       2
       0
       0
       0
       0
       0
       0
       0
       1
       0
       0
       0
       0
       0
       0
       0
       0
       0
       0
       1
       0
       0
       0
       0
       1
       0
       0
       0
       0
       0
       0
       0
       0
       0
       0
       0
       0
       0
       0
       0
       0
       0
       0
       0
       0
       0
       0
       1
       1
       2
       0
       0
       1
       1
       0
       0
       0
       0
       0
       0
       0
       1
       0
       0
       0
       1
       1
       0
       0
       0
       0
       0
       0
       0
       0
       0
       0
       0
       0
       0
       0
       0
       0
       0
       0
       1
       0
       0
       1
       0
       0
       1
       0
       0
       1
       0
       1
       0
       0
       0
       0
       0
       0
       1
       0
       1
       0
       0
       0
       0
       0
       0
       1
       0
       2
       0
       0
       0
       0
       0
       1
       0
       0
       0
       0
       0
       0
       0
       0
       0
       0
       0
       0
       1
       0
       0
       0
       0
       0
       0
       0
       0
       0
       1
       0
       0
       0
       0
       0
       0
       0
       0
       0
       0
       1
       0
       0
       0
       0
       0
       0
       0
       0
       0
       0
       0
       0
       0
       0
       0
       0
       0
       0
       0
       0
       0
       0
       0
       0
       0
       1
       0
       0
       0
       0
       0
       0
       0
       0
       0
       1
       0
       0
       0
       0
       0
       0
       0
       0
       0
       0
       0
       0
       0
       0
       0
       0
       0
       0
       0
       1
       0
       0
       0
       0
       0
       0
       0
       0
       0
       0
       0
       0
       0
       0
       2
       0
       0
       0
       0
       0
       0
       0
       0
       0
       0
       1
       0
       0
       0
       0
       0
       1
       0
       1
       0
       0
       0
       0
       1
       0
       0
       0
       0
       0
       0
       0
       0
       0
       0
       1
       0
       0
       0
       0
       0
       0
       0
       0
       0
       0
       0
       0
       0
       0
       1
       0
       0
       0
       1
       0
       0
       0
       0
       0
       0
       0
       0
       1
       0
       0
       0
       0
       0
       0
       1
       0
       0
       0
       0
       0
       0
       0
       0
       0
       0
       0
       0
       0
       0
       1
       0
       0
       0
       0
       0
       0
       0
       0
       0
       0
       0
       0
       0
       0
       0
       0
       0
       0
       0
       0
       0
       0
       0
       0
       0
       0
       0
       0
       0
       0
       1
       0
       0
       0
       0
       0
       0
       0
       0
       0
       0
       0
       0
       0
       0
       0
       0
       0
       0
       0
       0
       1
       0
       0
       0
       1
       0
       0
       0
       0
       0
       0
       0
       1
       0
       0
       0
       0
       0
       0
       0
       0
       0
       0
       0
       0
       0
       0
       0
       0
       1
       0
       0
       0
       0
       0
       0
       0
       0
       0
       0
       0
       0
       0
       0
       0
       0
       0
       0
       0
       0
       0
       2
       0
       0
       0
       0
       0
       0
       0
       0
       1
       0
       0
       1
       0
       1
       0
       0
       0
       1
       1
       0
       0
       1
       0
       0
       0
       0
       0
       0
       0
       0
       0
       0
       0
       0
       0
       0
       0
       0
       0
       0
       0
       0
       0
       0
       0
       0
       0
       0
       1
       0
       0
       0
       2
       0
       3
       0
       0
       0
       1
       0
       0
       0
       0
       0
       0
       0
       0
       0
       0
       0
       0
       0
       0
       0
       0
       0
       0
       0
       0
       1
       0
       0
       0
       1
       0
       0
       0
       0
       0
       0
       0
       0
       0
       0
       0
       0
       0
       0
       1
       0
       0
       0
       0
       0
       0
       0
       0
       1
       0
       0
       0
       0
       0
       0
       0
       0
       0
       0
       0
       0
       0
       0
       0
       0
       0
       0
       0
       0
       0
       1
       0
       0
       0
       0
       0
       0
       0
       0
       0
       0
       0
       0
       0
       0
       0
       0
       0
       0
       0
       1
       0
       0
       0
       0
       0
       0
       0
       0
       1
       0
       0
       0
       0
       0
       0
       1
       0
       0
       0
       0
       0
       0
       0
       0
       0
       0
       0
       0
       0
       0
       0
       0
       0
       0
       0
       0
       0
       0
       0
       1
       0
       1
       0
       0
       0
       0
       0
       0
       0
$ROI:
0
$PRESETS:
None
0
0
$ENER_FIT:
-0.17 0.50021
$MCA_CAL:
3
-0.17000 0.50021 0.00 keV
$SHAPE_CAL:
3
-0.771653241514 7.84064787929 -25.0040164561
$META:
{'istp': ['133CEm', '133CEg', '133LA', '132CE', '132LA', '139CE', '137CEg', '137CEm', '137LA', '135CE', '135LA', '134LA', '132CS', '7BE', '133BAm', '133BAg'], 'res': 0.05, 'R': 0.2, 'unc_eff': [[0.025303059741514932, -0.26283048604031406, 0.6742139436192397], [-0.26283048604031417, 2.7466817820238867, -7.085190256833623], [0.6742139436192399, -7.085190256833623, 18.373955239224127]], 'alpha': 0.9}
