$SPEC_ID:
No sample description was entered.
$SPEC_REM:
DET# 9480
DETDESC# HPGE
AP# Maestro Version 7.01
$DATE_MEA:
10/17/2018 03:13:40
$MEAS_TIM:
900 900
$DATA:
0 4095
     150
     150
       0
       0
       0
       0
       0
       0
       0
       0
       0
       0
       0
       0
       0
       0
       0
       0
       0
       0
       0
       0
       0
       0
       0
       0
       0
       0
       0
       0
       0
       0
       0
       0
       0
       0
       0
       0
       0
       0
       0
       0
       0
       0
       0
       0
       0
       0
       0
       0
       0
       0
       0
       0
       0
       0
       0
       0
       0
       0
       0
       0
       0
       0
       0
       0
       0
       0
       0
       0
       0
       0
       0
       0
       0
       0
       0
       0
       0
       0
       0
       0
       0
       0
      34
     116
     134
     122
     122
     108
     102
     127
     137
     123
     108
      98
     126
     118
     117
     120
     117
     108
     122
     121
     126
      98
      90
     113
     101
     122
     117
     118
     118
     135
      99
     102
     107
     101
     129
     111
      98
      97
     124
     119
     112
     108
     124
      98
      95
      99
     103
     110
     112
     117
     128
     106
     122
     108
     116
     129
     120
     118
     114
     103
     118
     126
     146
     114
     107
     110
     114
     123
     110
     124
     124
     103
     101
     133
     126
     113
     112
     134
     123
     144
     104
     119
     125
     139
     101
     139
     110
     121
     102
     124
     161
     153
     131
     152
     156
     116
     131
     137
     139
     125
     141
     135
     132
     128
     129
     136
     127
     145
     139
     153
     153
     134
     155
     151
     147
     144
     152
     173
     142
     154
     142
     145
     142
     150
     138
     157
     165
     165
     156
     158
     149
     165
     169
     183
     143
     148
     146
     203
     166
     168
     168
     153
     178
     158
     156
     165
     185
     175
     147
     168
     188
     163
     199
     209
     214
     280
     271
     166
     167
     192
     171
     156
     177
     182
     181
     170
     191
     186
     179
     192
     157
     201
     198
     203
     176
     163
     199
     188
     186
     188
     185
     202
     203
     210
     205
     196
     203
     174
     197
     218
     204
     210
     174
     192
     183
     192
     183
     175
     184
     218
     186
     155
     202
     187
     179
     155
     185
     181
     163
     166
     170
     165
     153
     175
     173
     156
     191
     155
     162
     162
     173
     190
     148
     174
     168
     166
     151
     161
     134
     136
     125
     166
     137
     141
     149
     152
     163
     148
     145
     142
     133
     129
     168
     138
     135
     147
     137
     137
     152
     156
     119
     118
     138
     157
     176
     212
     171
     150
     125
     128
     149
     141
     116
     138
     152
     121
     119
     115
     111
     129
     134
     145
     120
     125
     115
     125
     115
     136
     141
     119
     121
     116
     123
     139
     107
     122
     117
     136
     123
     138
     117
      93
     119
     110
     110
     126
     114
     128
     114
     119
     110
     117
     106
     143
      99
      97
     103
     111
     114
     102
     128
     122
     114
     101
     119
      93
     117
     111
     109
      95
      91
     104
      96
      94
      85
     102
     109
     122
     236
     568
     533
     175
      94
      95
     104
     102
      88
      95
      83
     101
      92
      77
      89
      97
      78
      97
      84
     109
      96
      79
      95
      99
      96
      92
      90
      74
      76
      90
      92
      98
      93
      82
      84
      83
      86
      90
      79
      96
      78
      85
      82
      82
      71
      73
      81
      85
      65
      99
      86
      73
      85
      91
      85
      79
      89
      75
      81
      78
      83
      65
      89
      76
      80
      74
      79
      98
      62
      85
      80
      95
      65
      75
      76
      60
      58
      69
      83
      81
      61
      85
      89
      59
      97
      73
      79
      90
      69
      91
      65
      80
      65
      77
      86
     210
     817
    1522
     782
     133
      63
      52
      55
      60
      54
      52
      59
      58
      62
      56
      42
      57
      50
      78
      72
      74
      97
     132
     574
    1716
    1785
     529
      79
      60
     113
     115
      73
      50
      41
      44
      52
      53
      43
      46
      44
      47
      52
      41
      46
      64
      81
      71
      53
      45
      43
      45
      38
      55
      34
      54
      43
      48
      41
      39
      36
      42
      48
      34
      37
      39
      36
      50
      44
      43
      34
      61
      50
      37
      45
      43
      33
      45
      35
      39
      41
      40
      35
      46
      49
      43
      29
      28
      29
      39
      47
      53
      96
     344
     885
     847
     297
      47
      38
      32
      39
      21
      34
      44
      32
      29
      33
      31
      36
      33
      35
      41
      33
      32
      24
      27
      40
      26
      29
      36
      34
      33
      23
      33
      38
      25
      23
      33
      21
      35
      37
      33
      30
      30
      38
      22
      29
      25
      26
      44
      27
      25
      41
      25
      30
      24
      29
      27
      32
      23
      44
      57
      73
      45
      26
      25
      41
      23
      37
      28
      32
      30
      34
      26
      24
      19
      40
      28
      22
      26
      29
      16
      32
      27
      25
      21
      24
      24
      27
      19
      36
      28
      28
      31
      18
      22
      27
      25
      24
      20
      21
      28
      21
      22
      33
      19
      28
      22
      19
      29
      24
      23
      17
      26
      33
      26
      30
      25
      29
      23
      21
      30
      24
      27
      28
      24
      32
      24
      20
      26
      16
      24
      24
      24
      16
      30
      28
      26
      27
      25
      21
      29
      25
      25
      22
      18
      28
      22
      21
      18
      32
      25
      21
      21
      20
      23
      21
      25
      23
      28
      28
      26
      43
      41
      67
      64
      25
      29
      33
      27
      28
      22
      26
      24
      30
      24
      30
      18
      22
      38
      42
      26
      20
      13
      17
      19
      23
      24
      25
      22
      20
      18
      22
      24
      20
      22
      23
      24
      20
      29
      31
      32
      18
      19
      25
      31
      28
      16
      28
      10
      27
      18
      16
      16
      21
      19
      24
      25
      20
      26
      18
      19
      20
      22
      28
      23
      16
      20
      27
      18
      23
      19
      18
      23
      23
      17
      24
      14
      24
      10
      21
      14
      27
      18
      16
      32
      21
      16
      25
      24
      26
      28
      17
      21
      22
      20
      15
      15
      13
      18
      23
      12
      17
      15
      17
      16
      16
      20
      17
      18
      17
      19
      20
      18
      15
      21
      19
      34
      36
      29
      19
      15
      16
      12
      21
      20
      18
      11
      16
      15
      14
      13
      11
      19
      13
      22
      29
      65
     125
     150
      85
      31
      24
      13
      10
       9
      20
      14
      13
      17
      16
      15
      22
      13
      19
      13
      13
      14
      15
      13
       9
      13
      18
      12
      16
      13
      21
      14
      17
      15
      22
      18
      13
      16
      16
      10
      16
      17
       6
       8
      18
      13
      16
      10
      14
      15
      12
      18
       9
      13
      19
       9
      12
       8
      19
      13
      16
      22
      21
      19
      16
      16
      13
      19
      26
      29
      25
      13
      12
      28
      31
      48
      47
      23
      18
      22
      23
      43
      77
      73
      38
      21
       7
       6
       9
       9
       9
       9
      13
      13
      16
      10
      13
       9
      12
       9
      17
      10
      13
      11
      11
      10
      10
      13
       8
      11
       8
       6
      12
       9
       6
      14
      11
       9
      12
       9
       8
      10
       7
      12
      12
       8
       8
      21
      15
      19
      28
      30
      22
      15
      14
      15
      14
      13
      13
      15
      18
      26
      52
     141
     267
     227
      98
      24
       9
      15
       6
       6
      11
       9
      16
       9
       8
      16
      10
      12
       9
      12
      11
      15
      12
      13
      10
      10
       8
      10
       9
      12
       6
       8
      10
       7
       9
      10
       8
      10
       6
       6
       9
      12
      12
      10
       7
       7
       8
      11
      12
       9
      10
       5
      10
      12
       5
       8
      13
      15
      25
      14
      12
       8
       7
       7
       9
       8
      10
       5
       9
       9
       8
       7
      14
       9
       8
       8
       4
      10
      12
      10
       8
       7
       7
       3
       5
       7
       9
       8
       4
       9
       6
      14
       6
       8
      11
      15
      15
      12
      11
      10
      15
      15
       8
       7
      15
      11
      13
      14
      31
      64
     143
     181
     120
      43
      16
       9
      12
       9
      16
      47
      89
      82
      40
      12
      13
       7
      10
       7
       7
      10
       5
       4
       8
       4
       1
      10
       1
      11
      13
      14
       8
       8
       7
      16
       6
      14
       9
       8
       5
      10
      13
       7
      15
       7
       2
      18
       8
       2
       3
      11
       3
      11
       8
       4
       9
      10
       7
      10
      10
       6
       9
       8
      14
      12
      28
      55
      52
      52
     120
     231
     265
     183
      55
      11
       5
       8
       4
       7
       8
       6
       9
       3
       7
       7
       3
       4
       4
       3
       5
       4
       6
      11
       4
       3
       4
       8
       4
      10
      11
       7
      12
      12
       9
       3
       6
       3
       4
       7
       2
       9
       5
       6
       6
       3
       5
       7
       4
       5
      12
       7
       4
       5
       3
       7
       6
       9
      10
       5
       8
       4
       5
       5
       5
       6
       6
       4
       3
       5
      10
       6
       1
       5
       4
       5
       7
       5
       7
       6
       5
       7
       6
       9
       2
       4
       4
       7
       5
       9
       6
       2
       3
       1
       4
       6
       3
       7
       4
       6
       8
       3
       3
       1
       3
       1
      10
       6
       4
       3
       2
       7
       5
       3
       6
       9
       4
       7
      29
      37
      55
      32
      14
       5
       3
       4
       5
       4
       1
       2
       6
       1
       9
       5
       2
       4
       4
       4
       4
       2
       4
       7
       2
       3
       3
       6
       6
       2
       3
       3
       3
       6
       3
       5
       9
       2
       7
      10
       5
       2
       6
       3
       2
       5
       6
       5
       9
       3
       3
       1
       5
       5
       3
       6
       0
       2
       3
       7
       6
       1
       2
       1
       4
       5
       6
       5
       1
       4
       1
       1
       5
       3
       5
       1
       5
       4
       6
       4
       2
       6
       2
       2
       0
       4
       0
       2
       0
       4
       1
       3
       3
       1
       6
       4
       2
       5
       6
       6
       3
       4
       6
       2
       1
       3
       5
       9
      13
       5
       5
       0
       4
       1
       3
       1
       3
       3
       2
       4
       2
       1
       2
       3
       3
       3
       3
       1
       4
       2
       3
       2
       6
       3
       5
       2
       3
       2
       5
       3
       1
       2
       3
       4
       3
       6
       1
       3
       4
       4
       4
       3
       0
       3
       1
       0
       2
       6
       1
       4
       0
       1
       1
       2
       2
       2
       6
       1
       4
       3
       3
       1
       4
       6
       5
       5
       3
       2
       1
       0
       3
       3
       7
       4
       4
       3
       3
       5
       1
       1
       2
       3
       6
       7
       7
       4
       7
       2
       2
       2
       1
       2
       4
       3
       1
       2
       3
       1
       1
       1
       1
       5
       3
       3
       2
       4
       5
       5
       3
       6
       4
       1
       3
       3
       1
       1
       2
       8
       4
       1
       2
       6
       2
      10
      12
      41
      74
     106
     105
      70
      15
       2
       0
       3
       1
       1
       2
       1
       1
       1
       5
       3
       2
       2
       0
       2
       4
       3
       0
       3
       2
       1
       3
       1
       0
       3
       3
       2
       1
       3
       1
       1
       0
       1
       3
       2
       1
       3
       2
       0
       2
       1
       0
       2
       2
       3
       1
       3
       3
       2
       0
       1
       1
       0
       0
       0
       3
       2
       3
       5
       8
      21
      20
       9
       6
       3
       4
       3
       1
       2
       1
       3
       2
       2
       1
       2
       2
       1
       8
      11
      16
      10
       7
      13
       6
      19
      49
      48
      34
      27
       3
       4
       1
       1
       1
       2
       2
       1
       0
       4
       7
       1
       2
       2
       0
       0
       1
       4
       1
       1
       2
       0
       0
       1
       2
       0
       2
       0
       4
       2
       2
       3
       1
       3
       2
       0
       4
       1
       0
       2
       1
       2
       1
       1
       1
       2
       2
       4
       2
       2
       1
       2
       1
       3
       4
       3
       2
       1
       1
       0
       4
       2
       2
       0
       1
       0
       1
       0
       4
       0
       1
       1
       1
       2
       4
       1
       4
       4
       6
       3
       6
      13
      29
      24
      27
      11
       2
       7
       1
       4
       1
       1
       1
       0
       1
       2
       2
       1
       1
       1
       1
       3
       0
       1
       0
       1
       0
       0
       0
       2
       0
       1
       0
       2
       0
       1
       0
       2
       2
       0
       0
       1
       1
       1
       0
       2
       1
       0
       0
       2
       2
       1
       1
       2
       0
       2
       1
       3
       1
       1
       1
       0
       2
       1
       1
       2
       1
       3
       3
       3
       4
       9
      10
      14
       5
       3
       1
       1
       2
       2
       3
       0
       1
       2
       1
       0
       1
       0
       1
       0
       4
       2
       1
       4
       1
       1
       3
       0
       4
       1
       5
       2
       1
       1
       1
       1
       0
       2
       2
       6
       4
       4
       3
       1
       4
       1
       2
       0
       3
       1
       2
       2
       6
       2
       4
       3
       2
       1
       1
       1
       2
       2
       1
       0
       2
       2
       3
       3
       2
       2
       2
       2
       1
       1
       0
       1
       1
       2
       2
       0
       1
       2
       2
       0
       1
       1
       1
       2
       2
       1
       2
       2
       0
       1
       0
       0
       3
       2
       1
       1
       3
       0
       3
       1
       0
       2
       0
       1
       1
       0
       4
       2
       2
       2
       1
       2
       2
       1
       4
       2
       2
       3
       3
       0
       1
       3
       1
       0
       1
       3
       0
       2
       3
       0
       2
       2
       1
       1
       0
       1
       0
       0
       0
       4
       0
       0
       0
       1
       1
       1
       1
       0
       1
       1
       2
       0
       1
       0
       2
       2
       1
       2
       1
       1
       1
       3
       1
       4
       0
       1
       1
       0
       1
       1
       0
       1
       3
       1
       0
       0
       0
       1
       1
       1
       0
       1
       0
       1
       0
       1
       0
       0
       0
       3
       0
       1
       0
       1
       3
       2
       1
       1
       3
       0
       1
       3
       0
       1
       0
       0
       0
       2
       1
       0
       0
       0
       1
       2
       1
       0
       1
       0
       0
       3
       1
       0
       1
       2
       0
       3
       1
       0
       0
       2
       1
       2
       1
       2
       1
       1
       4
       0
       2
       1
       1
       1
       0
       0
       0
       1
       0
       1
       0
       0
       2
       3
       1
       1
       0
       1
       2
       0
       2
       2
       1
       0
       2
       1
       0
       0
       0
       0
       2
       0
       1
       3
       0
       1
       0
       0
       1
       0
       1
       1
       1
       0
       0
       1
       1
       1
       0
       0
       2
       1
       1
       1
       1
       0
       1
       1
       0
       0
       1
       2
       0
       0
       1
       1
       2
       0
       2
       1
       0
       0
       0
       2
       2
       1
       0
       0
       1
       1
       0
       3
       1
       0
       0
       0
       2
       1
       1
       1
       0
       1
       0
       2
       2
       0
       1
       3
       1
       0
       0
       1
       1
       1
       0
       0
       0
       0
       0
       1
       1
       2
       0
       1
       1
       2
       1
       2
       0
       1
       3
       1
       0
       0
       1
       2
       1
       2
       1
       1
       0
       0
       1
       1
       1
       0
       3
       0
       0
       0
       1
       1
       0
       1
       1
       1
       0
       0
       2
       3
       1
       0
       2
       1
       2
       3
       1
       1
       1
       1
       0
       0
       1
       0
       1
       1
       1
       1
       0
       0
       1
       0
       0
       2
       0
       1
       1
       1
       0
       1
       1
       2
       1
       2
       0
       1
       0
       0
       1
       2
       1
       0
       0
       0
       0
       0
       0
       0
       1
       1
       1
       2
       0
       1
       1
       2
       1
       1
       0
       0
       0
       0
       0
       1
       0
       1
       0
       2
       1
       3
       0
       0
       0
       1
       1
       0
       3
       1
       3
       1
       2
       0
       0
       0
       1
       2
       0
       0
       1
       0
       0
       2
       1
       2
       2
       1
       2
       2
       5
       1
       0
       0
       0
       1
       3
       0
       0
       1
       4
       0
       1
       1
       1
       1
       1
       3
       1
       2
       2
       0
       0
       1
       1
       1
       1
       1
       1
       0
       0
       0
       1
       0
       1
       3
       1
       0
       2
       2
       0
       0
       6
       5
       2
       1
       6
       4
       1
       0
       0
       0
       1
       0
       2
       1
       2
       0
       2
       2
       1
       0
       1
       0
       0
       2
       5
       4
       8
       5
       5
       2
       2
       0
       1
       1
       0
       2
       0
       0
       1
       1
       0
       1
       2
       1
       0
       1
       0
       0
       1
       1
       0
       0
       4
       0
       1
       1
       0
       0
       1
       1
       0
       1
       0
       1
       3
       0
       0
       1
       2
       1
       1
       1
       0
       0
       4
       0
       1
       1
       2
       1
       0
       0
       1
       2
       1
       1
       1
       0
       0
       2
       1
       3
       1
       1
       0
       0
       1
       0
       1
       1
       0
       1
       2
       1
       2
       2
       1
       0
       0
       3
       2
       1
       1
       1
       0
       2
       0
       0
       1
       0
       1
       0
       2
       0
       0
       0
       1
       1
       2
       1
       1
       0
       3
       0
       1
       0
       1
       0
       0
       1
       1
       0
       0
       2
       2
       0
       0
       2
       1
       1
       1
       0
       0
       0
       2
       0
       1
       0
       2
       0
       1
       0
       1
       2
       0
       0
       0
       0
       1
       0
       0
       3
       0
       0
       2
       0
       0
       3
       0
       1
       1
       0
       3
       0
       1
       2
       1
       2
       1
       3
       0
       0
       2
       1
       1
       1
       3
       1
       1
       0
       1
       0
       0
       1
       3
       1
       1
       0
       1
       1
       3
       0
       0
       2
       1
       0
       0
       2
       0
       2
       0
       3
       1
       0
       1
       1
       0
       4
       0
       0
       0
       0
       0
       0
       1
       1
       0
       1
       2
       1
       1
       1
       3
       0
       1
       0
       2
       1
       3
       1
       0
       3
       2
       0
       1
       2
       2
       2
       1
       3
       3
       2
       1
       2
       1
       0
       3
       1
       1
       1
       2
       1
       1
       0
       2
       0
       0
       0
       0
       2
       1
       1
       1
       2
       0
       0
       1
       0
       2
       0
       1
       0
       1
       0
       2
       0
       0
       3
       1
       2
       2
       2
       2
       1
       0
       0
       0
       1
       1
       0
       0
       0
       0
       0
       0
       4
       0
       1
       1
       3
       1
       2
       0
       1
       1
       2
       2
       1
       1
       2
       3
       1
       0
       1
       0
       0
       1
       0
       3
       1
       0
       0
       0
       0
       0
       1
       0
       0
       0
       2
       1
       3
       3
       2
       0
       0
       1
       2
       1
       0
       3
       3
       1
       0
       3
       0
       1
       0
       2
       0
       1
       0
       0
       0
       1
       2
       0
       0
       1
       0
       2
       1
       1
       2
       4
       1
       2
       0
       6
       1
       1
       4
       0
       2
       2
       2
       1
       2
       0
       2
       1
       1
       1
       0
       1
       1
       3
       0
       0
       1
       0
       1
       1
       1
       1
       0
       0
       2
       1
       0
       0
       2
       0
       0
       0
       0
       1
       0
       0
       0
       1
       1
       0
       0
       0
       1
       0
       1
       1
       1
       0
       0
       1
       1
       0
       0
       0
       0
       0
       0
       3
       1
       2
       0
       0
       0
       0
       0
       1
       1
       0
       0
       0
       0
       0
       1
       1
       0
       0
       0
       1
       0
       0
       1
       2
       3
       3
       2
       0
       1
       1
       3
       0
       1
       1
       1
       2
       1
       0
       1
       0
       0
       1
       1
       0
       0
       1
       0
       0
       1
       2
       1
       0
       1
       1
       2
       0
       0
       1
       0
       0
       0
       1
       0
       0
       0
       0
       1
       0
       1
       1
       2
       0
       2
       2
       2
       0
       2
       1
       0
       1
       1
       1
       1
       0
       0
       0
       0
       0
       0
       1
       1
       0
       2
       0
       1
       1
       0
       1
       0
       0
       0
       0
       1
       0
       2
       0
       0
       0
       0
       0
       0
       0
       1
       0
       2
       2
       0
       0
       1
       0
       0
       0
       0
       0
       0
       0
       2
       2
       1
       1
       2
       0
       0
       0
       0
       0
       2
       1
       0
       0
       0
       1
       1
       1
       0
       1
       0
       1
       1
       0
       0
       0
       1
       0
       0
       0
       0
       0
       1
       0
       0
       1
       1
       0
       1
       0
       0
       0
       0
       0
       0
       0
       0
       1
       0
       0
       1
       0
       3
       0
       0
       1
       0
       0
       1
       0
       1
       1
       1
       1
       0
       0
       1
       0
       0
       0
       1
       1
       0
       2
       1
       0
       0
       0
       1
       0
       0
       0
       0
       0
       1
       1
       0
       1
       0
       0
       0
       0
       2
       0
       0
       0
       0
       1
       0
       0
       0
       0
       0
       1
       0
       0
       0
       1
       0
       0
       0
       0
       0
       0
       0
       1
       0
       0
       0
       1
       0
       0
       0
       0
       0
       0
       0
       0
       0
       0
       1
       0
       1
       0
       0
       0
       1
       0
       0
       1
       0
       0
       0
       0
       0
       0
       1
       0
       1
       0
       0
       0
       0
       0
       0
       0
       2
       1
       1
       0
       0
       0
       0
       0
       0
       0
       1
       2
       0
       0
       1
       1
       0
       0
       0
       1
       0
       1
       1
       1
       0
       1
       1
       1
       0
       0
       1
       1
       1
       1
       0
       0
       0
       1
       0
       0
       0
       0
       0
       0
       0
       0
       1
       0
       1
       1
       0
       0
       1
       0
       0
       0
       0
       0
       0
       1
       1
       0
       1
       0
       0
       0
       0
       0
       2
       0
       0
       1
       1
       0
       0
       0
       0
       1
       0
       1
       0
       0
       0
       0
       0
       0
       0
       2
       2
       0
       0
       0
       1
       0
       0
       0
       0
       1
       0
       1
       0
       0
       0
       0
       1
       0
       0
       1
       1
       0
       1
       3
       4
       5
       7
      24
      15
      28
      28
      21
       9
       4
       4
       0
       1
       0
       0
       0
       0
       0
       0
       0
       0
       0
       0
       0
       0
       0
       0
       0
       0
       0
       0
       0
       0
       0
       0
       0
       0
       0
       0
       0
       0
       0
       0
       0
       0
       0
       0
       1
       0
       0
       0
       0
       0
       0
       0
       0
       0
       0
       0
       0
       0
       1
       0
       0
       0
       0
       0
       0
       0
       1
       0
       1
       0
       0
       0
       0
       0
       0
       0
       0
       0
       0
       0
       0
       0
       0
       0
       0
       0
       0
       1
       0
       0
       0
       0
       0
       0
       0
       0
       0
       0
       0
       0
       1
       0
       0
       0
       0
       0
       0
       0
       0
       0
       0
       0
       0
       0
       0
       0
       0
       0
       0
       0
       0
       1
       0
       0
       0
       0
       0
       0
       0
       0
       0
       0
       0
       1
       0
       0
       0
       0
       0
       0
       2
       0
       0
       0
       0
       0
       0
       0
       1
       1
       0
       0
       0
       0
       0
       0
       1
       0
       0
       0
       0
       2
       0
       0
       0
       1
       0
       0
       0
       0
       0
       0
       0
       0
       0
       0
       0
       0
       0
       0
       0
       0
       1
       0
       0
       0
       0
       0
       0
       0
       0
       0
       1
       0
       0
       0
       0
       0
       1
       0
       1
       0
       0
       0
       0
       0
       0
       0
       0
       0
       0
       0
       0
       0
       0
       0
       0
       0
       0
       0
       0
       0
       0
       0
       1
       0
       0
       0
       0
       0
       1
       0
       0
       0
       1
       0
       1
       0
       1
       0
       1
       0
       0
       0
       0
       0
       0
       0
       0
       0
       0
       0
       0
       0
       0
       0
       0
       0
       0
       0
       0
       0
       0
       0
       0
       0
       0
       0
       0
       0
       0
       0
       0
       0
       0
       0
       0
       0
       0
       0
       0
       0
       0
       0
       0
       1
       0
       0
       1
       0
       0
       0
       0
       0
       0
       0
       0
       0
       0
       0
       0
       0
       0
       0
       0
       0
       0
       0
       1
       0
       1
       0
       0
       0
       0
       0
       0
       0
       0
       0
       0
       0
       0
       0
       0
       0
       0
       0
       0
       0
       0
       0
       0
       0
       0
       0
       1
       0
       1
       0
       0
       0
       0
       0
       0
       0
       0
       0
       0
       1
       0
       0
       0
       0
       0
       0
       0
       0
       0
       0
       0
       0
       0
       0
       0
       0
       0
       0
       0
       0
       0
       0
       0
       1
       0
       0
       0
       0
       0
       0
       0
       0
       1
       0
       0
       0
       0
       0
       0
       0
       0
       0
       0
       0
       0
       0
       0
       0
       0
       0
       0
       2
       0
       0
       0
       1
       0
       0
       1
       0
       0
       0
       0
       0
       0
       0
       0
       0
       0
       0
       0
       0
       0
       0
       0
       0
       0
       1
       0
       0
       1
       0
       0
       0
       0
       0
       0
       0
       0
       0
       0
       0
       0
       0
       0
       0
       0
       0
       0
       0
       0
       0
       0
       0
       0
       0
       0
       0
       0
       0
       0
       0
       1
       0
       0
       0
       0
       0
       1
       0
       0
       0
       0
       0
       0
       0
       0
       0
       0
       0
       0
       0
       0
       0
       0
       0
       0
       0
       0
       0
       0
       0
       1
       0
       0
       0
       0
       0
       0
       0
       0
       0
       0
       0
       0
       0
       0
       0
       0
       0
       0
       0
       0
       0
       0
       0
       0
       0
       0
       0
       0
       0
       0
       0
       0
       0
       0
       0
       0
       0
       1
       0
       0
       0
       0
       0
       0
       0
       0
       0
       0
       0
       0
       0
       0
       0
       0
       1
       0
       0
       0
       0
       0
       0
       0
       0
       1
       0
       0
       0
       0
       0
       0
       0
       0
       0
       0
       0
       0
       0
       0
       1
       0
       0
       0
       0
       0
       0
       0
       0
       0
       0
       0
       0
       0
       0
       0
       0
       0
       0
       0
       0
       0
       0
       0
       0
       0
       0
       1
       0
       0
       0
       1
       0
       0
       0
       0
       0
       0
       0
       0
       0
       0
       0
       0
       0
       0
       0
       0
       1
       0
       0
       0
       0
       0
       0
       0
       0
       0
       0
       0
       0
       0
       0
       1
       0
       0
       0
       0
       1
       0
       1
       0
       0
       0
       0
       0
       0
       0
       0
       0
       0
       0
       0
       0
       0
       0
       0
       0
       0
       0
       0
       0
       0
       0
       0
       0
       0
       0
       0
       0
       0
       1
       0
       0
       0
       0
       0
       0
       0
       0
       0
       0
       0
       0
       0
       0
       0
       0
       0
       0
       0
       0
       0
       0
       0
       0
       1
       1
       0
       0
       0
       0
       0
       0
       0
       0
       0
       0
       0
       0
       0
       0
       1
       0
       0
       0
       0
       0
       0
       0
       0
       1
       0
       0
       0
       0
       0
       0
       0
       0
       0
       0
       1
       0
       0
       0
       0
       0
       0
       0
       0
       1
       1
       0
       0
       0
       0
       0
       0
       0
       0
       0
       0
       0
       0
       0
       0
       0
       0
       0
       0
       0
       1
       1
       0
       0
       0
       0
       0
       0
       0
       0
       0
       1
       0
       0
       0
       0
       0
       0
       0
       0
       0
       0
       0
       0
       0
       0
       0
       0
       0
       0
       0
       0
       0
       1
       1
       0
       0
       0
       0
       0
       0
       0
       0
       0
       0
       0
       0
       0
       0
       0
       0
       1
       1
       0
       0
       0
       0
       0
       0
       1
       0
       0
       0
       0
       0
       1
       0
       0
       0
       0
       0
       0
       0
       0
       0
       0
       1
       0
       0
       0
       0
       0
       0
       0
       0
       0
       0
       0
       0
       0
       0
       1
       0
       0
       0
       0
       1
       1
       0
       0
       0
       0
       0
       0
       0
       1
       0
       0
       0
       0
       0
       0
       0
       0
       0
       0
       0
       0
       0
       0
       0
       0
       0
       0
       1
       0
       0
       0
       1
       0
       0
       0
       0
       0
       0
       0
       0
       0
       0
       0
       1
       0
       0
$ROI:
0
$PRESETS:
None
0
0
$ENER_FIT:
-0.17 0.50021
$MCA_CAL:
3
-0.17000 0.50021 0.00 keV
$SHAPE_CAL:
3
-0.771653241514 7.84064787929 -25.0040164561
$META:
{'istp': ['133CEm', '133CEg', '133LA', '132CE', '132LA', '139CE', '137CEg', '137CEm', '137LA', '135CE', '135LA', '134LA', '132CS', '7BE', '133BAm', '133BAg'], 'res': 0.05, 'R': 0.2, 'unc_eff': [[0.025303059741514932, -0.26283048604031406, 0.6742139436192397], [-0.26283048604031417, 2.7466817820238867, -7.085190256833623], [0.6742139436192399, -7.085190256833623, 18.373955239224127]], 'alpha': 0.9}
