$SPEC_ID:
No sample description was entered.
$SPEC_REM:
DET# 9480
DETDESC# HPGE
AP# Maestro Version 7.01
$DATE_MEA:
10/17/2018 03:30:57
$MEAS_TIM:
1800 2034
$DATA:
0 4095
     300
     339
       0
       0
       0
       0
       0
       0
       0
       0
       0
       0
       0
       0
       0
       0
       0
       0
       0
       0
       0
       0
       0
       0
       0
       0
       0
       0
       0
       0
       0
       0
       0
       0
       0
       0
       0
       0
       0
       0
       0
       0
       0
       0
       0
       0
       0
       0
       0
       0
       0
       0
       0
       0
       0
       0
       0
       0
       0
       0
       0
       0
       0
       0
       0
       0
       0
       0
       0
       0
       0
       0
       0
       0
       0
       0
       0
       0
       0
       0
      34
     239
     815
    2297
   12390
   20221
   20240
   20207
   20284
   20120
   19904
   19758
   19793
   19536
   19645
   19394
   19574
   19277
   19246
   19364
   19207
   19130
   18853
   19002
   18947
   18844
   18808
   18775
   18615
   18736
   18591
   18607
   18538
   18402
   18473
   19241
   23685
   29639
   21912
   18100
   18074
   18155
   18120
   18030
   18210
   17963
   18187
   18107
   18341
   17981
   17973
   18281
   18228
   18213
   18216
   18188
   18286
   18212
   18409
   18199
   18174
   18154
   18359
   18204
   18685
   18869
   19682
   18692
   18439
   19078
   20542
   19368
   18233
   17976
   18473
   18150
   18071
   18285
   18442
   18383
   18516
   18242
   18470
   18712
   18641
   18842
   18461
   19185
   19629
   20117
   20480
   19699
   19506
   19945
   21262
   25318
   31061
   25019
   21310
   19859
   20141
   20206
   20312
   20620
   20557
   20699
   20865
   20790
   20785
   21281
   21059
   21078
   21179
   21857
   24946
   25891
   22647
   21834
   21790
   21838
   22035
   21811
   22236
   22478
   22603
   22604
   22982
   22837
   23085
   23170
   23333
   23512
   23563
   24423
   24354
   24379
   24809
   24814
   24894
   24862
   25412
   25244
   25229
   25416
   25717
   25623
   25775
   26124
   26033
   26120
   26329
   26366
   26351
   26513
   26377
   26834
   27669
   27526
   27779
   29235
   28619
   26981
   26691
   26660
   26636
   26504
   27009
   28120
   28279
   26990
   26851
   26966
   26987
   27041
   27051
   27600
   26974
   27304
   27512
   28173
   33115
   57904
   71224
   40426
   28817
   27728
   27709
   27547
   27592
   27298
   27636
   27422
   27534
   27125
   27491
   27379
   27610
   27318
   27182
   27405
   27260
   27649
   27294
   27405
   27474
   27705
   27385
   27059
   27202
   27068
   27194
   26848
   26985
   26810
   26969
   26979
   26902
   26767
   26373
   26739
   26896
   26304
   26588
   26305
   26647
   26343
   26367
   26263
   26403
   26624
   30830
   37805
   32774
   26859
   26041
   25498
   25442
   25340
   25197
   24988
   24969
   24917
   24964
   24897
   24930
   24694
   24950
   24609
   24811
   24673
   24834
   24536
   24798
   24641
   24724
   24412
   24644
   24813
   25307
   25192
   24892
   25104
   25076
   25279
   25540
   25254
   25470
   25516
   25944
   25215
   25122
   25365
   25163
   25122
   25424
   25537
   25908
   27443
   27170
   25199
   24957
   25195
   26988
   41616
   90433
   94131
   42610
   25702
   24247
   24249
   23446
   23495
   23505
   23074
   22977
   22866
   22919
   22982
   22827
   23358
   25086
   24279
   22957
   22464
   22233
   23993
   25424
   23828
   22039
   21821
   21690
   21604
   21239
   21574
   21273
   21112
   21280
   20993
   21210
   21089
   20668
   21228
   21074
   20604
   20696
   20847
   20639
   20491
   20563
   20200
   20381
   21199
   26203
   34487
   29093
   21150
   20136
   19514
   19642
   19621
   19580
   19364
   19642
   19600
   19689
   19145
   19119
   19077
   18970
   18661
   18760
   18940
   19601
   20899
   22994
   21006
   18918
   18189
   18358
   18279
   18177
   18123
   18002
   18105
   18090
   17376
   17574
   17474
   17405
   17508
   17560
   17020
   16903
   16960
   16947
   17062
   17212
   17569
   17361
   16790
   16676
   16523
   16419
   16725
   16552
   16360
   16219
   16374
   16392
   15877
   16341
   16077
   16196
   16416
   16196
   16069
   15833
   15880
   15732
   15650
   15815
   15564
   15734
   15652
   15570
   15475
   15668
   15500
   15329
   15356
   15356
   15336
   15000
   15241
   15254
   15108
   15388
   16245
   17227
   16161
   15268
   14906
   15343
   16506
   16218
   15174
   14841
   15398
   18108
   19078
   16350
   14740
   14742
   14875
   14600
   14483
   14355
   14562
   14503
   14376
   14466
   14875
   16169
   17475
   15732
   14664
   14567
   14493
   15095
   18825
   36986
   69029
   56473
   24017
   15676
   15901
   17217
   16350
   14927
   13974
   14158
   13810
   13867
   13949
   13937
   13888
   13603
   13814
   13803
   13752
   13768
   14407
   15521
   14775
   14010
   13962
   15974
   22217
   25724
   19186
   14326
   13484
   13554
   13700
   13703
   13946
   13688
   13204
   13459
   13491
   13487
   13602
   13326
   13631
   13445
   13565
   13739
   13379
   13982
   16536
   19847
   18611
   16258
   15270
   13683
   13441
   13306
   13404
   13957
   13922
   13317
   13243
   13117
   13036
   13418
   13841
   14001
   13730
   15755
   25198
   39737
   34234
   19013
   14945
   17787
   20418
   17588
   14218
   13075
   12777
   12675
   13251
   13608
   13307
   13445
   13573
   13084
   12438
   12256
   12217
   12201
   12161
   12194
   12055
   11966
   12051
   11875
   11720
   12011
   11945
   11847
   12041
   12007
   11792
   11782
   11796
   11958
   12209
   12153
   12086
   11889
   11601
   11805
   11647
   11431
   11546
   11589
   11363
   11635
   11467
   11552
   11633
   11779
   11414
   11646
   11387
   11732
   12019
   12276
   12631
   12379
   11748
   11057
   11392
   11215
   11270
   11087
   11120
   10821
   11106
   11012
   10967
   10687
   10815
   10723
   10592
   10687
   10817
   11458
   11065
   10441
   10044
    9896
    9687
    9617
    9796
    9436
    9458
    9183
    9088
    9086
    9608
   11605
   13580
   11598
    9413
    8634
    8414
    8425
    8468
    8580
    8275
    8184
    7991
    7956
    8076
    8104
    8011
    7958
    7659
    7882
    7772
    7724
    7711
    7440
    7730
    7465
    7408
    7398
    7575
    7475
    7515
    7542
    7383
    7223
    7136
    7273
    7405
    8134
    8367
    7662
    7059
    6841
    6804
    7118
    7085
    7365
    7191
    6879
    6873
    6771
    6868
    6985
    7878
    8770
    7979
    7097
    6967
    6907
    6701
    6408
    6200
    6384
    6429
    6391
    6278
    6321
    6166
    6465
    6968
    7403
    6814
    6169
    5945
    6014
    6050
    6250
    6217
    6130
    5919
    5906
    6000
    5907
    5776
    5942
    6132
    6280
    5830
    5683
    5943
    5810
    5753
    5726
    5501
    5643
    5792
    5419
    5378
    5246
    5272
    5250
    5261
    5164
    5169
    5323
    5707
    6046
    5555
    5190
    5126
    5254
    4985
    4925
    4969
    4832
    4769
    4857
    4969
    5150
    5796
    6284
    5454
    4825
    4855
    4834
    4777
    4730
    4597
    4625
    4785
    4982
    5311
    5701
    5870
    5444
    4804
    4533
    4460
    4517
    4459
    4503
    4556
    4505
    4411
    4318
    4370
    4279
    4589
    4562
    4702
    4484
    4330
    4286
    4264
    4297
    4629
    4809
    4703
    4538
    4533
    4389
    4221
    4366
    4147
    4101
    4098
    4011
    4069
    4134
    4032
    4290
    4344
    4157
    4681
    5618
    6832
    6518
    4803
    4108
    3867
    3961
    3888
    4061
    3986
    3901
    4004
    3912
    3924
    4031
    3809
    3882
    3639
    3775
    3858
    3842
    3837
    4109
    4480
    5095
    5152
    4613
    4110
    3992
    4024
    4197
    4104
    3910
    3715
    3628
    3780
    3622
    3856
    3909
    4054
    3969
    3973
    4353
    4378
    4035
    3656
    3564
    3596
    3550
    3582
    3556
    3672
    3611
    3697
    3641
    3824
    3769
    3900
    3922
    3873
    3941
    4499
    6301
   14294
   40905
   74033
   63776
   25745
    7909
    4575
    4043
    3912
    3755
    3653
    3745
    3776
    3526
    3535
    3538
    3660
    3694
    3607
    3543
    3609
    3640
    4134
    5222
    6408
    7763
   14818
   28660
   30875
   16775
    6796
    5356
    5708
    5590
    5631
    4865
    3877
    3489
    3421
    3983
    4358
    4221
    3595
    3421
    3291
    3360
    3632
    3829
    3634
    3403
    3203
    3148
    3002
    3111
    3142
    3033
    3156
    3106
    3140
    3163
    3058
    3156
    3230
    3450
    3621
    3781
    3747
    3572
    3245
    3408
    3663
    3712
    3454
    3219
    3114
    3277
    3330
    3367
    3212
    3361
    3278
    3648
    3726
    3894
    3996
    4323
    4926
    5893
    7951
   11971
   19777
   34939
   60751
   96267
  125389
  131948
  117111
   90419
   58954
   34794
   19797
   11819
    8074
    6665
    7207
    7933
    6756
    5623
    7880
   10612
    9163
    5187
    3333
    2897
    2741
    2660
    2683
    2741
    2818
    3271
    4189
    4479
    3537
    2682
    2383
    2307
    2438
    2347
    2469
    2432
    2337
    2341
    2225
    2175
    2327
    2245
    2167
    2166
    2173
    2202
    2129
    2224
    2324
    2343
    2373
    2190
    2074
    2132
    2124
    2161
    2181
    2514
    3936
    6714
    8722
    7662
    5002
    3193
    2320
    2124
    1960
    2004
    1989
    2035
    2118
    2321
    2359
    2139
    1999
    2015
    1946
    2138
    1964
    1923
    1937
    1937
    1842
    1909
    1958
    1997
    2123
    1949
    1926
    1893
    1970
    2084
    2022
    2006
    1981
    1800
    1750
    1894
    2058
    2135
    2062
    1906
    1800
    1846
    1873
    2051
    1947
    2053
    2327
    2972
    3352
    4228
    7614
   12740
   12243
    6941
    3269
    2555
    2379
    2130
    2044
    2545
    3833
    6142
    6510
    4433
    2576
    1941
    1856
    1850
    1864
    2279
    3146
    4044
    3684
    2545
    1804
    1747
    1658
    1739
    1883
    2010
    1937
    1759
    1766
    1688
    1587
    1797
    1918
    2060
    1774
    1650
    1584
    1595
    1604
    1650
    1596
    1513
    1589
    1628
    1535
    1737
    1687
    1660
    1611
    1670
    1601
    1589
    1501
    1731
    2172
    2332
    2139
    1927
    1797
    1631
    1489
    1491
    1496
    1426
    1467
    1629
    1700
    1748
    1709
    1701
    1892
    2676
    3641
    3706
    3393
    5152
    8495
    9466
    6257
    2902
    1636
    1507
    1479
    1506
    1534
    1987
    2527
    2750
    2179
    1686
    1513
    1425
    1522
    1483
    1567
    1572
    1674
    2179
    3153
    3912
    3470
    2410
    1676
    1509
    1632
    2152
    2672
    2548
    2099
    1618
    1523
    1366
    1320
    1329
    1333
    1367
    1321
    1386
    1258
    1358
    1363
    1417
    1304
    1524
    1470
    1588
    1562
    2165
    2892
    3007
    2218
    1675
    1395
    1311
    1256
    1223
    1280
    1218
    1284
    1226
    1247
    1283
    1320
    1274
    1282
    1227
    1231
    1243
    1191
    1258
    1428
    1649
    2100
    2253
    1773
    1401
    1205
    1199
    1139
    1176
    1193
    1163
    1176
    1107
    1179
    1168
    1176
    1226
    1227
    1314
    1472
    1516
    1442
    1248
    1267
    1158
    1134
    1199
    1191
    1135
    1179
    1128
    1141
    1181
    1222
    1343
    1557
    2374
    4240
    6235
    5681
    3527
    2013
    1847
    2148
    2350
    2024
    1534
    1441
    1386
    1322
    1202
    1105
    1139
    1124
    1070
    1137
    1190
    1086
    1107
     983
    1054
    1044
    1053
    1050
    1114
    1183
    1282
    1331
    1402
    1340
    1223
    1186
    1139
    1145
    1058
    1033
    1088
    1099
    1104
    1256
    1277
    1379
    1229
    1082
    1089
    1041
    1022
    1080
    1280
    1689
    2369
    2832
    2427
    1565
    1106
    1038
    1023
    1080
    1059
     999
     946
     996
     941
     948
    1002
    1216
    1274
    1420
    1450
    1209
    1078
    1029
    1093
     981
    1017
     930
     945
     965
     944
     894
     883
     940
     914
     988
     937
    1018
    1025
    1046
     999
     916
     899
     895
     916
     974
    1034
    1084
    1041
     979
     862
     896
     889
     879
     834
     828
     938
     931
     962
     994
    1007
     995
     984
     952
     904
     908
     866
     843
     812
     818
     819
     816
     808
     843
     828
     903
     804
     855
     814
     833
     773
     816
     820
     829
     828
     817
     813
     843
     854
     818
     825
     799
     844
     838
     837
     792
     851
     838
     886
     790
     815
     836
     825
     823
     842
     925
     949
     891
     826
     782
     813
     768
     769
     794
     810
     759
     759
     798
     866
     866
     870
     817
     818
     847
     849
     823
     905
     858
     808
     842
     879
     889
     914
     879
     857
     830
     756
     793
     773
     765
     699
     789
     798
     761
     792
     758
     721
     732
     740
     765
     721
     773
     748
     778
     835
     789
     777
     769
     718
     713
     744
     713
     727
     755
     786
     767
     717
     726
     738
     822
     825
     828
     856
     844
     797
     771
     677
     708
     778
     804
     834
     816
     824
     803
     702
     794
     780
     883
    1068
    1777
    3077
    4697
    5830
    5509
    4133
    2403
    1207
     882
     757
     789
     663
     725
     688
     675
     700
     682
     715
     711
     663
     709
     681
     676
     726
     700
     645
     705
     682
     684
     646
     676
     648
     733
     709
     678
     678
     681
     673
     707
     736
     723
     627
     708
     728
     692
     708
     706
     706
     691
     716
     683
     691
     710
     774
     746
     765
     762
     731
     754
     765
     701
     693
     669
     678
     672
     825
     867
     962
    1013
     939
     770
     722
     706
     877
     967
     851
     714
     670
     680
     707
     625
     635
     648
     673
     687
     659
     701
     685
     726
     852
    1197
    1906
    2100
    1984
    1370
     984
     753
     651
     676
     642
     614
     583
     644
     703
     749
     766
     687
     623
     570
     573
     624
     656
     673
     648
     600
     590
     653
     722
     757
     674
     618
     647
     567
     660
     705
     792
     943
    1102
    1105
     806
     682
     573
     549
     550
     613
     568
     605
     571
     564
     541
     527
     590
     549
     565
     560
     566
     567
     600
     594
     638
     717
     890
     985
     983
     805
     725
     631
     689
     693
     739
     749
     718
     606
     543
     514
     570
     567
     555
     590
     694
     713
     689
     614
     607
     595
     649
     894
    1246
    1384
    1127
     839
     612
     577
     639
     675
     658
     588
     596
     597
     620
     589
     559
     570
     575
     590
     609
     653
     798
     886
     825
     680
     584
     528
     482
     525
     503
     486
     513
     574
     583
     585
     660
     574
     535
     488
     467
     532
     486
     508
     506
     564
     508
     533
     515
     506
     487
     499
     466
     506
     483
     603
     777
    1308
    1862
    2258
    1801
    1133
     699
     600
     522
     520
     504
     513
     485
     572
     639
     858
     925
     880
     702
     555
     490
     454
     500
     479
     487
     499
     540
     522
     545
     536
     556
     509
     476
     474
     506
     489
     460
     484
     474
     444
     520
     524
     519
     552
     469
     486
     442
     506
     493
     471
     479
     516
     451
     508
     491
     481
     514
     448
     494
     458
     419
     447
     495
     503
     526
     519
     519
     498
     453
     481
     479
     497
     424
     457
     446
     467
     433
     471
     463
     448
     479
     446
     484
     475
     481
     489
     542
     502
     512
     498
     580
     633
     593
     506
     477
     440
     501
     414
     418
     454
     425
     488
     438
     518
     628
     744
     730
     720
     575
     449
     440
     428
     417
     411
     416
     395
     472
     422
     403
     420
     426
     439
     415
     409
     421
     452
     488
     498
     475
     431
     459
     497
     493
     529
     546
     541
     555
     596
     534
     561
     468
     453
     454
     477
     425
     491
     473
     531
     676
     714
     685
     540
     477
     451
     452
     433
     451
     455
     470
     444
     452
     444
     448
     419
     428
     448
     388
     437
     429
     484
     519
     613
     649
     565
     520
     459
     425
     410
     453
     457
     481
     591
     719
     950
    1137
    1039
     882
     621
     494
     452
     452
     445
     454
     458
     473
     468
     424
     416
     424
     403
     461
     397
     425
     419
     423
     380
     400
     370
     417
     422
     409
     431
     458
     478
     437
     370
     395
     387
     414
     379
     427
     433
     440
     401
     411
     420
     395
     433
     356
     360
     385
     394
     390
     401
     435
     465
     538
     509
     453
     433
     383
     408
     415
     449
     445
     385
     438
     488
     506
     497
     477
     430
     361
     359
     367
     373
     427
     363
     350
     387
     375
     423
     453
     491
     690
    1106
    1826
    2608
    2813
    2031
    1137
     649
     400
     406
     417
     412
     478
     489
     453
     466
     415
     392
     372
     412
     390
     374
     365
     366
     357
     411
     404
     386
     440
     520
     663
     837
    1204
    1408
    1275
     940
     560
     410
     391
     359
     372
     389
     359
     360
     348
     341
     361
     344
     328
     351
     377
     344
     375
     367
     313
     348
     335
     340
     355
     344
     381
     395
     410
     401
     407
     354
     350
     335
     342
     385
     299
     345
     358
     358
     334
     350
     376
     339
     335
     322
     327
     326
     335
     339
     391
     353
     353
     350
     327
     369
     319
     341
     347
     357
     361
     359
     360
     331
     327
     342
     393
     395
     390
     400
     395
     378
     341
     320
     340
     361
     387
     436
     381
     391
     330
     273
     301
     308
     339
     320
     362
     421
     531
     546
     482
     531
     433
     407
     339
     325
     299
     319
     320
     361
     333
     327
     319
     307
     335
     430
     481
     434
     396
     343
     365
     314
     313
     309
     282
     295
     295
     312
     317
     314
     335
     345
     338
     328
     332
     326
     302
     308
     331
     328
     288
     300
     294
     321
     273
     272
     250
     311
     292
     299
     282
     300
     267
     318
     324
     295
     298
     307
     312
     298
     334
     307
     307
     284
     272
     321
     305
     280
     329
     323
     328
     340
     381
     415
     411
     390
     406
     381
     344
     310
     287
     288
     295
     257
     315
     297
     306
     291
     284
     280
     284
     299
     279
     331
     319
     295
     328
     291
     317
     284
     286
     293
     316
     292
     291
     295
     282
     293
     284
     292
     278
     271
     323
     328
     360
     393
     362
     376
     370
     395
     378
     358
     377
     391
     402
     399
     360
     360
     328
     291
     282
     296
     273
     282
     282
     303
     313
     326
     304
     291
     299
     288
     267
     318
     299
     293
     286
     299
     268
     329
     303
     314
     283
     329
     341
     318
     304
     348
     375
     386
     431
     407
     384
     375
     325
     332
     324
     297
     294
     269
     261
     263
     300
     287
     289
     269
     322
     316
     330
     340
     380
     433
     539
     613
     574
     501
     427
     379
     322
     307
     324
     337
     353
     334
     358
     361
     356
     360
     336
     348
     309
     340
     296
     301
     309
     339
     366
     395
     461
     443
     385
     376
     377
     434
     516
     565
     632
     558
     448
     335
     291
     291
     270
     276
     260
     266
     300
     274
     334
     344
     393
     418
     422
     381
     330
     360
     333
     319
     367
     403
     432
     442
     442
     441
     375
     347
     285
     301
     287
     289
     308
     281
     325
     367
     326
     383
     581
     785
     958
    1005
     863
     543
     378
     315
     272
     282
     316
     311
     303
     312
     285
     250
     276
     250
     264
     289
     286
     299
     276
     295
     288
     305
     355
     357
     387
     354
     300
     296
     275
     291
     345
     313
     343
     324
     288
     303
     303
     322
     340
     320
     334
     334
     322
     304
     308
     282
     317
     330
     364
     352
     391
     374
     334
     345
     324
     291
     350
     296
     343
     360
     324
     305
     314
     321
     280
     273
     285
     294
     297
     302
     319
     339
     385
     409
     395
     334
     284
     289
     288
     282
     287
     316
     311
     336
     284
     347
     416
     360
     361
     308
     304
     303
     249
     265
     242
     300
     317
     323
     307
     325
     292
     275
     286
     251
     278
     252
     281
     304
     303
     293
     322
     323
     341
     334
     305
     285
     290
     256
     273
     315
     292
     306
     298
     286
     327
     262
     317
     279
     326
     321
     374
     411
     405
     304
     332
     260
     268
     257
     240
     228
     253
     237
     279
     286
     305
     307
     297
     258
     254
     265
     238
     258
     248
     255
     264
     256
     255
     282
     265
     252
     259
     247
     258
     241
     243
     288
     288
     260
     255
     259
     256
     292
     279
     266
     282
     293
     311
     277
     288
     242
     284
     230
     250
     264
     246
     274
     287
     272
     280
     288
     254
     249
     243
     234
     238
     234
     262
     259
     231
     260
     258
     242
     253
     240
     234
     270
     235
     230
     252
     227
     225
     267
     221
     235
     239
     212
     230
     237
     234
     239
     238
     286
     268
     252
     246
     236
     270
     257
     243
     223
     236
     243
     228
     231
     246
     237
     278
     269
     224
     263
     275
     294
     304
     295
     239
     291
     228
     226
     242
     246
     261
     248
     281
     250
     269
     256
     218
     238
     234
     234
     248
     233
     216
     217
     239
     230
     207
     264
     212
     219
     214
     247
     238
     226
     272
     216
     226
     246
     270
     273
     323
     356
     317
     275
     291
     267
     231
     240
     238
     221
     236
     208
     248
     215
     208
     230
     234
     215
     226
     231
     207
     185
     220
     224
     237
     226
     262
     278
     340
     429
     469
     493
     435
     305
     282
     287
     259
     247
     256
     185
     192
     206
     220
     202
     200
     179
     200
     229
     192
     214
     193
     203
     178
     202
     225
     193
     193
     224
     206
     200
     201
     204
     194
     193
     230
     219
     242
     218
     253
     264
     275
     275
     252
     253
     227
     244
     250
     228
     227
     241
     222
     211
     229
     232
     232
     233
     213
     229
     199
     222
     230
     254
     236
     232
     213
     201
     181
     175
     167
     192
     210
     190
     175
     187
     203
     183
     188
     215
     182
     179
     219
     193
     229
     195
     175
     209
     212
     203
     220
     184
     205
     206
     214
     173
     171
     203
     205
     179
     193
     194
     195
     215
     191
     194
     200
     205
     209
     230
     272
     323
     329
     325
     314
     245
     224
     212
     169
     199
     187
     199
     196
     205
     202
     219
     228
     239
     209
     233
     240
     186
     222
     189
     154
     186
     169
     192
     196
     199
     206
     185
     195
     187
     187
     173
     174
     164
     156
     180
     200
     202
     177
     168
     194
     203
     171
     184
     202
     203
     194
     193
     172
     190
     208
     194
     181
     204
     189
     227
     177
     182
     164
     170
     175
     184
     233
     237
     284
     297
     264
     243
     220
     211
     185
     182
     172
     183
     186
     198
     177
     227
     208
     179
     211
     187
     172
     171
     160
     158
     181
     164
     162
     178
     177
     197
     181
     148
     186
     188
     170
     166
     205
     190
     186
     186
     163
     184
     154
     153
     164
     173
     168
     167
     189
     162
     157
     177
     183
     177
     207
     194
     197
     181
     298
     353
     456
     627
     622
     546
     423
     334
     261
     240
     248
     303
     455
     580
     776
     831
     777
     584
     395
     242
     202
     167
     160
     201
     171
     185
     190
     193
     192
     191
     170
     156
     197
     175
     172
     143
     160
     174
     176
     157
     166
     156
     151
     162
     152
     181
     168
     164
     171
     174
     195
     167
     192
     160
     195
     224
     262
     237
     237
     183
     186
     175
     201
     222
     264
     330
     413
     492
     467
     375
     294
     192
     203
     161
     184
     177
     177
     188
     236
     282
     378
     394
     396
     415
     278
     233
     175
     153
     156
     166
     161
     165
     151
     156
     164
     146
     182
     152
     176
     157
     163
     135
     136
     159
     183
     164
     134
     150
     173
     168
     156
     174
     159
     157
     153
     164
     150
     165
     179
     173
     160
     160
     172
     192
     171
     194
     179
     181
     181
     189
     245
     174
     198
     177
     161
     161
     169
     169
     148
     163
     170
     154
     165
     151
     157
     155
     141
     152
     161
     148
     132
     154
     159
     136
     146
     163
     159
     150
     161
     171
     189
     206
     184
     183
     136
     176
     159
     131
     127
     165
     155
     162
     174
     185
     214
     218
     261
     332
     333
     336
     280
     338
     391
     423
     435
     410
     307
     216
     177
     185
     165
     131
     141
     179
     182
     169
     192
     197
     233
     216
     185
     209
     202
     240
     303
     333
     435
     394
     362
     281
     213
     169
     164
     168
     191
     184
     198
     220
     311
     307
     487
     671
     685
     733
     554
     380
     214
     198
     196
     143
     202
     215
     182
     171
     162
     175
     145
     164
     161
     163
     139
     151
     158
     154
     130
     156
     153
     146
     147
     169
     178
     177
     179
     149
     151
     170
     184
     142
     168
     156
     163
     148
     172
     170
     143
     175
     152
     146
     143
     144
     127
     139
     161
     128
     151
     161
     129
     137
     135
     123
     150
     129
     143
     154
     152
     176
     186
     197
     197
     177
     163
     160
     149
     143
     188
     177
     161
     172
     134
     176
     141
     175
     156
     154
     171
     137
     183
     173
     170
     179
     169
     170
     184
     134
     161
     136
     164
     161
     178
     187
     193
     225
     197
     163
     169
     147
     152
     159
     136
     136
     145
     185
     146
     168
     146
     154
     146
     145
     152
     141
     180
     193
     226
     234
     219
     205
     182
     162
     135
     136
     146
     148
     125
     158
     134
     154
     167
     144
     168
     164
     156
     165
     137
     145
     137
     172
     148
     146
     165
     173
     179
     180
     142
     169
     172
     130
     153
     160
     150
     158
     164
     171
     165
     144
     148
     140
     151
     133
     147
     131
     148
     149
     131
     124
     115
     122
     132
     140
     112
     123
     157
     133
     135
     134
     141
     125
     123
     151
     148
     146
     149
     146
     149
     141
     145
     147
     132
     115
     133
     129
     143
     125
     142
     138
     128
     136
     148
     133
     153
     144
     134
     138
     121
     122
     126
     120
     132
     129
     121
     138
     117
     128
     123
     112
     139
      98
     110
     107
     145
     147
     129
     172
     209
     221
     285
     254
     228
     210
     128
     134
     121
     128
     134
     127
     130
     136
     156
     125
     140
     133
     141
     111
     124
     100
     119
     136
     157
     146
     172
     162
     145
     147
     138
     125
     124
     119
     124
     134
     108
     118
     117
     133
     115
     123
     135
     111
     124
     115
     124
     111
     106
     117
      98
     102
      98
     105
     106
     110
      87
     134
      86
     116
     110
     105
     114
     106
     107
     110
     108
     117
     125
     125
     137
     138
     141
     135
     136
     130
     157
     102
     102
     115
     124
     111
      92
      94
     120
      91
     102
     117
     104
     105
     120
     106
     130
      96
     109
     123
     142
     148
     173
     204
     228
     228
     223
     207
     180
     151
     104
     112
     113
     129
     112
     110
     101
     120
      99
      96
     112
     118
      96
      95
     109
     121
     132
     121
     136
     155
     192
     172
     149
     141
     120
      83
      97
      95
     109
     100
     111
     112
     105
      92
     112
     101
      87
      95
     107
     103
      95
     111
     124
      76
     134
     114
      77
     102
     112
      99
     105
      96
      89
     115
     121
     111
     125
     128
     129
      91
     115
     122
     115
     112
     119
     135
     135
     125
      93
      92
      96
      94
     105
      82
      91
      93
     101
      95
      96
     105
      94
     106
     109
     117
      88
      87
     102
      98
      88
      90
      82
      88
      82
      80
     108
      94
     110
      99
     104
     119
     138
     130
     125
     161
     175
     171
     155
     121
     114
      93
      67
      81
      92
     108
      88
      82
      98
      95
     105
      99
      93
      96
      88
     106
      93
      91
      97
      89
      95
      85
      97
     115
      99
      89
      80
      89
      95
      93
      73
      82
      88
      92
      94
      84
      98
      97
     113
     103
      94
     109
      81
     101
     104
      91
      81
      74
     104
     106
     125
     138
     140
     148
     150
     140
     112
     100
     103
      93
     102
      97
      94
      82
     101
      99
      91
      92
      97
      94
     114
      90
      85
      82
      84
      86
      79
      96
      86
      86
      94
      93
      72
      79
     100
      80
      72
      74
      84
      72
      80
      84
      72
      91
      60
      99
      93
      90
      81
      89
     114
     115
     112
     110
      98
      80
      85
      86
      88
      70
      82
      85
      87
     101
      71
      90
      58
      80
      91
     101
      95
     138
     141
     165
     170
     126
     111
      81
     108
      81
      94
      66
      80
      84
      75
      94
      79
      92
      78
     107
      92
      84
      89
      68
      72
      84
     100
      97
      94
      77
      94
      76
      69
      85
      82
      82
      83
      91
      79
      86
     134
     141
     159
     220
     387
     590
     841
    1004
    1194
    1060
     823
     511
     288
     158
     116
      94
      92
      85
      71
      72
      69
      66
      85
      69
      94
     104
      89
      88
      89
     119
     127
     121
     118
     119
      97
      93
      83
      65
      72
      83
      82
      86
      71
     100
      87
     109
     132
      89
      84
      85
      93
     100
      85
      65
      97
      72
      81
      73
      69
      56
      75
      83
      84
      80
      94
      71
      81
      74
      51
      80
      89
      89
      99
     109
      85
      87
      83
      58
      60
      56
      63
      76
      78
      71
      92
      82
      72
      76
      87
      67
      59
      69
      57
      61
      57
      60
      46
      52
      51
      63
      59
      52
      55
      56
      63
      60
      72
      85
      74
      63
      72
      84
      81
      82
      67
      72
      84
      75
      61
      56
      59
      71
      74
      69
      73
      71
      71
      80
      91
      76
      64
      54
      43
      58
      55
      65
      59
      55
      58
      49
      58
      58
      73
      58
      51
      53
      46
      62
      44
      45
      43
      50
      59
      56
      41
      39
      46
      66
      58
      53
      62
      45
      50
      52
      45
      51
      58
      56
      50
      56
      56
      57
      48
      47
      63
      54
      40
      55
      39
      50
      51
      80
      74
      79
      99
      99
      95
      78
      67
      60
      52
      68
      46
      56
      58
      55
      47
      49
      55
      47
      44
      42
      56
      49
      58
      56
      37
      55
      39
      57
      54
      43
      46
      48
      52
      43
      54
      53
      56
      70
      77
      90
     105
     117
     145
     156
     165
     111
      88
      61
      64
      66
      41
      61
      48
      50
      59
      40
      58
      54
      51
      31
      50
      50
      60
      51
      49
      52
      68
      66
      64
      69
      44
      51
      41
      28
      34
      37
      55
      42
      41
      55
      63
      45
      69
      59
      88
      76
     104
     150
     138
     133
     105
     102
     102
     108
      81
     109
      87
      92
      72
      59
      55
      72
$ROI:
0
$PRESETS:
None
0
0
$ENER_FIT:
-0.17 0.50021
$MCA_CAL:
3
-0.17000 0.50021 0.00 keV
$SHAPE_CAL:
3
-0.745400338012 7.65204008958 -26.7731741705
$META:
{'istp': ['133CEm', '133CEg', '133LA', '132CE', '132LA', '139CE', '137CEg', '137CEm', '137LA', '135CE', '135LA', '134LA', '132CS', '7BE', '133BAm', '133BAg'], 'res': 0.05, 'R': 0.2, 'unc_eff': [[0.022038742051812752, -0.23165177067312645, 0.6005679933771606], [-0.2316517706731248, 2.449183052674086, -6.383802492714265], [0.6005679933771524, -6.3838024927142225, 16.725097801251202]], 'alpha': 0.9}
