$SPEC_ID:
No sample description was entered.
$SPEC_REM:
DET# 9480
DETDESC# HPGE
AP# Maestro Version 7.01
$DATE_MEA:
10/17/2018 04:06:57
$MEAS_TIM:
1800 1956
$DATA:
0 4095
     300
     326
       0
       0
       0
       0
       0
       0
       0
       0
       0
       0
       0
       0
       0
       0
       0
       0
       0
       0
       0
       0
       0
       0
       0
       0
       0
       0
       0
       0
       0
       0
       0
       0
       0
       0
       0
       0
       0
       0
       0
       0
       0
       0
       0
       0
       0
       0
       0
       0
       0
       0
       0
       0
       0
       0
       0
       0
       0
       0
       0
       0
       0
       0
       0
       0
       0
       0
       0
       0
       0
       0
       0
       0
       0
       0
       0
       0
       0
       0
      15
     112
     385
    1205
    8149
   14481
   14541
   14506
   14673
   14163
   14231
   14046
   14201
   14276
   14181
   14051
   13911
   13823
   13982
   13994
   13737
   13649
   13744
   13686
   13551
   13452
   13491
   13436
   13494
   13520
   13342
   13418
   13471
   13421
   13438
   13989
   18839
   24253
   15873
   13361
   12999
   12963
   13035
   13064
   12924
   12972
   13042
   12867
   13012
   12781
   12868
   12848
   13035
   13188
   12942
   13000
   13121
   13058
   13058
   13160
   12996
   13084
   13007
   13128
   13284
   13742
   14029
   13181
   13304
   13681
   14890
   13950
   13044
   13130
   13178
   13235
   12972
   13048
   13195
   13235
   13145
   13512
   13259
   13441
   13408
   13506
   13563
   14012
   14008
   14365
   14770
   14199
   14411
   14646
   15883
   19722
   25206
   19017
   15744
   14564
   14578
   14568
   14567
   14686
   14858
   14889
   14942
   14715
   15043
   15116
   15014
   15222
   15255
   15890
   19049
   19360
   15929
   15484
   15582
   15887
   15665
   15845
   15926
   16124
   16287
   16299
   16303
   16488
   16510
   16555
   16822
   16932
   16977
   17213
   17137
   17097
   17376
   17530
   17734
   17594
   17657
   17955
   17924
   17711
   18033
   18306
   18388
   18263
   18347
   18532
   18659
   18615
   18730
   18675
   18638
   19335
   19978
   19575
   20344
   23044
   21123
   19160
   18739
   19131
   18969
   18942
   19006
   20346
   21104
   19540
   19285
   19151
   19093
   19133
   19185
   19612
   19296
   19225
   19529
   19928
   25332
   51061
   61254
   29396
   20332
   19939
   20284
   19746
   19614
   19618
   19528
   19491
   19340
   19403
   19608
   19513
   19298
   19336
   19438
   19344
   19087
   19088
   19340
   19366
   19273
   19206
   19293
   18999
   19043
   18901
   19136
   18991
   19103
   19077
   18627
   18649
   18807
   19106
   18686
   18654
   18581
   18285
   18531
   18550
   18280
   18299
   18074
   18374
   18239
   18249
   18570
   19083
   18532
   17876
   17934
   17979
   17879
   17672
   17976
   17466
   17536
   17605
   17968
   17505
   17618
   17741
   17553
   17442
   17217
   17173
   17130
   17526
   17609
   17513
   17396
   17593
   17207
   17314
   17882
   17842
   17648
   17694
   17640
   17999
   17955
   18293
   18068
   17920
   18243
   18019
   18021
   17826
   17814
   17809
   17830
   18073
   18596
   20346
   19996
   18028
   17514
   17446
   17272
   18034
   20923
   20530
   17716
   16971
   16919
   16859
   16620
   16737
   16640
   16777
   16727
   16274
   16549
   16360
   16445
   16057
   16394
   16426
   15840
   16129
   16050
   16013
   16200
   16167
   15786
   15607
   15731
   15711
   15614
   15609
   15391
   15451
   15285
   15332
   15186
   15184
   15374
   15225
   15177
   14936
   14826
   14872
   14808
   14840
   14865
   14852
   14764
   15981
   23665
   35040
   26191
   16209
   14399
   14246
   14162
   13974
   14247
   13982
   14141
   14168
   14227
   13857
   13826
   13662
   13582
   13612
   13436
   13615
   14565
   14143
   13401
   13419
   13021
   12911
   12898
   12817
   12623
   12893
   12823
   12819
   12660
   12483
   12369
   12347
   12540
   12504
   12320
   12143
   12418
   11917
   11948
   12094
   12173
   12523
   12407
   11793
   11611
   11438
   11544
   11446
   11595
   11244
   11594
   11343
   11194
   11043
   10960
   11207
   11243
   11268
   11098
   11067
   11078
   11011
   10851
   10867
   10728
   10562
   10787
   10725
   10958
   10702
   10590
   10593
   10704
   10642
   10573
   10364
   10176
   10536
   10397
   10196
   10633
   11550
   12284
   11239
   10404
   10360
   10120
   10084
   10217
   10187
   10367
   10990
   14285
   15471
   11886
   10127
    9907
    9697
    9887
    9874
    9763
    9714
    9756
    9818
    9832
   10153
   11647
   12381
   11098
   10074
   10078
   10257
   10997
   15829
   44343
   89394
   65363
   20955
   10954
   11061
   12129
   11416
   10034
    9275
    9171
    9271
    9169
    9217
    9257
    9221
    9303
    9227
    9332
    9323
    9317
    9487
   10039
    9538
    9069
    9267
   11319
   16881
   19405
   13073
    9418
    9004
    8892
    8868
    9278
    9426
    9295
    8959
    8758
    8704
    8726
    8943
    9020
    9024
    9216
    9238
    9073
    8835
    9226
   11473
   14380
   13111
   11322
   10419
    9061
    8734
    8849
    9043
    9419
    9520
    9025
    8737
    8830
    8773
    8784
    8759
    9092
    9484
   12644
   26847
   47592
   36938
   15405
   10342
   13009
   14942
   11435
    9234
    8743
    8619
    8519
    8554
    8698
    8610
    9210
    9696
    8745
    8420
    8394
    8335
    8402
    8263
    8337
    8148
    8235
    8267
    8178
    8220
    8240
    8244
    8345
    8362
    8249
    8273
    7952
    7939
    8155
    8518
    8437
    8330
    8310
    8102
    8123
    8156
    8011
    7894
    7968
    7945
    7855
    7991
    7913
    8127
    8194
    7930
    7891
    7917
    8170
    8495
    8504
    8013
    8005
    7835
    7823
    7827
    7779
    7858
    7840
    7927
    7825
    7626
    7738
    7395
    7637
    7506
    7432
    7514
    7482
    7903
    8412
    7989
    7244
    6901
    6911
    6808
    6812
    6655
    6625
    6576
    6371
    6319
    6587
    7031
    9014
   10649
    8395
    6291
    5872
    5813
    5752
    5963
    5716
    5752
    5693
    5589
    5529
    5584
    5635
    5463
    5330
    5506
    5374
    5397
    5310
    5266
    5276
    5193
    5221
    4999
    5119
    5095
    5069
    5128
    5065
    5090
    5017
    4961
    5100
    5267
    5962
    6157
    5342
    4865
    4781
    4879
    4841
    4754
    4795
    4633
    4768
    4801
    4971
    4773
    4524
    4558
    4626
    4736
    4907
    4974
    4693
    4590
    4482
    4310
    4381
    4557
    4332
    4426
    4332
    4241
    4631
    5727
    5928
    4935
    4346
    4243
    4032
    4149
    4114
    4177
    4145
    4070
    4176
    4169
    4005
    3957
    4130
    4400
    4537
    4161
    3967
    4004
    3767
    3892
    3887
    3773
    3896
    3918
    3793
    3744
    3635
    3630
    3631
    3610
    3592
    3613
    3796
    4247
    4555
    4217
    3593
    3561
    3743
    3642
    3518
    3399
    3335
    3262
    3292
    3351
    3834
    4481
    4644
    3933
    3315
    3308
    3501
    3278
    3194
    3046
    3206
    3192
    3621
    3608
    3422
    3193
    2998
    3070
    3015
    3182
    3055
    3024
    3071
    3048
    2963
    3031
    2966
    2913
    3014
    3065
    3187
    3302
    3040
    3012
    2944
    2909
    3014
    3229
    3526
    3277
    2944
    2839
    2878
    2847
    2752
    2774
    2767
    2718
    2706
    2765
    2808
    2752
    2743
    2743
    2842
    3023
    4099
    5578
    4896
    3330
    2747
    2692
    2583
    2705
    2613
    2686
    2701
    2740
    2665
    2537
    2589
    2584
    2515
    2488
    2571
    2537
    2507
    2527
    2727
    3247
    3927
    3855
    3200
    2773
    2603
    2710
    3000
    2968
    2666
    2465
    2327
    2409
    2394
    2393
    2484
    2559
    2559
    2708
    3026
    3074
    2675
    2390
    2384
    2461
    2378
    2257
    2357
    2302
    2370
    2442
    2392
    2323
    2367
    2467
    2402
    2403
    2293
    2334
    2449
    2995
    4891
    7206
    6152
    3632
    2557
    2203
    2226
    2297
    2233
    2232
    2294
    2344
    2315
    2322
    2339
    2277
    2208
    2347
    2390
    2300
    2411
    2957
    4257
    5171
    6496
   13356
   27029
   27936
   13609
    4416
    2736
    2776
    3677
    4479
    3877
    2804
    2361
    2444
    3136
    3896
    3350
    2584
    2502
    2320
    2385
    2579
    2905
    2685
    2255
    2184
    2081
    2104
    2061
    2092
    2059
    2104
    2120
    1982
    2102
    2060
    2210
    2399
    2581
    2722
    2895
    3016
    2584
    2289
    2141
    2256
    2223
    2243
    2089
    2155
    2167
    2259
    2284
    2430
    2321
    2426
    2519
    2658
    2807
    2972
    3173
    3490
    4427
    6167
    9517
   15842
   28649
   50443
   78950
  101712
  105165
   91513
   68910
   44656
   25157
   13918
    8329
    5295
    3798
    3174
    2947
    2941
    4301
    8508
   12671
   10078
    4655
    2275
    1771
    1681
    1619
    1638
    1714
    1773
    2287
    3198
    3263
    2353
    1678
    1401
    1399
    1414
    1541
    1612
    1534
    1493
    1454
    1440
    1396
    1346
    1387
    1362
    1345
    1343
    1337
    1354
    1380
    1386
    1390
    1363
    1309
    1305
    1202
    1221
    1335
    1225
    1306
    1347
    1799
    2444
    3119
    3032
    1978
    1413
    1256
    1257
    1198
    1291
    1306
    1502
    1712
    1702
    1400
    1218
    1196
    1120
    1138
    1117
    1140
    1199
    1171
    1143
    1236
    1186
    1141
    1144
    1092
    1094
    1173
    1257
    1341
    1397
    1283
    1169
    1183
    1140
    1216
    1339
    1440
    1340
    1241
    1114
    1190
    1304
    1344
    1417
    1375
    1547
    1994
    2118
    1867
    2134
    2665
    2477
    1682
    1250
    1239
    1167
    1257
    1393
    2124
    4012
    7162
    7893
    4529
    2004
    1251
    1164
    1225
    1288
    1806
    2887
    4346
    3817
    2214
    1350
    1064
    1031
    1127
    1274
    1326
    1282
    1157
    1101
    1053
    1047
    1158
    1304
    1297
    1122
    1067
     956
    1050
    1037
    1145
    1114
    1025
     969
     977
     1000
    1080
    1109
    1058
    1093
    1084
    1021
     978
    1023
    1103
    1515
    1744
    1512
    1300
    1173
    1056
     1000
     938
     941
     892
     990
     946
     958
    1109
    1113
    1189
    1670
    2900
    4564
    4451
    3937
    6213
   11202
   12421
    7052
    2522
    1182
     935
     941
     989
    1037
    1364
    1958
    2153
    1605
    1137
     941
     864
     994
     974
    1028
     988
    1165
    1678
    2560
    3170
    2763
    1684
    1050
     979
    1091
    1514
    1987
    1895
    1374
     937
     810
     776
     806
     787
     754
     799
     821
     808
     808
     810
     788
     782
     889
     924
     971
    1017
    1034
    1523
    2165
    2191
    1543
    1079
     901
     781
     764
     712
     777
     738
     766
     800
     857
     764
     801
     796
     777
     735
     697
     716
     777
     798
     906
    1143
    1508
    1467
    1099
     828
     710
     715
     691
     672
     654
     664
     635
     675
     641
     675
     675
     701
     670
     788
     880
     858
     775
     671
     699
     675
     714
     696
     624
     624
     666
     649
     667
     640
     634
     691
     713
     743
     899
    1035
    1056
    1004
     986
    1398
    2185
    2414
    1727
    1070
     936
     882
     788
     750
     679
     687
     705
     650
     626
     666
     643
     635
     611
     606
     604
     595
     582
     629
     659
     757
     831
     844
     840
     780
     745
     639
     687
     665
     619
     587
     664
     671
     756
     921
     995
     824
     649
     616
     618
     569
     646
     750
    1181
    1876
    2360
    1823
    1079
     654
     581
     605
     566
     565
     574
     559
     518
     584
     552
     561
     607
     670
     666
     633
     534
     585
     640
     609
     639
     526
     557
     531
     538
     507
     474
     530
     530
     501
     502
     538
     645
     595
     656
     636
     525
     497
     513
     515
     541
     658
     708
     681
     583
     532
     530
     512
     506
     466
     458
     509
     522
     545
     607
     645
     653
     748
     581
     523
     508
     502
     472
     459
     466
     465
     479
     437
     478
     482
     472
     454
     468
     484
     445
     471
     486
     516
     426
     417
     444
     494
     487
     459
     476
     463
     425
     461
     487
     444
     453
     471
     537
     440
     476
     455
     492
     517
     478
     514
     515
     512
     476
     504
     474
     462
     474
     436
     433
     389
     422
     433
     386
     443
     485
     483
     488
     432
     478
     495
     519
     490
     520
     531
     477
     486
     535
     585
     551
     501
     421
     447
     400
     435
     426
     443
     458
     475
     438
     406
     413
     447
     433
     413
     434
     402
     382
     446
     449
     467
     516
     430
     414
     418
     381
     365
     404
     420
     446
     463
     451
     426
     429
     467
     471
     508
     599
     583
     520
     493
     434
     430
     373
     454
     565
     586
     550
     503
     486
     513
     458
     527
     573
     889
    1764
    3694
    5829
    6588
    5670
    3787
    1943
     813
     493
     412
     396
     400
     394
     350
     382
     399
     397
     379
     424
     387
     424
     377
     412
     331
     388
     349
     329
     349
     341
     340
     343
     373
     394
     393
     384
     324
     337
     366
     407
     415
     374
     399
     396
     353
     351
     402
     401
     417
     344
     392
     351
     319
     351
     372
     429
     442
     431
     425
     416
     441
     366
     328
     320
     363
     370
     433
     532
     478
     484
     408
     361
     370
     460
     580
     641
     545
     440
     372
     376
     316
     319
     340
     328
     357
     392
     395
     402
     390
     458
     668
    1244
    2071
    2485
    1988
    1245
     719
     473
     356
     325
     347
     322
     382
     357
     416
     443
     475
     467
     373
     320
     327
     337
     395
     316
     376
     370
     355
     361
     463
     471
     415
     381
     349
     379
     443
     442
     537
     670
     806
     740
     554
     397
     323
     311
     292
     309
     337
     322
     282
     296
     336
     308
     288
     305
     279
     324
     349
     312
     323
     332
     367
     487
     588
     679
     646
     477
     347
     398
     414
     436
     476
     499
     466
     320
     309
     292
     322
     319
     328
     408
     453
     457
     428
     370
     334
     343
     521
     803
    1257
    1510
    1084
     640
     361
     364
     401
     446
     445
     406
     364
     347
     366
     377
     365
     310
     339
     345
     312
     303
     354
     292
     318
     286
     278
     269
     269
     288
     283
     260
     290
     325
     301
     335
     329
     330
     272
     266
     279
     273
     308
     263
     271
     272
     268
     272
     253
     284
     256
     248
     269
     239
     255
     274
     264
     311
     348
     391
     359
     296
     320
     305
     295
     287
     288
     307
     312
     390
     559
     790
     921
     759
     460
     352
     271
     243
     273
     250
     284
     304
     301
     325
     313
     325
     295
     311
     271
     284
     295
     284
     305
     271
     274
     235
     269
     265
     260
     277
     306
     305
     262
     267
     288
     276
     262
     304
     270
     297
     248
     301
     272
     278
     262
     229
     232
     267
     258
     236
     294
     314
     309
     275
     276
     308
     292
     277
     282
     285
     253
     264
     290
     254
     226
     261
     266
     247
     239
     254
     226
     247
     239
     230
     267
     319
     305
     371
     386
     319
     267
     243
     235
     224
     247
     254
     258
     220
     253
     313
     440
     548
     570
     463
     360
     274
     253
     232
     236
     223
     255
     221
     256
     231
     250
     237
     209
     225
     250
     219
     240
     264
     238
     280
     307
     258
     258
     309
     305
     339
     336
     318
     309
     266
     289
     276
     278
     244
     263
     263
     269
     284
     304
     356
     493
     460
     431
     300
     263
     221
     271
     264
     249
     262
     261
     268
     241
     232
     239
     239
     243
     228
     253
     216
     262
     288
     369
     455
     429
     398
     294
     269
     217
     252
     232
     265
     332
     363
     550
     754
     890
     820
     597
     397
     271
     253
     231
     235
     230
     237
     227
     208
     214
     259
     277
     256
     270
     235
     219
     210
     221
     227
     247
     237
     211
     238
     263
     230
     253
     283
     267
     263
     209
     212
     223
     178
     211
     240
     234
     266
     240
     245
     224
     229
     204
     240
     229
     203
     241
     219
     256
     318
     336
     334
     297
     293
     241
     246
     226
     268
     227
     249
     236
     313
     302
     313
     244
     265
     218
     212
     197
     211
     186
     217
     202
     199
     211
     204
     213
     220
     211
     228
     303
     342
     313
     277
     217
     202
     198
     186
     189
     218
     220
     218
     211
     202
     189
     181
     225
     215
     199
     189
     212
     164
     201
     229
     213
     245
     282
     270
     310
     261
     279
     303
     278
     248
     199
     220
     211
     189
     180
     190
     202
     176
     207
     208
     175
     179
     186
     189
     211
     182
     214
     190
     172
     171
     177
     164
     179
     184
     211
     232
     242
     264
     252
     240
     193
     190
     196
     196
     208
     174
     211
     200
     196
     191
     181
     194
     184
     186
     177
     180
     156
     208
     192
     233
     230
     200
     183
     205
     202
     206
     194
     216
     202
     205
     187
     156
     170
     182
     215
     211
     219
     205
     211
     189
     175
     198
     174
     245
     266
     240
     246
     263
     206
     175
     178
     164
     163
     194
     233
     255
     308
     342
     344
     305
     269
     225
     171
     179
     176
     179
     167
     195
     161
     180
     194
     193
     228
     289
     319
     283
     231
     186
     166
     155
     174
     166
     189
     166
     183
     158
     175
     188
     189
     181
     203
     167
     208
     175
     164
     149
     161
     124
     138
     160
     161
     158
     165
     148
     160
     173
     166
     160
     133
     157
     150
     156
     171
     156
     166
     156
     201
     145
     169
     183
     154
     170
     154
     184
     171
     162
     169
     160
     184
     183
     231
     238
     249
     259
     260
     215
     176
     185
     144
     146
     181
     165
     144
     138
     174
     150
     169
     163
     177
     180
     179
     159
     182
     198
     183
     148
     159
     145
     144
     165
     171
     169
     197
     149
     174
     139
     148
     147
     145
     161
     207
     221
     241
     288
     295
     268
     250
     240
     219
     228
     213
     217
     260
     249
     263
     201
     219
     172
     177
     185
     158
     159
     157
     179
     144
     163
     130
     143
     145
     137
     164
     157
     161
     172
     143
     147
     166
     168
     160
     191
     181
     179
     165
     182
     177
     210
     243
     275
     280
     302
     253
     243
     224
     214
     221
     185
     150
     143
     159
     141
     147
     167
     172
     169
     189
     196
     195
     197
     239
     336
     413
     506
     579
     449
     329
     207
     171
     172
     176
     175
     180
     189
     185
     197
     203
     194
     197
     177
     199
     170
     140
     149
     183
     186
     201
     205
     241
     271
     284
     217
     248
     273
     336
     423
     474
     413
     295
     205
     167
     149
     162
     148
     160
     161
     146
     166
     201
     227
     234
     243
     226
     200
     158
     164
     155
     215
     226
     223
     285
     314
     334
     329
     254
     226
     196
     152
     173
     149
     164
     172
     174
     169
     170
     172
     192
     194
     238
     213
     206
     144
     176
     164
     148
     154
     163
     163
     171
     145
     150
     150
     154
     151
     139
     142
     170
     167
     174
     168
     199
     207
     248
     258
     262
     223
     179
     152
     164
     162
     164
     192
     154
     173
     172
     182
     143
     163
     177
     154
     165
     171
     186
     172
     151
     179
     196
     204
     161
     172
     150
     180
     180
     187
     201
     172
     196
     182
     197
     207
     197
     163
     149
     151
     139
     140
     156
     153
     157
     156
     210
     275
     324
     295
     236
     214
     140
     181
     160
     164
     196
     160
     150
     131
     134
     173
     176
     194
     186
     179
     155
     158
     150
     152
     157
     154
     137
     202
     162
     150
     163
     159
     160
     136
     132
     156
     149
     141
     171
     186
     209
     221
     240
     186
     159
     150
     157
     145
     137
     131
     159
     166
     157
     176
     168
     189
     142
     162
     180
     199
     280
     268
     263
     239
     151
     153
     142
     145
     130
     132
     139
     141
     149
     168
     176
     177
     148
     129
     144
     137
     123
     140
     147
     137
     139
     140
     141
     143
     136
     141
     136
     144
     125
     154
     158
     125
     132
     143
     129
     131
     128
     120
     131
     131
     133
     163
     165
     154
     138
     145
     123
     136
     141
     138
     173
     130
     144
     170
     181
     158
     137
     152
     131
     131
     123
     118
     142
     112
     139
     128
     123
     136
     108
     135
     134
     131
     112
     128
     130
     104
     111
     103
     124
     123
     114
     115
     125
     106
     123
     123
     125
     120
     142
     154
     143
     125
     108
     111
     102
     106
     115
     111
     110
     117
     105
     106
     110
     109
     113
     134
     137
     133
     110
     128
     125
     105
     136
     123
     123
     144
     141
     140
     156
     145
     138
     121
     113
      93
     110
     117
     103
     108
     114
     128
      90
     122
     112
     103
     102
      99
      94
     120
     113
     138
      98
     108
     130
     121
     146
     176
     191
     205
     179
     159
     127
     129
     129
     128
     123
     114
     105
     116
     113
     111
     108
     105
     103
     110
     113
     105
     107
     103
      92
     102
     101
     112
     127
     162
     210
     285
     355
     330
     275
     171
     162
     121
     132
     126
     117
     132
     102
     108
      86
      95
      85
      89
      78
      89
     101
     104
      88
      92
      80
      81
      88
      85
      94
      92
      98
      98
     112
      92
      74
      82
      98
     110
      92
      90
      96
     102
     107
      94
      90
     102
      85
      80
      84
     112
      96
     113
      95
     108
      97
     129
     107
     132
     105
     104
     109
      87
      98
      84
      90
      96
      77
      89
      72
      90
      92
      95
      81
      90
      83
      88
      79
      74
      91
      81
      88
      90
     105
      83
      78
     104
      92
     103
      82
      91
      96
      89
      93
      80
      95
     112
     113
     114
      93
     105
      96
      85
      99
      93
     101
      88
      96
      95
     114
     129
     138
     195
     259
     271
     192
     149
     103
      75
      80
      86
     100
      91
      87
      81
     107
      86
      70
      98
      91
      85
      87
      67
      83
      70
      94
      58
      84
      75
      86
      64
      78
      79
      87
      79
      81
      84
      73
      91
      77
      82
      65
      70
      73
      84
      65
      69
      77
      76
      84
      86
      85
      76
      70
      69
      71
      77
      69
      70
      73
      63
      68
      65
     102
      82
      81
      98
     124
     158
     194
     180
     171
     132
     106
     105
     104
     101
      84
      75
      81
      84
      82
      95
      96
      99
      93
      74
      68
      63
      77
      61
      77
      79
      78
      64
      87
      91
      90
      71
      80
      66
      75
      80
      72
      81
      95
      97
      96
      83
      65
      58
      67
      81
      72
      53
      87
      65
      67
      67
      73
      98
      79
      81
     113
     113
     169
     287
     351
     453
     497
     396
     315
     183
     125
     142
     166
     250
     321
     478
     656
     738
     672
     456
     247
     156
      90
      86
      67
      78
      74
      71
      77
      98
      93
      58
      82
      69
      60
      86
      64
      81
      63
      61
      55
      68
      68
      61
      53
      71
      48
      68
      65
      52
      68
      83
      81
      58
      85
      92
     101
     116
     125
     134
     105
      99
      92
      75
     100
     110
     182
     213
     325
     373
     348
     259
     169
      88
      71
      68
      58
      56
      59
      62
      61
      65
      93
      95
      70
      85
      83
      71
      70
      59
      62
      58
      51
      67
      59
      57
      60
      48
      62
      78
      65
      76
      65
      69
      76
      73
      97
      62
      56
      60
      63
      54
      60
      68
      59
      59
      74
      65
      81
      73
      58
      63
      64
      73
      72
      76
      85
     103
      79
      86
      77
      80
     109
      84
      81
      59
      58
      82
      61
      66
      62
      75
      56
      65
      50
      48
      57
      54
      64
      56
      53
      57
      47
      54
      63
      65
      62
      38
      40
      63
      80
      79
      74
      96
      90
      83
      65
      55
      51
      52
      50
      54
      57
      56
      60
      67
      58
      47
      80
      83
      69
     105
     145
     191
     299
     319
     314
     216
     188
     130
      60
      63
      65
      43
      51
      55
      73
      60
      64
      67
      76
      78
      74
      93
     110
     163
     228
     300
     362
     337
     286
     182
     115
      66
      56
      55
      51
      55
      74
      70
      73
      72
      70
      76
      72
      72
      66
      68
      53
      56
      47
      69
      64
      83
      62
      64
      45
      59
      49
      58
      55
      52
      45
      54
      57
      49
      44
      42
      40
      46
      55
      43
      56
      68
      50
      69
      63
      65
      58
      68
      76
      64
      66
      49
      46
      47
      54
      39
      42
      33
      41
      46
      43
      42
      50
      46
      46
      47
      36
      36
      43
      41
      42
      38
      48
      48
      50
      94
      75
      99
      97
      61
      58
      45
      59
      66
      50
      59
      52
      58
      44
      38
      42
      46
      44
      48
      50
      41
      43
      53
      42
      52
      47
      57
      53
      61
      47
      49
      52
      59
      57
      74
      87
      90
      92
      78
      62
      50
      48
      51
      52
      65
      59
      71
      63
      53
      57
      51
      41
      61
      48
      64
      76
     105
     109
     138
     100
      81
      54
      56
      56
      52
      39
      50
      43
      46
      57
      43
      41
      28
      37
      42
      37
      43
      25
      44
      47
      33
      46
      67
      75
      74
      48
      64
      75
      60
      49
      45
      51
      49
      46
      70
      41
      66
      54
      45
      52
      37
      33
      59
      40
      46
      35
      45
      44
      33
      37
      35
      45
      36
      33
      44
      48
      35
      46
      55
      36
      36
      42
      45
      64
      73
      67
      59
      50
      49
      33
      46
      42
      37
      38
      30
      33
      30
      53
      70
      40
      46
      54
      35
      33
      37
      44
      40
      42
      36
      36
      37
      55
      36
      55
      46
      53
      49
      41
      47
      39
      36
      45
      46
      53
      48
      68
      78
      98
     155
     160
     167
     128
     110
      75
      48
      49
      52
      40
      48
      39
      52
      44
      54
      63
      51
      31
      45
      43
      30
      34
      48
      45
      48
      39
      55
      57
      48
      42
      39
      31
      33
      40
      25
      26
      32
      44
      35
      31
      43
      34
      45
      38
      26
      30
      30
      32
      25
      31
      23
      42
      30
      32
      26
      29
      36
      39
      25
      23
      31
      36
      33
      31
      32
      32
      38
      29
      41
      36
      21
      37
      30
      44
      26
      28
      23
      23
      39
      32
      30
      29
      28
      42
      35
      22
      35
      35
      31
      35
      25
      34
      42
      49
      55
      73
      66
      96
      98
     125
     153
     145
     112
      85
      55
      39
      28
      43
      27
      39
      40
      35
      25
      33
      23
      38
      38
      32
      40
      39
      45
      54
      55
      80
     106
     114
      77
      72
      66
      34
      33
      35
      38
      25
      22
      31
      34
      26
      27
      24
      22
      25
      30
      26
      33
      22
      38
      21
      22
      35
      40
      22
      26
      29
      33
      32
      32
      25
      26
      22
      26
      22
      34
      28
      27
      25
      33
      23
      33
      35
      25
      31
      21
      26
      26
      34
      24
      40
      28
      32
      17
      25
      29
      14
      22
      20
      24
      34
      21
      25
      27
      18
      30
      20
      25
      26
      22
      19
      18
      32
      26
      23
      37
      23
      27
      20
      25
      32
      37
      38
      24
      25
      36
      30
      22
      22
      24
      27
      30
      27
      28
      21
      33
      34
      20
      24
      31
      40
      27
      19
      26
      32
      23
      43
      42
      25
      30
      28
      37
      33
      24
      28
      28
      20
      20
      21
      21
      23
      24
      20
      32
      34
      31
      23
      23
      20
      30
      34
      24
      23
      27
      44
      42
      36
      75
      58
      82
      76
      51
      40
      31
      29
      16
      29
      28
      29
      20
      28
      19
      28
      21
      27
      21
      22
      19
      32
      25
      20
      23
      21
      14
      28
      26
      22
      26
      16
      22
      19
      18
      22
      22
      24
      22
      29
      26
      26
      22
      21
      23
      26
      22
      20
      27
      27
      30
      24
      27
      22
      20
      25
      19
      21
      22
      15
      10
      24
      32
      26
      23
      23
      26
      34
      45
      52
      85
     102
     127
     125
      63
      68
      34
      34
      34
      24
      25
      24
      19
      17
      17
      16
      17
      26
      24
      24
      17
      19
      29
      23
      29
      30
      29
      22
      20
      23
      18
      10
      18
      20
      20
      18
      27
      21
      19
      21
      22
      24
      29
      38
      44
      73
      87
      80
      73
      48
      39
      31
      23
      19
      15
       9
      15
      14
      13
      16
      16
      15
      12
      20
      17
      21
      17
      14
      14
      23
      17
      23
      17
      20
      21
      16
       8
      13
      21
      16
      22
      12
      14
      26
      17
      25
      17
      28
      34
      35
      35
      28
      28
      14
      30
      11
       9
      17
      19
      10
      16
      14
      16
      10
      11
      17
       9
      18
      20
      36
      44
      37
      26
      27
      18
      17
      14
       9
      10
      12
       7
       9
      10
      10
      16
       8
      17
      18
      13
      11
      12
      13
      11
      13
      15
       8
      15
      13
      16
      13
      21
      17
      15
      14
      21
      22
      20
      30
      24
      32
      23
      37
      29
      28
      31
      26
      21
      21
      10
      15
      16
       8
      16
      13
      18
       9
      13
      10
      12
      19
       9
      21
      15
      15
      11
       9
       9
      13
       8
      12
      14
       8
      12
       9
       8
       6
       8
       9
       7
      12
      13
      16
      11
       7
       8
      12
       8
      12
      10
      13
      13
      13
       7
       3
       8
      12
      11
       9
       5
       8
      11
      10
      12
      11
      13
      13
      19
      16
      18
      18
      17
      23
      18
      19
      11
      10
      14
      14
       7
      16
      10
      13
       8
      17
      14
      15
       9
      10
      12
      16
      11
      12
      13
       7
       8
       4
       8
       9
      12
      12
       7
       9
       9
      25
      11
      16
      14
      15
      27
      31
      49
      69
      97
     129
     126
     107
      69
      53
      33
      20
      12
       9
       8
       8
      11
       9
       5
      11
      12
      10
      14
      14
      12
       3
      18
      18
      18
      12
      20
      19
      12
      13
       9
      16
      11
       5
       6
       6
      11
      13
      13
      10
       4
       3
      12
      15
      15
      18
      28
      18
      16
      24
      35
      51
      59
      70
      73
      46
      35
      27
      20
      14
      17
$ROI:
0
$PRESETS:
None
0
0
$ENER_FIT:
-0.17 0.50021
$MCA_CAL:
3
-0.17000 0.50021 0.00 keV
$SHAPE_CAL:
3
-0.745400338012 7.65204008958 -26.7731741705
$META:
{'istp': ['133CEm', '133CEg', '133LA', '132CE', '132LA', '139CE', '137CEg', '137CEm', '137LA', '135CE', '135LA', '134LA', '132CS', '7BE', '133BAm', '133BAg'], 'res': 0.05, 'R': 0.2, 'unc_eff': [[0.022038742051812752, -0.23165177067312645, 0.6005679933771606], [-0.2316517706731248, 2.449183052674086, -6.383802492714265], [0.6005679933771524, -6.3838024927142225, 16.725097801251202]], 'alpha': 0.9}
