$SPEC_ID:
No sample description was entered.
$SPEC_REM:
DET# 9480
DETDESC# HPGE
AP# Maestro Version 7.01
$DATE_MEA:
10/17/2018 04:42:05
$MEAS_TIM:
1800 2058
$DATA:
0 4095
     300
     343
       0
       0
       0
       0
       0
       0
       0
       0
       0
       0
       0
       0
       0
       0
       0
       0
       0
       0
       0
       0
       0
       0
       0
       0
       0
       0
       0
       0
       0
       0
       0
       0
       0
       0
       0
       0
       0
       0
       0
       0
       0
       0
       0
       0
       0
       0
       0
       0
       0
       0
       0
       0
       0
       0
       0
       0
       0
       0
       0
       0
       0
       0
       0
       0
       0
       0
       0
       0
       0
       0
       0
       0
       0
       0
       0
       0
       0
       0
      31
     252
    1035
    3158
   15295
   23700
   24035
   23856
   23870
   23656
   23682
   23104
   23000
   23030
   22933
   22955
   23003
   22997
   22848
   22434
   22635
   22473
   22348
   22396
   22380
   22189
   22077
   22370
   21960
   22214
   22018
   21618
   21819
   21806
   21559
   22058
   25717
   27786
   23137
   21650
   21634
   21552
   21624
   21182
   21472
   21321
   21196
   21064
   21493
   21099
   21345
   21332
   21408
   21131
   21439
   21284
   21230
   21479
   21751
   21661
   21439
   21505
   21296
   21811
   21657
   22486
   22910
   21831
   21799
   22803
   24265
   22414
   21787
   21507
   21541
   21532
   21459
   21809
   21738
   21935
   21945
   21832
   22017
   22056
   21985
   22112
   22585
   22781
   23044
   23573
   24031
   23349
   23130
   24368
   26627
   27819
   30238
   28821
   26830
   23949
   23702
   23813
   24065
   23995
   23998
   24218
   24443
   24397
   24257
   24539
   24815
   24876
   24910
   25476
   27447
   27287
   25703
   25715
   25571
   25931
   26261
   26165
   26174
   26498
   26442
   26874
   27067
   26921
   27220
   27575
   27782
   27919
   27872
   27968
   28172
   28206
   28439
   28765
   28884
   28739
   28922
   29072
   28880
   29244
   29485
   29361
   29732
   30122
   29578
   29980
   30364
   30795
   30560
   30741
   31185
   32194
   34559
   33382
   35981
   43032
   37418
   31991
   31250
   31759
   31422
   31991
   32174
   34390
   34780
   32737
   32060
   32375
   32018
   32262
   32053
   32536
   32423
   32647
   32898
   33422
   37884
   53579
   57183
   39385
   34537
   35097
   35270
   34567
   34336
   33955
   33752
   33469
   33583
   33693
   33440
   33601
   33443
   33516
   33588
   33744
   33318
   33375
   33303
   33234
   33355
   32609
   33122
   33031
   32880
   32746
   32586
   32276
   32374
   32326
   32196
   32208
   32348
   31935
   31853
   31465
   31756
   31479
   31850
   31419
   31452
   30925
   31013
   31037
   31313
   30409
   30917
   30623
   30703
   30528
   30322
   30180
   30305
   30187
   29910
   30068
   29998
   29826
   29722
   29538
   30092
   30422
   29541
   29698
   29176
   29074
   28978
   29055
   29489
   29125
   28868
   29266
   29051
   29247
   30130
   30276
   29948
   30085
   30260
   30270
   30615
   30591
   30955
   31180
   31356
   31140
   30973
   31253
   31032
   31342
   31056
   31642
   32221
   32919
   32699
   31052
   30733
   30901
   30522
   30587
   30207
   30462
   30061
   30236
   30037
   29959
   29899
   29446
   29727
   29352
   29466
   29292
   29229
   28671
   28826
   28714
   28795
   28182
   28121
   27853
   28034
   27565
   27378
   27618
   27350
   27275
   26661
   26819
   26707
   26479
   26320
   25919
   25793
   25863
   25811
   25562
   25308
   25557
   25345
   25189
   24941
   24323
   24596
   24379
   24581
   24446
   24973
   28362
   50758
   80460
   54926
   28416
   23890
   23248
   23132
   23108
   22617
   22350
   22374
   22240
   22235
   21942
   21642
   21618
   21661
   21322
   21572
   22007
   22524
   22110
   20857
   20951
   20750
   20372
   20486
   20490
   20448
   20484
   20611
   20040
   20308
   19668
   19894
   19667
   19659
   19490
   19614
   19428
   19239
   19156
   19074
   18831
   19244
   19164
   19181
   18827
   18857
   18876
   18643
   18749
   18467
   18669
   18346
   18305
   18182
   18087
   17884
   17929
   18174
   17927
   18149
   17717
   17842
   17733
   17766
   17720
   17722
   17742
   17534
   17666
   17514
   17592
   17473
   17506
   17413
   17521
   17399
   17318
   17233
   17129
   17160
   17327
   17470
   17891
   18628
   18104
   17017
   17166
   17173
   17138
   17171
   17061
   17539
   19579
   26785
   28811
   21312
   17415
   16781
   16857
   16665
   16771
   16958
   16568
   16783
   17040
   16820
   16921
   17668
   18344
   17573
   16901
   17171
   17890
   20548
   37060
  118599
  234869
  164707
   48687
   22263
   22138
   22696
   20601
   17852
   16639
   16575
   16153
   16056
   16333
   15997
   15781
   15562
   15690
   15665
   15688
   16330
   16332
   17367
   16448
   15647
   15707
   16851
   20147
   21510
   17621
   15612
   15287
   14971
   15052
   15072
   15012
   15233
   14995
   14942
   14738
   14906
   14940
   15067
   14892
   14813
   14911
   14847
   14859
   15028
   16344
   17799
   17447
   16368
   15601
   15033
   14591
   14651
   14818
   15096
   14996
   14687
   14522
   14702
   14469
   14738
   14849
   15087
   16919
   26494
   66953
  120363
   88833
   32704
   17800
   17934
   18376
   16354
   15061
   14616
   14306
   14354
   13923
   14256
   14198
   14607
   14561
   13939
   13778
   13607
   13757
   13871
   13699
   13917
   13879
   13485
   13534
   13586
   13667
   13467
   13482
   13857
   13450
   13434
   13384
   13128
   13442
   13170
   13420
   13434
   13603
   13426
   13200
   13383
   13075
   13307
   12953
   13186
   13202
   13203
   13183
   13312
   13157
   13168
   13213
   13244
   13268
   13453
   13884
   13869
   13150
   12984
   12896
   13070
   12898
   12783
   12738
   12980
   12753
   12710
   12453
   12601
   12413
   12350
   12342
   12393
   12147
   12145
   12198
   12355
   11871
   11682
   11191
   10900
   10761
   10639
   10604
   10702
   10261
   10111
   10096
   10023
   10202
   11431
   12151
   10837
    9571
    9308
    9277
    9043
    9135
    9195
    8779
    8989
    8834
    8635
    8664
    8632
    8422
    8630
    8388
    8421
    8257
    8429
    8238
    8289
    8308
    7980
    8037
    7903
    8210
    7985
    7982
    8052
    7749
    7707
    7549
    7840
    7851
    8386
    8325
    7791
    7697
    7537
    7761
    7519
    7415
    7465
    7380
    7344
    7322
    7426
    7348
    7289
    7287
    7337
    7397
    7726
    7824
    7399
    7298
    7025
    7328
    6894
    7001
    7086
    6937
    6720
    7067
    7995
   10651
   11561
    8712
    7119
    6725
    6721
    6775
    6562
    6543
    6374
    6577
    6646
    6532
    6423
    6354
    6983
    7755
    7922
    7060
    6468
    6357
    6334
    6342
    5993
    6148
    6079
    6119
    5933
    6002
    6048
    5998
    5965
    5868
    5798
    5955
    6059
    6560
    7300
    6900
    6118
    6024
    6349
    6141
    5710
    5445
    5544
    5373
    5484
    5446
    5721
    6140
    6076
    5624
    5310
    5201
    5474
    5287
    5216
    5056
    5093
    5123
    5258
    5359
    5235
    5084
    5105
    4965
    5061
    4921
    5020
    4875
    4917
    5091
    5058
    4878
    5073
    4856
    4836
    4915
    5068
    4873
    4810
    4825
    4750
    4604
    4742
    4919
    4901
    4851
    4645
    4628
    4629
    4457
    4554
    4545
    4347
    4418
    4427
    4413
    4377
    4314
    4338
    4318
    4359
    4390
    5244
    6084
    5560
    4795
    4334
    4318
    4205
    4202
    4178
    4322
    4274
    4282
    4168
    4153
    4105
    4174
    4089
    4126
    4040
    4111
    4147
    4069
    4107
    4316
    4708
    4852
    4417
    4061
    4107
    4442
    5243
    5070
    4502
    3985
    3886
    3806
    3838
    3995
    3836
    3844
    3858
    4084
    4071
    4230
    4002
    3911
    3769
    3756
    3663
    3750
    3824
    3682
    3828
    3821
    4080
    3953
    3810
    3847
    3745
    3725
    3779
    3734
    3617
    3723
    3858
    4308
    4114
    4057
    3736
    3647
    3640
    3564
    3617
    3579
    3612
    3484
    3602
    3497
    3596
    3605
    3600
    3563
    3609
    3641
    3722
    3945
    4611
    5247
    6132
   10295
   18079
   18326
   10316
    5150
    4089
    4768
    6717
    8684
    7438
    4846
    4093
    4414
    6299
    8019
    6934
    4886
    4268
    3961
    3997
    4625
    5157
    4584
    3883
    3542
    3561
    3565
    3514
    3476
    3565
    3463
    3336
    3514
    3511
    3569
    3694
    3690
    3844
    4152
    4788
    4875
    4391
    3739
    3694
    3723
    3660
    3663
    3755
    3675
    3776
    3967
    3828
    3968
    3898
    4018
    4206
    4455
    4705
    5015
    5472
    6532
    8450
   11819
   18527
   31102
   55837
   96122
  147339
  188609
  200546
  181336
  139590
   91100
   52890
   29176
   17542
   11516
    8602
    6912
    6324
    6627
   10729
   22559
   33453
   26364
   11732
    5219
    3997
    3648
    3499
    3401
    3446
    3293
    3616
    4118
    4149
    3556
    3142
    2894
    2741
    2790
    2787
    2873
    2973
    2937
    2918
    2695
    2616
    2619
    2522
    2643
    2510
    2480
    2493
    2383
    2424
    2452
    2506
    2453
    2436
    2348
    2465
    2325
    2346
    2342
    2300
    2301
    2384
    2762
    3180
    3158
    2757
    2367
    2227
    2254
    2190
    2246
    2472
    3075
    3577
    3212
    2478
    2161
    2226
    2142
    2154
    2110
    2113
    2151
    2161
    1935
    2086
    2059
    2115
    2122
    2071
    2019
    2082
    2051
    2187
    2131
    2045
    2134
    2034
    1996
    2053
    2106
    2218
    2195
    2147
    2058
    2127
    2495
    2655
    2606
    2358
    2315
    2598
    2659
    2579
    3090
    3282
    2944
    2452
    2130
    2118
    2168
    2315
    2744
    4488
   10169
   18621
   19980
   11441
    4741
    2590
    2273
    2282
    2591
    3917
    7194
   11042
    9438
    5126
    2624
    2099
    2056
    1990
    2122
    2137
    1961
    2024
    1828
    1916
    1881
    2022
    2021
    2024
    1890
    1912
    1933
    1870
    1981
    2114
    1895
    1796
    1822
    1793
    1679
    1778
    1807
    1816
    1883
    1774
    1733
    1726
    1663
    1839
    2027
    2143
    2084
    1938
    1811
    1803
    1660
    1639
    1724
    1722
    1645
    1746
    1768
    1785
    2020
    2409
    3812
    7471
   11725
   11859
   10146
   16821
   30147
   32195
   18723
    6620
    2785
    2040
    2011
    1873
    1879
    2070
    2378
    2441
    2112
    1736
    1613
    1670
    1632
    1699
    1585
    1603
    1639
    2028
    2488
    2936
    2553
    1947
    1702
    1632
    1742
    2141
    2605
    2730
    2117
    1656
    1524
    1443
    1482
    1449
    1451
    1405
    1380
    1395
    1405
    1358
    1395
    1339
    1469
    1490
    1528
    1468
    1604
    1869
    2224
    2245
    1835
    1536
    1457
    1365
    1384
    1280
    1342
    1306
    1323
    1349
    1332
    1318
    1224
    1270
    1236
    1236
    1263
    1242
    1267
    1325
    1348
    1512
    1737
    1649
    1435
    1277
    1256
    1195
    1188
    1174
    1184
    1169
    1193
    1171
    1203
    1165
    1173
    1190
    1189
    1197
    1306
    1180
    1190
    1181
    1132
    1158
    1157
    1069
    1187
    1141
    1144
    1080
    1216
    1127
    1127
    1094
    1093
    1178
    1186
    1214
    1236
    1455
    1887
    3176
    5110
    5693
    3873
    2246
    1556
    1480
    1376
    1246
    1209
    1130
    1134
    1121
    1071
    1031
    1032
    1077
    1068
    1083
    1001
    1044
     947
    1059
    1091
    1140
    1093
    1237
    1134
    1098
    1067
    1002
    1037
    1005
    1059
     999
    1071
    1175
    1286
    1565
    1626
    1393
    1093
    1036
     983
    1042
    1024
     978
    1343
    1669
    1916
    1685
    1284
    1036
     991
     932
     861
     905
     931
     924
     964
     847
     873
     934
     942
    1031
     972
     895
     828
     864
     954
     910
     825
     854
     830
     811
     859
     840
     825
     837
     819
     862
     780
     840
     894
     874
     868
     815
     840
     866
     771
     773
     794
     893
     896
     944
     852
     864
     817
     762
     764
     834
     752
     756
     757
     797
     909
     986
    1197
    1237
    1072
     860
     809
     746
     714
     694
     712
     745
     688
     697
     685
     768
     719
     706
     759
     742
     754
     756
     763
     774
     693
     756
     667
     642
     700
     684
     627
     720
     663
     681
     647
     688
     664
     735
     732
     683
     680
     649
     728
     737
     717
     720
     684
     683
     741
     715
     644
     685
     664
     656
     630
     656
     601
     614
     660
     656
     675
     659
     643
     621
     682
     692
     674
     695
     728
     735
     627
     689
     690
     709
     663
     663
     659
     561
     669
     600
     626
     621
     590
     620
     628
     572
     587
     624
     597
     612
     603
     636
     606
     622
     640
     620
     628
     585
     624
     640
     605
     557
     593
     619
     602
     663
     663
     644
     644
     691
     730
     837
    1047
    1070
     967
     707
     714
     643
     652
     779
    1003
    1031
     837
     740
     718
     695
     737
     801
    1089
    1829
    4115
    8643
   12821
   12525
    8184
    4025
    1867
    1046
     774
     697
     674
     604
     618
     612
     595
     602
     582
     547
     563
     539
     564
     551
     550
     499
     514
     474
     561
     497
     533
     467
     524
     547
     575
     532
     511
     512
     501
     571
     571
     550
     493
     496
     512
     515
     528
     523
     533
     483
     469
     504
     498
     501
     490
     522
     564
     592
     535
     549
     552
     545
     471
     452
     526
     499
     566
     656
     826
     888
     762
     556
     479
     427
     534
     571
     608
     560
     540
     463
     466
     476
     458
     477
     463
     502
     585
     597
     523
     651
     823
    1408
    2941
    4961
    6051
    4598
    2394
    1082
     668
     541
     558
     534
     521
     487
     487
     547
     640
     631
     613
     505
     442
     467
     452
     431
     436
     462
     440
     443
     470
     462
     526
     437
     460
     455
     454
     494
     597
     681
     686
     771
     714
     567
     442
     383
     426
     396
     372
     419
     379
     401
     381
     402
     422
     410
     370
     368
     402
     399
     399
     425
     410
     431
     452
     565
     566
     541
     487
     391
     407
     414
     438
     522
     461
     464
     396
     406
     377
     398
     396
     388
     451
     508
     547
     504
     499
     549
     664
     965
    1971
    3124
    3577
    2668
    1419
     749
     580
     672
     714
     661
     548
     489
     438
     442
     452
     404
     358
     419
     373
     401
     364
     377
     348
     365
     349
     346
     330
     349
     325
     335
     344
     335
     330
     371
     365
     358
     391
     356
     315
     360
     338
     322
     400
     352
     356
     334
     366
     392
     396
     381
     331
     329
     328
     344
     315
     355
     344
     328
     341
     344
     358
     356
     352
     386
     348
     373
     383
     442
     613
    1020
    1658
    1896
    1480
     850
     510
     356
     335
     308
     323
     325
     360
     363
     346
     364
     342
     348
     329
     303
     315
     366
     351
     317
     351
     313
     303
     311
     281
     390
     382
     374
     331
     333
     342
     321
     294
     323
     352
     322
     383
     379
     378
     354
     354
     321
     292
     328
     294
     301
     298
     304
     349
     325
     312
     292
     310
     346
     303
     343
     331
     283
     325
     306
     329
     278
     315
     285
     303
     303
     294
     305
     284
     280
     277
     289
     277
     366
     339
     364
     350
     277
     299
     280
     291
     314
     293
     312
     288
     335
     318
     362
     409
     462
     417
     344
     274
     296
     271
     283
     288
     290
     260
     285
     276
     258
     299
     290
     285
     293
     272
     303
     293
     309
     330
     315
     302
     326
     358
     435
     500
     569
     500
     405
     310
     319
     288
     286
     268
     289
     239
     307
     316
     305
     361
     380
     445
     353
     307
     282
     253
     262
     277
     287
     278
     249
     276
     287
     301
     261
     249
     247
     270
     275
     265
     286
     294
     349
     423
     416
     382
     370
     297
     279
     278
     243
     274
     249
     326
     422
     572
     625
     616
     451
     317
     257
     256
     270
     281
     255
     264
     244
     278
     262
     266
     256
     269
     225
     263
     240
     269
     271
     252
     243
     278
     256
     217
     212
     262
     297
     272
     276
     280
     232
     224
     219
     243
     237
     236
     264
     281
     245
     237
     265
     224
     238
     276
     245
     249
     236
     261
     256
     277
     306
     325
     259
     305
     268
     276
     283
     261
     279
     267
     306
     283
     300
     277
     269
     251
     222
     222
     245
     204
     221
     235
     199
     210
     228
     199
     217
     207
     209
     190
     219
     208
     190
     206
     204
     202
     194
     198
     214
     192
     220
     192
     213
     241
     229
     236
     240
     221
     198
     224
     176
     204
     207
     220
     211
     223
     223
     233
     258
     262
     211
     217
     218
     225
     196
     236
     197
     190
     196
     216
     220
     236
     249
     228
     237
     184
     184
     174
     184
     178
     178
     189
     164
     172
     186
     178
     175
     187
     214
     197
     219
     241
     235
     202
     206
     192
     208
     173
     165
     196
     206
     192
     193
     182
     164
     199
     180
     172
     176
     170
     175
     194
     187
     202
     217
     210
     193
     172
     171
     197
     182
     209
     217
     220
     172
     196
     190
     179
     190
     212
     211
     207
     195
     192
     171
     190
     211
     212
     208
     215
     223
     200
     204
     182
     180
     166
     183
     197
     173
     237
     285
     285
     286
     276
     207
     186
     208
     202
     169
     168
     161
     146
     166
     168
     190
     179
     209
     241
     235
     233
     202
     223
     171
     166
     171
     172
     163
     151
     177
     143
     183
     167
     157
     188
     184
     174
     163
     176
     164
     173
     157
     154
     171
     157
     147
     173
     162
     168
     173
     144
     164
     167
     151
     173
     154
     137
     125
     152
     162
     186
     150
     167
     140
     151
     136
     165
     128
     137
     174
     165
     152
     164
     177
     186
     202
     202
     215
     191
     185
     213
     172
     131
     148
     165
     138
     147
     160
     146
     148
     154
     154
     141
     157
     136
     168
     173
     197
     183
     196
     166
     143
     171
     145
     152
     137
     152
     138
     149
     156
     159
     150
     172
     154
     196
     218
     314
     481
     563
     540
     433
     291
     199
     205
     208
     195
     190
     190
     215
     205
     217
     171
     165
     169
     143
     140
     174
     156
     146
     171
     146
     161
     140
     144
     133
     132
     152
     158
     130
     128
     147
     160
     129
     184
     179
     178
     181
     192
     185
     214
     230
     281
     313
     306
     283
     249
     291
     291
     247
     222
     160
     170
     145
     143
     160
     169
     157
     168
     156
     181
     162
     186
     197
     236
     373
     539
     808
     905
     817
     575
     322
     235
     181
     154
     174
     123
     165
     167
     149
     169
     183
     172
     160
     155
     138
     157
     127
     164
     153
     147
     202
     207
     208
     173
     179
     194
     202
     244
     327
     293
     271
     262
     175
     126
     129
     140
     143
     108
     167
     138
     166
     160
     167
     156
     172
     162
     187
     159
     164
     178
     173
     197
     238
     231
     258
     261
     279
     269
     223
     200
     161
     162
     137
     171
     138
     143
     145
     137
     138
     151
     157
     153
     163
     149
     150
     140
     117
     131
     140
     138
     120
     129
     137
     140
     128
     139
     132
     132
     156
     147
     130
     145
     163
     185
     214
     242
     266
     209
     180
     161
     131
     160
     141
     151
     127
     153
     148
     152
     151
     126
     142
     149
     159
     136
     121
     160
     149
     154
     171
     192
     180
     147
     136
     137
     142
     134
     171
     151
     159
     151
     186
     159
     194
     183
     141
     143
     137
     130
     149
     137
     133
     124
     138
     154
     199
     190
     233
     180
     155
     150
     124
     146
     142
     158
     130
     120
     129
     145
     165
     146
     142
     132
     151
     141
     141
     130
     117
     137
     118
     173
     138
     137
     153
     142
     138
     138
     137
     132
     121
     144
     142
     153
     164
     155
     166
     166
     167
     127
     140
     134
     116
     135
     139
     142
     129
     140
     136
     135
     132
     146
     126
     145
     187
     195
     202
     195
     174
     160
     130
     123
     139
     119
     114
     113
     134
     128
     142
     153
     174
     146
     125
     120
     123
     103
      95
     131
     140
     165
     160
     136
     138
     131
     131
     128
     123
     127
     107
     136
     127
     115
     121
     115
      96
     121
      98
     111
     121
     109
     155
     128
     139
     100
     116
     113
     127
     150
     127
     143
     147
     106
     144
     119
     124
     123
     144
     124
     123
     108
     110
     124
     131
     122
     149
     132
     120
     120
     105
     100
     123
      85
     105
     113
     115
      98
     108
     112
     107
      97
     112
     121
     100
     101
     106
      95
     105
     124
     115
     126
     112
     124
     110
      96
     116
     123
      98
      99
     103
     103
      95
     100
     109
     104
     116
      94
     106
     112
     113
     112
     115
      88
      97
     108
     125
     106
     111
     144
     130
     125
     125
     105
     112
     110
      94
     123
     109
     115
     109
      89
      87
     106
      97
      97
      89
      95
     100
     107
     110
     100
      96
     107
     107
     109
     124
     138
     158
     135
     137
     111
     101
      92
     106
     112
      91
     106
     102
      97
     114
      99
     125
      90
     104
     101
      82
      90
      93
      89
     102
      90
     107
      95
     132
     190
     219
     230
     195
     186
     163
     110
     107
      97
     102
      69
      75
      75
      78
      77
      90
      72
      67
      86
      78
      86
      77
      79
      78
      73
      79
      83
      85
      89
      80
      89
      80
      81
      90
      86
      82
      97
      84
     103
      96
      85
      97
      94
     103
      85
     100
      88
      82
      66
      76
      92
      82
      71
      87
      89
      96
     100
      87
      80
     100
      74
      91
      96
      99
      80
      87
      68
      53
      84
      65
      80
      71
      81
      68
      70
      65
      76
      60
      72
      76
      69
      72
      75
      70
      73
      76
      69
      67
      84
      89
      82
      74
      88
      75
     109
     110
     121
     139
     125
     104
     109
      86
      74
      85
      81
      82
      88
      69
      97
     110
     115
     134
     193
     170
     167
     107
      75
      82
      78
      80
      87
      79
      79
      72
      66
      87
      86
      99
      88
      82
      87
      61
      70
      72
      69
      72
      60
      69
      65
      61
      57
      76
      66
      76
      68
      58
      87
      72
      66
      63
      66
      60
      74
      65
      66
      63
      69
      61
      79
      84
      70
      65
      50
      78
      70
      65
      71
      66
      73
      69
      63
      76
      60
      78
      66
      88
      88
     127
     136
     157
     167
     168
     157
     146
     103
      84
      54
      69
      65
      69
      82
      66
      75
      87
      76
      73
      73
      67
      59
      55
      64
      62
      77
      59
      58
      41
      52
      60
      63
      56
      61
      78
      63
      95
      94
     103
     100
      92
      72
      56
      72
      65
      66
      72
      84
      59
      56
      70
      71
      63
      69
      72
      68
     109
     111
     169
     229
     267
     295
     279
     182
     137
     106
      83
     130
     127
     204
     318
     390
     454
     399
     328
     181
     117
      72
      75
      69
      71
      64
      60
      55
      65
      65
      76
      76
      65
      49
      57
      50
      46
      42
      67
      61
      53
      45
      46
      52
      64
      43
      51
      52
      37
      48
      60
      61
      52
      71
      65
      62
      71
     117
      85
      93
      76
      64
      62
      63
      87
      98
     160
     210
     232
     232
     155
     124
      62
      46
      56
      66
      50
      59
      58
      59
      60
      40
      65
      66
      51
      58
      56
      50
      56
      42
      51
      67
      33
      54
      55
      58
      55
      47
      53
      47
      61
      48
      51
      61
      62
      65
      53
      47
      57
      40
      39
      51
      56
      48
      62
      46
      46
      47
      64
      59
      57
      75
      87
     113
     150
     179
     160
     137
      93
      70
      81
      84
      80
      75
      70
      85
      82
      94
      62
      55
      51
      53
      45
      51
      40
      42
      46
      47
      48
      39
      66
      44
      63
      47
      43
      44
      40
      50
      52
      52
      51
      64
      64
      69
      65
      52
      38
      58
      46
      47
      52
      35
      56
      39
      58
      42
      51
      38
      55
      50
      86
      89
     140
     196
     208
     187
     178
     141
      80
      55
      38
      44
      48
      60
      43
      49
      44
      60
      75
      59
      77
      86
      99
     127
     187
     366
     510
     607
     610
     510
     326
     206
      97
      58
      67
      49
      44
      50
      53
      55
      43
      44
      36
      46
      42
      48
      43
      51
      46
      55
      53
      56
      58
      47
      51
      56
      39
      42
      51
      44
      41
      45
      54
      38
      33
      41
      35
      44
      29
      36
      37
      50
      38
      54
      53
      43
      47
      48
      48
      42
      37
      36
      47
      38
      42
      24
      32
      39
      37
      32
      39
      34
      36
      39
      35
      30
      32
      34
      41
      39
      24
      39
      36
      35
      29
      42
      54
      55
      64
      70
      55
      62
      45
      37
      40
      63
      50
      44
      50
      36
      32
      41
      36
      27
      45
      26
      40
      38
      43
      38
      48
      35
      26
      36
      41
      34
      35
      41
      43
      54
      51
      64
      67
      52
      54
      60
      37
      29
      41
      33
      42
      55
      50
      54
      35
      45
      35
      32
      28
      39
      54
      45
      68
      83
      83
      89
      74
      44
      36
      37
      35
      29
      32
      37
      37
      42
      31
      33
      38
      31
      30
      35
      34
      36
      21
      41
      40
      40
      41
      34
      46
      41
      49
      62
      32
      29
      26
      24
      30
      29
      39
      47
      38
      41
      37
      42
      41
      36
      26
      39
      35
      29
      35
      32
      33
      19
      34
      54
      30
      33
      37
      30
      33
      29
      26
      29
      32
      37
      44
      47
      47
      42
      56
      43
      27
      30
      37
      42
      25
      31
      31
      26
      28
      29
      39
      41
      29
      36
      35
      33
      36
      35
      28
      21
      23
      28
      30
      42
      28
      30
      35
      26
      40
      37
      28
      37
      22
      30
      37
      35
      37
      47
      53
      59
      86
     102
     120
      86
      64
      48
      44
      38
      40
      34
      30
      32
      35
      36
      36
      37
      39
      26
      34
      35
      41
      42
      35
      63
      89
      74
      69
      76
      48
      45
      26
      30
      25
      32
      25
      30
      29
      27
      26
      33
      23
      28
      24
      26
      19
      20
      30
      20
      26
      16
      23
      27
      27
      20
      27
      13
      22
      30
      31
      27
      25
      24
      21
      38
      39
      29
      15
      23
      22
      24
      20
      26
      22
      32
      22
      23
      29
      22
      25
      17
      30
      31
      17
      27
      22
      22
      25
      22
      27
      27
      35
      34
      29
      54
      54
      78
      82
      98
      85
      72
     112
      76
      71
      61
      42
      37
      38
      38
      32
      40
      39
      31
      29
      26
      36
      20
      20
      19
      28
      24
      28
      34
      46
      46
      69
      66
      63
      60
      44
      46
      19
      14
      28
      19
      13
      20
      26
      23
      28
      22
      22
      22
      21
      25
      18
      23
      14
      17
      18
      22
      22
      24
      25
      22
      26
      21
      21
      25
      31
      25
      22
      29
      27
      20
      19
      16
      26
      16
      19
      24
      19
      20
      13
      22
      19
      14
      23
      13
      25
      20
      20
      18
      20
      22
      24
      16
      18
      11
      19
      18
      19
      17
      15
      16
      15
      16
      17
      20
      16
      15
      19
      24
      26
      12
      30
      21
      26
      18
      25
      21
      23
      20
      11
      19
      23
      16
      20
      18
      21
      26
      27
      19
      16
      27
      15
      20
      17
      16
      15
      21
      31
      10
      21
      20
      33
      31
      31
      26
      20
      21
      27
      16
      23
      29
      20
      19
      15
      20
      21
      14
      16
      14
       9
      18
      22
      13
      23
      16
      25
      18
      18
      27
      24
      42
      32
      38
      38
      44
      28
      33
      13
      20
      10
      22
      14
      22
      19
      21
      17
      16
      17
      14
      19
      21
      15
      13
      16
      13
      23
      13
      19
      13
      29
      24
      14
      14
      15
      13
      13
      19
      16
      32
      17
      14
       9
      14
      19
      23
      25
      12
      20
      21
      13
      16
      23
      25
      29
      14
      11
      11
      17
      13
      13
      15
      18
      17
      14
      27
      16
      15
      16
      27
      22
      43
      51
      60
      74
      68
      47
      31
      28
      23
      11
      20
      15
      19
      22
      13
      13
      16
      15
      14
      14
      19
      17
      13
      14
      18
      21
      20
      24
      21
      14
      18
      13
      16
      12
      19
      15
      19
      17
      23
      14
      15
      18
       9
      11
      11
      16
      17
      15
      23
      19
      20
      11
       4
      11
      15
       9
      11
       9
       8
      19
      18
      15
      10
      13
      16
      16
       9
      11
       9
       9
      15
      10
       9
      12
      15
      23
      10
      11
      11
       6
       7
      17
      13
       7
      20
       9
      15
      12
      20
      21
      27
      29
      34
      26
      22
      14
      12
      15
      14
       8
      15
       6
       8
      12
      15
      12
      18
      12
      12
      11
      17
      25
      32
      22
      15
      13
      15
      14
       6
      11
      14
      12
       6
      16
       7
      16
      11
       3
      10
       7
      10
      13
      12
      10
      12
       7
      10
      12
       6
      11
      12
      10
       8
       7
      10
      17
      21
      29
      23
      27
      15
      27
      24
      22
      17
      18
      14
      25
       7
       5
      12
      13
       9
      14
      10
      15
       6
       4
      10
       8
      13
      10
      18
      11
       6
      10
      12
       7
       7
       9
       7
       7
       7
       2
       8
      13
      12
       9
      10
      11
      10
      10
      10
       2
       6
      17
       6
       6
       7
       4
       4
       8
       2
       9
       8
       5
       6
      10
      13
       5
       8
      10
      12
       9
      12
      11
      23
      16
      27
      39
      15
      22
      11
      11
       5
       5
      12
       8
       4
       7
       7
      12
       8
      10
       9
      12
       8
       9
       4
       7
       5
       5
      10
      14
      10
       6
       9
       6
       9
       6
       8
       6
       5
       2
      12
       8
      13
      11
       7
      18
      17
      32
      47
      61
      56
      71
      74
      41
      28
      20
      12
      10
       6
       6
      10
       4
       6
       3
       7
       8
       6
       5
      10
       9
       7
      19
      17
      13
      13
      25
      22
       7
      12
       9
      10
       2
       6
      13
      11
       8
       9
       7
       5
       4
       9
       8
      15
       8
       9
       8
      13
      10
      12
      19
      17
      33
      32
      35
      35
      31
      17
      11
      11
       5
$ROI:
0
$PRESETS:
None
0
0
$ENER_FIT:
-0.17 0.50021
$MCA_CAL:
3
-0.17000 0.50021 0.00 keV
$SHAPE_CAL:
3
-0.765948053477 7.83958431117 -26.4079756712
$META:
{'istp': ['133CEm', '133CEg', '133LA', '132CE', '132LA', '139CE', '137CEg', '137CEm', '137LA', '135CE', '135LA', '134LA', '132CS', '7BE', '133BAm', '133BAg'], 'res': 0.05, 'R': 0.2, 'unc_eff': [[0.024053508436386758, -0.2517435071854035, 0.6502498581753428], [-0.25174350718540356, 2.65027007823169, -6.882714286693032], [0.6502498581753429, -6.882714286693032, 17.966849727438788]], 'alpha': 0.9}
