$SPEC_ID:
No sample description was entered.
$SPEC_REM:
DET# 9480
DETDESC# HPGE
AP# Maestro Version 7.01
$DATE_MEA:
10/17/2018 05:19:14
$MEAS_TIM:
1800 2070
$DATA:
0 4095
     300
     345
       0
       0
       0
       0
       0
       0
       0
       0
       0
       0
       0
       0
       0
       0
       0
       0
       0
       0
       0
       0
       0
       0
       0
       0
       0
       0
       0
       0
       0
       0
       0
       0
       0
       0
       0
       0
       0
       0
       0
       0
       0
       0
       0
       0
       0
       0
       0
       0
       0
       0
       0
       0
       0
       0
       0
       0
       0
       0
       0
       0
       0
       0
       0
       0
       0
       0
       0
       0
       0
       0
       0
       0
       0
       0
       0
       0
       0
       0
      31
     264
    1090
    3386
   16283
   25137
   24721
   24723
   24934
   25075
   24649
   24831
   24461
   24576
   24420
   24138
   23986
   23984
   24048
   23769
   23649
   23720
   23723
   23899
   23629
   23283
   23208
   23218
   23171
   23125
   23031
   22761
   22894
   22925
   23053
   22719
   23089
   23055
   23109
   22477
   22478
   22454
   23016
   22642
   22681
   22419
   22556
   22094
   22598
   22542
   22963
   22617
   22688
   22524
   22798
   22603
   22435
   22591
   22660
   22691
   22797
   22696
   22768
   22658
   23041
   23676
   24285
   23265
   22917
   23724
   25712
   23978
   22425
   22518
   22788
   22823
   22498
   22840
   22854
   22924
   22892
   23190
   23117
   23240
   23336
   23687
   23505
   23817
   23771
   25020
   25879
   24856
   24501
   26223
   29115
   26792
   26463
   30440
   29940
   25931
   25004
   25010
   25346
   25429
   25361
   25501
   25382
   25886
   25719
   25942
   26417
   26300
   26652
   26577
   26938
   27108
   27184
   27187
   27697
   27505
   27558
   28085
   28140
   28355
   28618
   28738
   28816
   28941
   29074
   29554
   29358
   29761
   29815
   29833
   29927
   30498
   30808
   30751
   31026
   30595
   31301
   31377
   31673
   31407
   31686
   31962
   31936
   32140
   32334
   32792
   32583
   32950
   33353
   33123
   33733
   35240
   38958
   37357
   40865
   52434
   44008
   35423
   34134
   34348
   34699
   34238
   34607
   35184
   35789
   34757
   34815
   34705
   34857
   34756
   34852
   35200
   35448
   35429
   35667
   35850
   36699
   38590
   38253
   37529
   37466
   38222
   39072
   38160
   37466
   37341
   36751
   37133
   37421
   36785
   36747
   36777
   36517
   36752
   36730
   36871
   37074
   37080
   36806
   36753
   36630
   36410
   36378
   35882
   35785
   35849
   35860
   36173
   35915
   35747
   35635
   35432
   35513
   35112
   34788
   34688
   34316
   34751
   34391
   33837
   33678
   33897
   33770
   33751
   33654
   33634
   33083
   33025
   33119
   33046
   32986
   32932
   32664
   32520
   32566
   31985
   31796
   31901
   32127
   31787
   32309
   32643
   31896
   31399
   31611
   31089
   31046
   31189
   31447
   31077
   30672
   30902
   30977
   31267
   31932
   31961
   31805
   31802
   31863
   32008
   32208
   32358
   32131
   32757
   32242
   32507
   32406
   32162
   32188
   32368
   32444
   32868
   33338
   33255
   32973
   32599
   32090
   32262
   32365
   32336
   32101
   32003
   32014
   31705
   31666
   31410
   31581
   31007
   31048
   31441
   31216
   30934
   30702
   30284
   30052
   30015
   29880
   29684
   29504
   29349
   28977
   28597
   28909
   28871
   28322
   28232
   27927
   27679
   27817
   27763
   27354
   26918
   27202
   26849
   27053
   26669
   26526
   26771
   26591
   25897
   25627
   25771
   25253
   25008
   25168
   25163
   25757
   31227
   63805
  110858
   76179
   32778
   25025
   24374
   23754
   23124
   23115
   22985
   22689
   22395
   22416
   22172
   22038
   22059
   21635
   21581
   21315
   21467
   21835
   21646
   21233
   20916
   20650
   20554
   20513
   20564
   20668
   20418
   20684
   20207
   19998
   19593
   19605
   19593
   19706
   19699
   19275
   19327
   19392
   19192
   19096
   19040
   18962
   18820
   18754
   18606
   18787
   18549
   18309
   18054
   18404
   18417
   18219
   18098
   18220
   18234
   18117
   18005
   17823
   18083
   17942
   17807
   17631
   17854
   17567
   17606
   17492
   17553
   17594
   17409
   17681
   17518
   17426
   17344
   17052
   17341
   17047
   17126
   17154
   17246
   17102
   17208
   16896
   17203
   17183
   16983
   17046
   16990
   16855
   17100
   17096
   16876
   17252
   19673
   27563
   30342
   22219
   17714
   16972
   16937
   16878
   16715
   16645
   16694
   16590
   16598
   16932
   16864
   16997
   17164
   17154
   17387
   17700
   18634
   21793
   43954
  165147
  351352
  257906
   71844
   26346
   24871
   25149
   21340
   18097
   17112
   16860
   16446
   16285
   16179
   15892
   15764
   15532
   15758
   15419
   15492
   15615
   16560
   17481
   16775
   15443
   15181
   15262
   15573
   15437
   15084
   14901
   15032
   15033
   14901
   14925
   15147
   14893
   14753
   14613
   14526
   14574
   14567
   14608
   14621
   14519
   14547
   14641
   14474
   14500
   14485
   14569
   14615
   14712
   14551
   14340
   14473
   14363
   14418
   14393
   14464
   14387
   14519
   14252
   14595
   14569
   14844
   15546
   18087
   31412
   91177
  176952
  134376
   44497
   19003
   16115
   15831
   14903
   14493
   14557
   14759
   14375
   14049
   13756
   13554
   13644
   13969
   13436
   13517
   13462
   13356
   13361
   13374
   13328
   13252
   13392
   13372
   13280
   13195
   13145
   12956
   13109
   13051
   13110
   12973
   13124
   12953
   13000
   13019
   13188
   12915
   12844
   12970
   12619
   12859
   12745
   12815
   12632
   12777
   12584
   12926
   12783
   12712
   12730
   12659
   12521
   12686
   12993
   13538
   13847
   12783
   12639
   12413
   12362
   12317
   12534
   12183
   12242
   12270
   12066
   12081
   12209
   12039
   11931
   12101
   11831
   11633
   11701
   11510
   11539
   11463
   11064
   10985
   10776
   10471
   10321
   10471
   10674
   10622
   10192
    9803
    9799
    9632
    9811
    9520
    9422
    9158
    9305
    9132
    9079
    9071
    9011
    8886
    8789
    8611
    8773
    8748
    8711
    8667
    8565
    8378
    8306
    8280
    8213
    8288
    8322
    8202
    7991
    8050
    8024
    8114
    8012
    7969
    8000
    7838
    7940
    7757
    7938
    7781
    7723
    7881
    7566
    7522
    7833
    7739
    7912
    7600
    7548
    7470
    7425
    7404
    7449
    7419
    7252
    7310
    7406
    7214
    7393
    7286
    7313
    7267
    7211
    7102
    7085
    7262
    6899
    6962
    7253
    7443
    9066
   12769
   14273
   10394
    7515
    6879
    6819
    6895
    6714
    6811
    6850
    6820
    6819
    6784
    6494
    6683
    7223
    8786
    9166
    7735
    6980
    6574
    6569
    6374
    6534
    6257
    6352
    6226
    6287
    6287
    6173
    6050
    6096
    6113
    5984
    5951
    6164
    6910
    8092
    7618
    6518
    6740
    7174
    6503
    5847
    5774
    5714
    5638
    5573
    5634
    5677
    5546
    5691
    5427
    5320
    5564
    5501
    5424
    5304
    5397
    5336
    5289
    5292
    5324
    5386
    5113
    5129
    5167
    5183
    5052
    5076
    5186
    5365
    5108
    5131
    4965
    5067
    4991
    4979
    4944
    4990
    5018
    4978
    4967
    4872
    4945
    4837
    4838
    4919
    4792
    4732
    4786
    4645
    4652
    4683
    4689
    4659
    4506
    4387
    4553
    4497
    4306
    4495
    4438
    4332
    4317
    4431
    4565
    4527
    4400
    4374
    4245
    4108
    4203
    4149
    4438
    4458
    4268
    4143
    4043
    4023
    4107
    4036
    3878
    4020
    4060
    3997
    4070
    4073
    4127
    4005
    4081
    3990
    4015
    4021
    4626
    5393
    5222
    4429
    3992
    3888
    3926
    3875
    3851
    3898
    3895
    3839
    3905
    3811
    3749
    3844
    3698
    3695
    3774
    3840
    3782
    3738
    3759
    3900
    3932
    4194
    4016
    3693
    3627
    3708
    3717
    3565
    3674
    3601
    3729
    3658
    3784
    4020
    3935
    3774
    3680
    3538
    3593
    3540
    3565
    3570
    3563
    3447
    3554
    3480
    3527
    3487
    3471
    3483
    3409
    3483
    3614
    3495
    3568
    3704
    3829
    4453
    4641
    4206
    3769
    3734
    4555
    7074
    9646
    8318
    5151
    4118
    4722
    7429
   10058
    8783
    5808
    4530
    4005
    3956
    4525
    5170
    4728
    4030
    3552
    3386
    3368
    3393
    3345
    3384
    3385
    3440
    3366
    3460
    3422
    3435
    3435
    3532
    3686
    3941
    3950
    3739
    3526
    3451
    3487
    3573
    3483
    3519
    3573
    3541
    3621
    3525
    3685
    3733
    3795
    4011
    4034
    4285
    4730
    5281
    5894
    7277
   10385
   15455
   25874
   45045
   77219
  117226
  150504
  165783
  152752
  119425
   78912
   46271
   25906
   16138
   10592
    7971
    6660
    5894
    6843
   13170
   31053
   49244
   39685
   17190
    6418
    4378
    3951
    3730
    3598
    3348
    3355
    3238
    3206
    3163
    3095
    2946
    2881
    2883
    2843
    2947
    2886
    3201
    3207
    3002
    2739
    2722
    2688
    2742
    2638
    2615
    2544
    2603
    2600
    2514
    2521
    2508
    2396
    2485
    2416
    2460
    2375
    2506
    2238
    2399
    2391
    2287
    2443
    2408
    2426
    2220
    2237
    2296
    2266
    2310
    2416
    2664
    3552
    4260
    3767
    2854
    2401
    2276
    2323
    2225
    2254
    2239
    2194
    2116
    2190
    2083
    2138
    2134
    2209
    2129
    2209
    2154
    2059
    2123
    2165
    2110
    2093
    2110
    2145
    2150
    2172
    2093
    2221
    2214
    2227
    2338
    2588
    2876
    2771
    2367
    2283
    2299
    2289
    2741
    3400
    3743
    3257
    2543
    2310
    2357
    2342
    2673
    3209
    5692
   13957
   27408
   30317
   18081
    6672
    3179
    2608
    2578
    3018
    4929
   10213
   16005
   14199
    7450
    3458
    2444
    2260
    2178
    2128
    2114
    2049
    2066
    2008
    2104
    1958
    2057
    2058
    2037
    2017
    1970
    2041
    2018
    2213
    2273
    2171
    2013
    1927
    1873
    1961
    1904
    1908
    1857
    1855
    1850
    1794
    1856
    1815
    1834
    1773
    1846
    1822
    1779
    1782
    1745
    1738
    1841
    1876
    1765
    1778
    1834
    1844
    1918
    2127
    2602
    4003
    8509
   13418
   14156
   13282
   24160
   45161
   50378
   29537
   10157
    3703
    2594
    2194
    2127
    2038
    2067
    1959
    2003
    1920
    1840
    1769
    1723
    1772
    1742
    1724
    1657
    1727
    1671
    1699
    1740
    1728
    1674
    1618
    1619
    1745
    1917
    2448
    2687
    2205
    1738
    1644
    1586
    1494
    1523
    1427
    1514
    1541
    1470
    1479
    1408
    1491
    1440
    1409
    1505
    1375
    1407
    1458
    1483
    1416
    1474
    1423
    1492
    1466
    1346
    1330
    1378
    1326
    1348
    1358
    1311
    1365
    1282
    1272
    1323
    1298
    1228
    1236
    1236
    1267
    1271
    1255
    1260
    1261
    1332
    1251
    1254
    1277
    1210
    1246
    1265
    1178
    1174
    1190
    1220
    1158
    1218
    1212
    1183
    1199
    1154
    1213
    1203
    1185
    1204
    1188
    1197
    1139
    1163
    1147
    1127
    1193
    1107
    1143
    1102
    1120
    1161
    1179
    1133
    1094
    1226
    1282
    1482
    2144
    4049
    7112
    8249
    5732
    2816
    1664
    1412
    1252
    1175
    1095
    1002
    1077
    1108
    1085
    1051
    1078
    1129
    1077
    1034
    1081
    1010
    1004
    1021
     937
     977
    1025
     955
    1045
     995
    1025
    1002
    1079
    1032
     974
     992
    1024
    1104
    1326
    1668
    1875
    1519
    1124
    1040
    1002
     924
     932
     927
     949
     953
     999
     919
     953
     872
     913
     902
     946
     848
     900
     885
     833
     884
     948
     944
    1030
     928
     831
     846
     856
     836
     840
     846
     836
     786
     836
     832
     779
     783
     794
     776
     813
     795
     727
     762
     766
     825
     777
     747
     828
     776
     756
     757
     737
     714
     835
     841
     841
     835
     775
     693
     734
     721
     706
     716
     762
     781
     853
    1061
    1422
    1536
    1237
     918
     775
     714
     711
     681
     699
     742
     643
     677
     621
     678
     734
     684
     670
     737
     764
     845
     784
     713
     674
     675
     694
     631
     604
     615
     615
     653
     606
     660
     699
     619
     633
     594
     607
     615
     663
     601
     688
     623
     621
     642
     585
     637
     638
     584
     628
     587
     604
     605
     618
     564
     615
     576
     618
     565
     567
     628
     588
     605
     596
     566
     612
     627
     664
     664
     596
     562
     591
     607
     566
     553
     564
     525
     592
     571
     553
     547
     504
     571
     577
     507
     580
     538
     597
     603
     562
     553
     545
     548
     553
     559
     628
     592
     574
     533
     565
     522
     540
     563
     566
     643
     648
     595
     636
     640
     787
     947
    1117
    1206
    1139
     803
     639
     667
     676
     867
    1130
    1192
    1018
     794
     695
     640
     760
     840
    1205
    2320
    5536
   12041
   18647
   17256
    9672
    3626
    1470
     884
     748
     712
     627
     600
     598
     539
     556
     543
     561
     542
     531
     498
     481
     525
     506
     485
     491
     473
     464
     486
     473
     460
     455
     453
     485
     443
     445
     488
     429
     457
     462
     442
     411
     405
     445
     397
     400
     416
     467
     466
     427
     414
     450
     473
     417
     439
     466
     467
     459
     446
     432
     420
     379
     425
     411
     488
     465
     668
     808
     820
     663
     522
     413
     396
     436
     377
     422
     396
     398
     387
     421
     389
     419
     429
     436
     497
     545
     563
     581
     653
     930
    1788
    3932
    7357
    9061
    6829
    3281
    1262
     623
     539
     482
     526
     493
     431
     432
     474
     580
     596
     550
     439
     407
     389
     380
     377
     374
     370
     362
     329
     360
     359
     328
     369
     350
     350
     372
     413
     505
     578
     544
     464
     393
     344
     307
     338
     366
     357
     319
     353
     315
     348
     309
     350
     330
     313
     299
     368
     364
     393
     383
     359
     339
     327
     328
     334
     314
     346
     281
     330
     310
     357
     334
     321
     331
     333
     299
     307
     340
     322
     345
     359
     341
     365
     416
     450
     467
     530
     634
    1231
    2593
    4405
    5264
    3959
    1925
     890
     623
     662
     731
     657
     514
     375
     341
     365
     323
     318
     299
     296
     284
     283
     287
     304
     301
     266
     304
     276
     294
     303
     293
     305
     295
     301
     293
     275
     294
     263
     246
     288
     289
     269
     254
     285
     273
     255
     278
     275
     300
     288
     304
     318
     327
     269
     283
     285
     265
     294
     257
     244
     251
     254
     274
     275
     284
     266
     315
     301
     355
     435
     717
    1283
    2140
    2577
    2007
    1079
     522
     348
     292
     280
     286
     282
     273
     232
     264
     268
     201
     256
     252
     271
     280
     270
     287
     245
     255
     241
     250
     254
     239
     250
     287
     268
     280
     287
     244
     243
     261
     274
     248
     270
     303
     304
     328
     275
     272
     253
     246
     235
     228
     226
     252
     257
     232
     284
     279
     249
     234
     255
     255
     239
     262
     230
     244
     239
     227
     237
     221
     252
     231
     220
     221
     228
     206
     223
     200
     207
     213
     224
     210
     229
     202
     216
     218
     203
     204
     227
     200
     242
     205
     198
     212
     216
     189
     243
     238
     239
     221
     205
     194
     226
     193
     207
     204
     202
     178
     201
     189
     202
     249
     202
     232
     206
     212
     209
     211
     231
     224
     226
     293
     369
     527
     666
     604
     405
     301
     220
     201
     218
     196
     187
     217
     196
     189
     213
     202
     197
     205
     217
     218
     213
     183
     182
     184
     195
     203
     174
     186
     211
     182
     202
     192
     187
     202
     183
     181
     197
     259
     201
     213
     244
     256
     269
     210
     178
     146
     172
     188
     175
     169
     189
     195
     194
     185
     185
     193
     168
     196
     191
     190
     194
     201
     200
     181
     180
     173
     163
     160
     165
     168
     154
     161
     144
     179
     162
     151
     157
     190
     147
     144
     150
     151
     145
     149
     144
     187
     151
     147
     176
     155
     174
     173
     172
     164
     170
     172
     167
     169
     167
     162
     152
     154
     164
     166
     169
     181
     160
     131
     182
     175
     157
     167
     181
     173
     192
     180
     176
     160
     132
     135
     157
     152
     136
     129
     134
     140
     150
     140
     147
     127
     127
     123
     144
     128
     153
     126
     129
     133
     116
     119
     126
     115
     122
     127
     130
     155
     155
     143
     158
     173
     158
     147
     139
     123
     136
     118
     122
     125
     105
     123
     120
     116
     144
     104
     115
     120
     124
     131
     116
     129
     141
     145
     149
     148
     153
     165
     195
     205
     161
     115
     119
     113
      93
     127
     112
     106
     124
     104
     105
     113
     121
     116
     110
     106
     120
     116
     134
     109
     138
      99
     111
     132
      79
     113
     113
     113
     122
     113
     111
     106
     122
     102
     104
     129
      93
     103
     108
     102
     101
     111
      98
     100
     100
     102
     102
     112
      97
     113
     116
      85
     113
     105
      91
     105
     102
     100
     119
     112
      99
     119
     108
     124
     122
     124
     108
     114
     120
     109
      90
     119
     104
     110
     102
      93
     102
     101
     105
      88
     101
     111
     102
      96
      85
     104
     103
      98
      90
      95
      92
     101
      98
     102
     119
     115
     129
     135
     114
     130
      91
     103
      88
      85
     105
      87
     101
      84
     107
      97
      92
      80
     108
      75
      78
     123
      94
      95
      96
      97
      77
      84
     103
      90
      86
     105
     110
      85
     102
      80
      96
      81
      86
      82
      89
      85
      95
      80
      77
      91
      93
      94
      94
      95
      96
      85
      89
      92
      70
      94
      81
      81
      83
     101
      96
      81
      94
      78
      80
      74
      75
      78
      81
      81
      85
      79
      86
      73
      73
      81
      95
     114
     168
     153
     160
     115
      91
      86
      97
      84
      90
      68
      98
      89
     102
     104
      75
      97
     111
     127
     225
     336
     557
     713
     702
     489
     279
     150
     107
     109
      86
      78
      91
      74
     106
      93
      95
      96
     103
      72
      81
      67
      90
      77
      91
      84
      64
      76
      84
      83
      78
      86
      86
      75
      69
      71
      77
      94
      95
     117
     123
     134
     105
     136
     132
     185
     287
     332
     264
     244
     214
     281
     282
     208
     151
     126
      80
      71
      68
      95
      79
     104
      95
     108
      92
     142
      99
     123
     162
     272
     511
     820
    1125
    1128
     777
     365
     196
     121
     106
     110
      82
      80
      78
      78
      88
      85
      75
      93
      76
      75
      79
      79
      75
      78
      81
      70
      90
      97
      73
      71
      81
      76
      88
      68
      89
      82
      80
      79
      81
      85
      82
      59
      79
      84
      79
      71
      71
      85
      84
      80
      69
      80
      79
      77
      85
      82
     120
      90
     122
      94
     150
     146
     179
     147
     131
      78
      88
      82
      78
      85
      86
      89
      66
      81
      70
      56
      70
      70
      68
      63
      68
      66
      59
      68
      75
      76
      68
      67
      63
      78
      62
      55
      70
      61
      71
      70
      75
     101
      98
     152
     157
     142
     137
      96
      87
      79
      61
      67
      76
      72
      84
      70
      64
      75
      71
      59
      58
      65
      69
      76
      79
      60
      68
      64
      78
      59
      73
      77
      59
      50
      55
      69
      53
      59
      74
      62
      71
      68
      63
      70
      52
      52
      60
      61
      75
      55
      66
      50
      67
      72
      68
      74
      70
      63
      49
      71
      75
      73
      61
      52
      47
      64
      53
      62
      58
      56
      59
      65
      55
      72
      66
      60
      55
      56
      49
      64
      52
      64
      73
      72
      69
      64
      66
      70
      66
      72
      53
      80
      90
      70
      74
      62
      64
      51
      55
      58
      50
      64
      63
      72
      52
      63
      57
      60
      62
      59
      71
      59
      62
      67
      75
      62
      59
      63
      44
      62
      59
      59
      75
      67
      56
      60
      54
      61
      64
      53
      59
      65
      61
      57
      76
      95
     116
     120
     108
      79
      73
      70
      54
      52
      62
      57
      51
      52
      57
      48
      63
      52
      83
      65
      52
      57
      41
      55
      66
      43
      49
      71
      48
      59
      57
      69
      58
      46
      64
      65
      61
      62
      43
      64
      61
      58
      80
      63
      65
      73
      74
      80
      79
      75
      60
      57
      61
      65
      60
      38
      54
      40
      46
      63
      56
      69
      47
      56
      59
      53
      48
      63
      48
      56
      62
      52
      50
      64
      54
      53
      54
      57
      68
      45
      53
      62
      52
      44
      57
      71
      55
      59
      42
      31
      55
      60
      42
      45
      39
      58
      59
      55
      53
      54
      56
      49
      45
      47
      43
      48
      46
      39
      52
      61
      53
      46
      53
      41
      61
      60
      41
      50
      63
      60
      50
      46
      48
      48
      57
      45
      53
      57
      64
      72
      57
      47
      46
      49
      42
      43
      52
      55
      53
      60
      54
      56
      56
      65
      54
      46
      57
      54
      50
      49
      51
      32
      48
      51
      53
      50
      44
      59
      60
      52
      44
      43
      38
      47
      51
      42
      41
      58
      32
      40
      38
      45
      48
      44
      44
      39
      48
      37
      39
      49
      31
      31
      41
      39
      27
      44
      42
      58
      44
      38
      53
      35
      32
      50
      49
      32
      57
      54
      51
      51
      54
      48
      38
      39
      32
      27
      48
      31
      32
      51
      49
      43
      34
      40
      42
      44
      44
      32
      39
      38
      38
      34
      41
      27
      29
      41
      27
      40
      36
      41
      41
      28
      44
      22
      45
      35
      27
      37
      32
      26
      25
      28
      32
      37
      39
      52
      37
      47
      43
      45
      51
      62
      72
      68
      82
      58
      46
      25
      44
      38
      37
      45
      42
      32
      45
      51
      27
      29
      35
      45
      50
      33
      39
      40
      37
      34
      37
      28
      42
      37
      40
      52
      78
      72
      68
      48
      32
      35
      32
      34
      40
      43
      34
      33
      26
      35
      38
      32
      39
      37
      25
      34
      35
      32
      34
      28
      27
      29
      33
      24
      30
      30
      22
      26
      29
      29
      31
      31
      31
      33
      39
      27
      33
      27
      24
      16
      32
      26
      40
      37
      26
      35
      43
      45
      62
      79
     119
     168
     198
     163
     119
      83
      46
      37
      28
      28
      29
      16
      21
      34
      37
      21
      24
      26
      28
      22
      20
      17
      21
      36
      29
      40
      23
      31
      37
      45
      29
      18
      36
      44
      48
      69
      70
      55
      42
      37
      20
      24
      20
      21
      20
      19
      24
      24
      21
      25
      29
      25
      27
      31
      23
      29
      36
      40
      38
      39
      23
      27
      32
      23
      25
      40
      37
      45
      57
      61
      81
      72
      79
      49
      40
      24
      40
      29
      23
      24
      27
      24
      32
      17
      24
      21
      27
      13
      18
      15
      27
      18
      17
      17
      16
      21
      16
      25
      21
      24
      22
      24
      14
      18
      14
      20
      22
      22
      22
      26
      27
      26
      18
      24
      23
      23
      24
      18
      25
      21
      30
      32
      29
      29
      25
      27
      17
      24
      24
      25
      26
      25
      42
      41
      26
      14
      19
      24
      24
      22
      14
      19
      20
      15
      21
      11
      27
      16
      19
      29
      19
      22
      17
      18
      22
      21
      21
      18
      17
      20
      21
      17
      12
      14
      21
      15
      15
      19
      21
      29
      37
      26
      39
      32
      36
      48
      92
     121
     115
      94
      78
      56
      31
      26
      19
      33
      39
      44
      70
      72
      63
      47
      28
      27
      21
      24
      21
      10
      16
      18
      26
      17
      19
      17
      26
      14
      18
      16
      13
      21
      17
      14
      13
      15
      14
      11
      28
      17
      22
      13
      21
      16
      17
      17
      19
      26
      14
       9
      17
      27
      26
      15
      21
      21
      19
      30
      26
      38
      38
      40
      43
      33
      25
      16
      17
      17
      19
      22
      16
      31
      28
      26
      29
      35
      49
      74
     114
     199
     295
     451
     605
     674
     509
     326
     173
      70
      46
      32
      24
      25
      17
      16
      26
      24
      14
      23
      29
      23
      22
      24
      22
      17
      16
      12
      26
      15
      20
      23
      12
      21
      24
      11
      24
      11
      22
      13
      13
      18
      14
      10
      15
      15
      14
      13
      13
      18
      15
      15
      14
      14
      16
      13
      14
      18
       8
      15
      10
      18
      19
      14
       6
      12
      10
      10
      12
       8
      14
      11
       9
       8
       9
      25
      10
      19
      17
      19
      12
      16
      18
      17
      14
      14
      16
      13
      13
      15
      15
      15
      11
      15
      12
      17
       6
      11
      14
      13
      13
      15
       8
      13
      12
      16
      11
      13
      10
      19
      18
      14
      10
      10
      11
      10
      22
       8
      21
      17
      13
      13
       9
      16
      13
      11
      11
      11
      16
      12
       8
      15
      14
      21
      14
      17
      10
      18
       5
       7
      16
      10
      19
      13
      14
       9
      14
      17
       4
      13
       8
      10
      18
       6
      17
      18
       7
      13
      13
      11
       8
      11
      14
       7
      11
      13
      11
      12
      17
       8
       7
      11
      11
      14
       6
       8
      14
      12
      13
      10
      15
       8
       7
      18
      11
       8
      13
       9
      12
      14
      16
      12
       8
      12
       6
      14
       3
      13
      14
       7
       7
      16
      11
       9
      10
      12
       6
      10
       8
      11
      11
       7
      10
      14
      18
       8
      12
      11
       8
       7
      11
      15
      11
      10
      10
       7
      13
      14
      10
       9
      10
      12
       9
      12
       7
      13
       6
      13
       9
      11
       7
      12
       7
      11
       6
      10
       8
       9
       9
      11
      17
      11
      13
      13
      13
       8
       8
      12
       8
      13
      11
       5
       3
      20
       7
      13
      13
      13
       9
      14
       8
      27
      24
      30
      44
      47
      58
      55
      46
      45
      25
      14
      18
      11
      12
      15
       5
      11
      12
       6
       9
       6
      11
      12
       3
      10
      10
       7
      12
       5
      10
      10
      10
      10
       8
       5
      10
      11
      12
       7
      14
       8
      11
      13
       9
      12
       7
      10
       7
       9
      10
       8
      10
       6
       9
      12
       7
       6
       8
       9
      10
       9
      11
       7
      10
      13
       8
      10
       6
      11
      14
      24
      26
      30
      58
      58
      69
      74
      56
      40
      37
      12
      11
      10
       8
      13
      15
      16
       8
      17
      13
       9
      13
      14
      11
       6
       7
       8
      10
      10
      14
       9
       5
      11
      11
      16
       9
      12
      14
      10
       9
       8
       8
       8
       4
       8
       3
       6
       7
       8
       8
       6
       3
       5
       7
       5
       4
       9
       8
       6
       5
      10
       5
      12
      13
      14
       7
      11
      15
      12
      18
       9
       9
      10
      10
       6
       6
       7
       6
       8
       6
       6
      10
       7
       8
       7
       8
      10
       5
       7
      10
      10
       9
       7
       4
       7
       6
       4
       8
       7
       5
       4
       5
       8
       4
       4
       7
       7
       8
       5
       7
       7
       5
      13
       9
      10
       9
       3
       6
       9
       6
      10
       8
      11
       6
       5
       4
       1
       4
       4
       7
       6
       6
       5
       9
       8
       4
       4
       5
       3
       4
       3
       5
       5
       6
       6
       2
      11
       8
       9
       6
       9
       8
      10
      10
       8
       7
       7
       7
       5
       6
       7
       9
       7
      12
       5
       5
       4
       6
       4
       5
      11
       5
       6
      12
       5
       5
       4
      10
      10
       7
       5
       7
       3
       3
       4
       5
       2
       5
       6
       6
       5
       8
       3
       7
       6
       4
       8
       3
       4
       3
       2
       1
       5
       4
       6
      11
       7
       6
       8
       4
       3
       4
      11
       5
       6
       5
       7
       4
       3
       3
       9
       5
       8
       1
       5
       5
       4
       5
       7
       8
       7
       4
       5
       7
       6
       4
       9
       7
       5
       7
       3
       4
       5
      10
       5
       7
       6
      12
       7
       9
       3
       5
       3
       5
       6
       4
       7
       2
       1
       5
       7
       5
       2
       3
       4
       0
       3
       3
      13
       3
       4
       4
       5
       2
       3
       3
       6
       6
       3
       3
       3
       3
       3
       4
       4
       5
       5
       4
       3
       3
       8
       6
       1
       5
       3
       4
       6
       5
       4
       4
       5
       3
       2
       3
       6
       5
       1
       4
       4
       5
       8
       3
       4
       3
       5
       6
       3
       5
       5
       4
       5
       2
       5
       2
       5
       5
       1
       7
       4
       4
       4
       6
       9
       6
       9
       7
       2
       6
       3
       7
       4
       5
       6
       3
       8
       4
       3
       1
       4
       6
       5
       4
       7
       7
       6
       3
       7
       6
       1
       5
       3
       4
       4
       6
       2
       2
       4
       1
       3
       8
       3
       2
       4
       5
       3
       5
       4
       4
       3
       1
       7
       2
       3
       8
       9
       4
       8
       7
       9
      17
      15
      19
      21
      12
       7
       6
      10
       6
       8
       6
       7
       7
       2
       3
       4
       1
       6
       5
       4
       7
       7
       5
       5
       4
       2
       2
       1
       3
       3
       3
       3
       2
       4
       3
       4
       4
       2
       5
       5
       4
       3
       4
       4
       2
       1
       2
       4
       4
       1
       1
       1
       3
       2
       1
       5
       6
       4
       1
       3
       2
       5
       2
       1
       4
       5
       6
       6
       3
       7
      19
      14
      19
      16
      13
       9
      10
       5
       5
       4
       1
       3
       2
       1
       4
       5
       5
       3
       3
       3
       2
       2
       3
       4
       1
       8
       4
       1
       3
       4
       1
       4
       5
       3
       5
      10
       3
       5
       3
       1
       2
       4
       2
       1
       4
       3
       5
       5
       5
      10
       5
       6
       4
       3
       4
       3
       1
       2
       1
       1
       1
       1
       5
       2
       2
       4
       2
      10
       4
       7
      13
       9
       5
       6
       6
       2
       3
       5
       5
       1
       1
       4
       4
       1
       2
       4
       4
       3
       2
       1
       3
       0
       5
       7
       1
       4
       3
       0
       2
       9
       1
       3
       1
       6
       1
       2
       2
       4
$ROI:
0
$PRESETS:
None
0
0
$ENER_FIT:
-0.17 0.50021
$MCA_CAL:
3
-0.17000 0.50021 0.00 keV
$SHAPE_CAL:
3
-0.765948053477 7.83958431117 -26.4079756712
$META:
{'istp': ['133CEm', '133CEg', '133LA', '132CE', '132LA', '139CE', '137CEg', '137CEm', '137LA', '135CE', '135LA', '134LA', '132CS', '7BE', '133BAm', '133BAg'], 'res': 0.05, 'R': 0.2, 'unc_eff': [[0.024053508436386758, -0.2517435071854035, 0.6502498581753428], [-0.25174350718540356, 2.65027007823169, -6.882714286693032], [0.6502498581753429, -6.882714286693032, 17.966849727438788]], 'alpha': 0.9}
