$SPEC_ID:
No sample description was entered.
$SPEC_REM:
DET# 9480
DETDESC# HPGE
AP# Maestro Version 7.01
$DATE_MEA:
10/17/2018 05:56:24
$MEAS_TIM:
1800 2088
$DATA:
0 4095
     300
     348
       0
       0
       0
       0
       0
       0
       0
       0
       0
       0
       0
       0
       0
       0
       0
       0
       0
       0
       0
       0
       0
       0
       0
       0
       0
       0
       0
       0
       0
       0
       0
       0
       0
       0
       0
       0
       0
       0
       0
       0
       0
       0
       0
       0
       0
       0
       0
       0
       0
       0
       0
       0
       0
       0
       0
       0
       0
       0
       0
       0
       0
       0
       0
       0
       0
       0
       0
       0
       0
       0
       0
       0
       0
       0
       0
       0
       0
       0
      35
     357
    1241
    3943
   18149
   26961
   27032
   27175
   26979
   26629
   26437
   26448
   26573
   26120
   26239
   26236
   26162
   26342
   25846
   26105
   25739
   25500
   25439
   25557
   25320
   25431
   25284
   25528
   25155
   24954
   24950
   24924
   24665
   24870
   24757
   24893
   24680
   24495
   25025
   24671
   24497
   24169
   24413
   24520
   24241
   24324
   24292
   24399
   24364
   24168
   24310
   24255
   24529
   24357
   24231
   24487
   24759
   24300
   24394
   24253
   24536
   24882
   24456
   24413
   24907
   25728
   26055
   25300
   24728
   26040
   27857
   26130
   24895
   24551
   24310
   24617
   24595
   24649
   24870
   24912
   24883
   25278
   25343
   25284
   25557
   25770
   25902
   25900
   26397
   27619
   27524
   27135
   26956
   29285
   33009
   29899
   28905
   34556
   34547
   28273
   27504
   27698
   27902
   27970
   27740
   28146
   28139
   28250
   28416
   28468
   28703
   28910
   29382
   29315
   29657
   29690
   30210
   30344
   30482
   31035
   30715
   30959
   31513
   31439
   31598
   32007
   32180
   31912
   32506
   32366
   32861
   32844
   33623
   33409
   33603
   33924
   33763
   34106
   34586
   34303
   34635
   34558
   35181
   35188
   35685
   35523
   36251
   36097
   36560
   36900
   37095
   37277
   37387
   37306
   38095
   40384
   44859
   43628
   48140
   63875
   52629
   39935
   38706
   38362
   38659
   38216
   38849
   38858
   38775
   38891
   38700
   38798
   38983
   39027
   39563
   39150
   39812
   39823
   39732
   40217
   40985
   41683
   41911
   42585
   42574
   44094
   45077
   43533
   42956
   42570
   42448
   42223
   41791
   41848
   41770
   41743
   42067
   42011
   42057
   41976
   41856
   41958
   42080
   41657
   41432
   41142
   41614
   40904
   41081
   41210
   40603
   40585
   40385
   40256
   39954
   39695
   39835
   39312
   39457
   38991
   39011
   38318
   38431
   38350
   38586
   38176
   37986
   37875
   37828
   37270
   37371
   37275
   37534
   37247
   36486
   36596
   36437
   36447
   35809
   35801
   35979
   35204
   35123
   35151
   35476
   35699
   35426
   34790
   34373
   34078
   33998
   34136
   34145
   33720
   33928
   33787
   33683
   34018
   34695
   35231
   33813
   33736
   34133
   34255
   34303
   34225
   34469
   34251
   34481
   34684
   34315
   34380
   34435
   34320
   34397
   34682
   35604
   35767
   35453
   34617
   34433
   34226
   34422
   34149
   34116
   34315
   33929
   33931
   34063
   33588
   33565
   33614
   33364
   33719
   33573
   33175
   32968
   32462
   32158
   32082
   32030
   31886
   31294
   31248
   31364
   31108
   30980
   30504
   30400
   30008
   29686
   29594
   29244
   28921
   29340
   28893
   28616
   28171
   28444
   28003
   28013
   28244
   28449
   27572
   27389
   26710
   26844
   26488
   26476
   26882
   27242
   34852
   80106
  147381
  100245
   38588
   26941
   25629
   25064
   24522
   24202
   23894
   23630
   23529
   23186
   22979
   23156
   22435
   22343
   22231
   22052
   22213
   21965
   21657
   21607
   21372
   21342
   21145
   21172
   21081
   20743
   20427
   21451
   20717
   20175
   20080
   20411
   20066
   19792
   19907
   19672
   19440
   19844
   19586
   18959
   19127
   19006
   18880
   18952
   18957
   18994
   18742
   18407
   18424
   18625
   18494
   18276
   18018
   18131
   18039
   18223
   18233
   18162
   17692
   17856
   17963
   17946
   17625
   17897
   18031
   17640
   17669
   17482
   17785
   17519
   17753
   17432
   17444
   17419
   17235
   17281
   17383
   17427
   17331
   17249
   16972
   17156
   17273
   17307
   17163
   17172
   17283
   17268
   17124
   16996
   17201
   17255
   20314
   28440
   31815
   22862
   17904
   17120
   17062
   17219
   17121
   17010
   16952
   17174
   17132
   16944
   17310
   17381
   17375
   17454
   17738
   18309
   19890
   24402
   55151
  222423
  485762
  363814
  100720
   32238
   28996
   28718
   22898
   19057
   17935
   17224
   16945
   16406
   16280
   16247
   15977
   15933
   15843
   15629
   15860
   15761
   17234
   18309
   17090
   15659
   15153
   15234
   15070
   15186
   15029
   14810
   14764
   14767
   14804
   14404
   14575
   14766
   14785
   14667
   14466
   14393
   14430
   14285
   14411
   14393
   14398
   14181
   14143
   14215
   14233
   14245
   13918
   14127
   13925
   14128
   14030
   14071
   14046
   14121
   13892
   13998
   14126
   14272
   14296
   14364
   14649
   15899
   18994
   37323
  119860
  242876
  185946
   59620
   21364
   16753
   15813
   14916
   14747
   14603
   14464
   14247
   13538
   13395
   13251
   13260
   13241
   13057
   12941
   13111
   12768
   12624
   12705
   12433
   12545
   12663
   12504
   12253
   12568
   12219
   12059
   12397
   12442
   12210
   12225
   12117
   12066
   12154
   12320
   12527
   12027
   11944
   11736
   11768
   11907
   11842
   11782
   11815
   11634
   11779
   11578
   11525
   11739
   11497
   11555
   11458
   11654
   11901
   12284
   12446
   12012
   11548
   11302
   11262
   11257
   11191
   11262
   11161
   11346
   11082
   10880
   10952
   10680
   10911
   11009
   10821
   10805
   10769
   10650
   10722
   10475
   10392
   10259
   10210
   10067
   10113
   10331
   10583
   10101
    9893
    9585
    9579
    9408
    9221
    9350
    9292
    9061
    9164
    9114
    8968
    8932
    8784
    8734
    8678
    8530
    8524
    8315
    8555
    8301
    8355
    8342
    8449
    8191
    8263
    8354
    8134
    8204
    8274
    8184
    8050
    7950
    8267
    8050
    8125
    8091
    8102
    7903
    7946
    7951
    7777
    7772
    7744
    7851
    7883
    8101
    7905
    7806
    7604
    7576
    7523
    7515
    7630
    7601
    7660
    7451
    7533
    7393
    7568
    7454
    7486
    7515
    7517
    7405
    7482
    7425
    7209
    7335
    7268
    7789
    9927
   15342
   17273
   11976
    8269
    7386
    7268
    7146
    7205
    6977
    7235
    7007
    7037
    7038
    7139
    7112
    8020
    9864
   10727
    8666
    7280
    6838
    6808
    6792
    6632
    6809
    6773
    6603
    6564
    6578
    6789
    6578
    6485
    6484
    6485
    6463
    6770
    7896
    9232
    8599
    7336
    7252
    8093
    7533
    6510
    6184
    5942
    6054
    5940
    6075
    5882
    5912
    5939
    5899
    5813
    5979
    5712
    5824
    5789
    5670
    5709
    5668
    5624
    5795
    5655
    5537
    5581
    5594
    5602
    5562
    5668
    5687
    5362
    5497
    5573
    5551
    5577
    5336
    5448
    5329
    5464
    5389
    5358
    5264
    5316
    5371
    5114
    5333
    5303
    5085
    5232
    5123
    5192
    5080
    4962
    5062
    4942
    4803
    4814
    4755
    4709
    4776
    4719
    4634
    4684
    4528
    4640
    4747
    4700
    4590
    4708
    4430
    4435
    4370
    4640
    4580
    4580
    4428
    4422
    4364
    4313
    4244
    4276
    4327
    4327
    4321
    4164
    4181
    4162
    4273
    4108
    4025
    4201
    4181
    4241
    4803
    5495
    5534
    4589
    4098
    4080
    4035
    4108
    3912
    3976
    3880
    4101
    4003
    3892
    3893
    3885
    3938
    3945
    3880
    3909
    3786
    3898
    3891
    3966
    4145
    4376
    4391
    4053
    3906
    3634
    3753
    3798
    3759
    3588
    3566
    3747
    3962
    4200
    4358
    3946
    3800
    3649
    3576
    3691
    3659
    3670
    3488
    3801
    3655
    3667
    3651
    3681
    3706
    3684
    3546
    3549
    3596
    3497
    3531
    3495
    3538
    3611
    3668
    3725
    3682
    3815
    4790
    7418
   10655
    9129
    5466
    4247
    5001
    8959
   12967
   11170
    6731
    5007
    4516
    4119
    4557
    5180
    4647
    3852
    3408
    3327
    3352
    3337
    3391
    3264
    3300
    3244
    3254
    3278
    3223
    3304
    3297
    3304
    3456
    3361
    3495
    3375
    3332
    3268
    3286
    3189
    3255
    3434
    3214
    3337
    3325
    3465
    3392
    3459
    3532
    3550
    3589
    3772
    4075
    4364
    4603
    5210
    6526
    9362
   14583
   24714
   41104
   61609
   79622
   87827
   81423
   64140
   42975
   26013
   15623
    9927
    7424
    5993
    5363
    5335
    7097
   16001
   40812
   66781
   55176
   23502
    7797
    4722
    4144
    3908
    3697
    3512
    3352
    3224
    3290
    3222
    3148
    3229
    3114
    2964
    3102
    2960
    3144
    3393
    3341
    3208
    2949
    2922
    2976
    2793
    2809
    2748
    2704
    2807
    2780
    2739
    2657
    2626
    2691
    2589
    2546
    2602
    2663
    2574
    2584
    2602
    2507
    2601
    2461
    2556
    2505
    2436
    2470
    2498
    2613
    2610
    2733
    3114
    4222
    5256
    4635
    3331
    2651
    2489
    2570
    2555
    2408
    2426
    2474
    2435
    2439
    2384
    2452
    2466
    2524
    2342
    2382
    2404
    2437
    2360
    2404
    2441
    2407
    2366
    2428
    2435
    2396
    2460
    2500
    2448
    2497
    2739
    3039
    3283
    2984
    2721
    2610
    2574
    2793
    3126
    4289
    4782
    3835
    3044
    2561
    2589
    2736
    3065
    3863
    7171
   18710
   37492
   42507
   25252
    9267
    4084
    3259
    3196
    3760
    6228
   13792
   21848
   19938
   10380
    4439
    2974
    2725
    2684
    2606
    2528
    2407
    2438
    2440
    2505
    2416
    2401
    2358
    2354
    2323
    2348
    2374
    2456
    2591
    2579
    2614
    2323
    2227
    2269
    2213
    2172
    2144
    2192
    2113
    2142
    2116
    2124
    2094
    2067
    2101
    2125
    2064
    2039
    2085
    2063
    2095
    2109
    2207
    2131
    2099
    2214
    2135
    2204
    2413
    2856
    4779
    9356
   14697
   15377
   16098
   32029
   62172
   70948
   42397
   14842
    5095
    3273
    2867
    2651
    2546
    2451
    2444
    2270
    2209
    2102
    2211
    2108
    2067
    2105
    2013
    2048
    1937
    2012
    1942
    1938
    1841
    1925
    1870
    1897
    1963
    2425
    2847
    3315
    2753
    2157
    1894
    1833
    1814
    1801
    1838
    1775
    1757
    1788
    1792
    1705
    1679
    1696
    1737
    1795
    1693
    1706
    1643
    1653
    1589
    1589
    1647
    1637
    1606
    1607
    1636
    1529
    1544
    1560
    1559
    1505
    1473
    1516
    1489
    1502
    1425
    1448
    1394
    1428
    1522
    1497
    1481
    1474
    1545
    1423
    1390
    1485
    1434
    1336
    1401
    1461
    1424
    1405
    1385
    1385
    1374
    1433
    1438
    1357
    1413
    1312
    1229
    1421
    1389
    1388
    1401
    1356
    1328
    1347
    1278
    1271
    1341
    1266
    1336
    1297
    1360
    1309
    1342
    1348
    1345
    1362
    1545
    1816
    2750
    5382
    9733
   11194
    7713
    3721
    1919
    1527
    1428
    1269
    1253
    1267
    1288
    1296
    1216
    1232
    1231
    1237
    1221
    1160
    1160
    1104
    1155
    1216
    1192
    1159
    1169
    1230
    1162
    1173
    1083
    1127
    1115
    1139
    1149
    1126
    1143
    1232
    1490
    2030
    2305
    1863
    1327
    1144
    1068
    1053
    1007
    1046
    1081
    1017
    1044
    1069
     947
     997
     951
     994
     907
     989
     991
    1021
     982
     995
    1008
    1049
    1114
     979
     989
     896
     982
     955
     936
     968
     925
     895
     944
     900
     911
     866
     913
     897
     889
     886
     864
     870
     860
     875
     854
     874
     858
     826
     875
     833
     890
     832
     896
     928
     940
     920
     825
     798
     819
     842
     766
     834
     847
     928
     931
    1212
    1812
    1997
    1512
    1111
     843
     785
     781
     764
     734
     795
     733
     763
     779
     820
     755
     788
     760
     843
     905
     975
     975
     830
     767
     735
     704
     722
     706
     678
     710
     710
     726
     719
     740
     714
     720
     685
     734
     710
     741
     748
     751
     741
     706
     722
     720
     672
     735
     689
     688
     690
     695
     674
     694
     684
     638
     679
     659
     659
     630
     692
     640
     677
     632
     653
     666
     693
     736
     688
     692
     666
     709
     623
     607
     613
     594
     610
     651
     628
     603
     620
     619
     680
     639
     610
     643
     629
     655
     658
     665
     636
     611
     619
     593
     600
     610
     617
     632
     625
     579
     641
     611
     606
     630
     609
     713
     765
     726
     800
     878
    1054
    1501
    1634
    1348
     993
     781
     780
     845
    1052
    1365
    1567
    1348
    1005
     827
     756
     910
    1103
    1525
    2984
    7522
   16535
   25763
   24894
   14209
    5212
    1823
    1145
     903
     843
     817
     740
     734
     685
     680
     621
     621
     666
     621
     603
     574
     612
     563
     579
     576
     523
     579
     572
     529
     535
     529
     538
     505
     516
     534
     507
     497
     488
     529
     500
     501
     486
     485
     511
     467
     507
     518
     464
     526
     519
     529
     501
     498
     515
     499
     486
     523
     459
     530
     473
     462
     506
     495
     503
     522
     654
     887
     939
     771
     588
     517
     453
     458
     462
     471
     457
     462
     472
     456
     450
     456
     465
     498
     554
     589
     679
     714
     776
    1082
    2353
    5423
   10165
   12458
    9671
    4783
    1690
     838
     673
     581
     597
     618
     540
     587
     602
     687
     792
     726
     591
     526
     426
     468
     459
     451
     420
     427
     418
     444
     401
     429
     417
     421
     395
     444
     527
     606
     702
     742
     556
     450
     407
     384
     387
     399
     388
     426
     375
     373
     346
     351
     362
     338
     366
     389
     414
     413
     417
     425
     397
     357
     374
     357
     381
     367
     370
     372
     380
     358
     369
     365
     382
     383
     370
     372
     376
     358
     341
     339
     382
     436
     406
     512
     517
     506
     597
     807
    1523
    3465
    5946
    7371
    5736
    2878
    1289
     730
     771
     831
     852
     641
     449
     427
     403
     334
     380
     363
     368
     320
     335
     336
     342
     355
     337
     338
     311
     309
     339
     311
     354
     316
     347
     354
     349
     311
     306
     330
     337
     298
     304
     323
     307
     317
     302
     302
     306
     354
     335
     403
     380
     322
     338
     319
     308
     281
     336
     313
     300
     293
     321
     262
     310
     317
     355
     342
     366
     420
     503
     969
    1801
    2935
    3521
    2863
    1464
     751
     421
     336
     326
     271
     318
     293
     288
     301
     347
     312
     287
     271
     308
     305
     334
     316
     294
     278
     296
     293
     283
     280
     331
     327
     355
     310
     299
     315
     298
     280
     314
     302
     316
     306
     404
     394
     359
     293
     285
     301
     272
     280
     313
     272
     248
     291
     274
     271
     251
     290
     320
     311
     340
     290
     260
     273
     260
     237
     270
     249
     238
     278
     252
     240
     252
     218
     271
     232
     232
     260
     234
     232
     224
     256
     244
     264
     227
     221
     240
     242
     246
     220
     246
     236
     239
     241
     252
     226
     217
     255
     223
     237
     244
     254
     254
     242
     257
     233
     220
     229
     239
     228
     224
     217
     235
     236
     235
     223
     236
     265
     261
     355
     502
     714
     866
     760
     516
     320
     252
     238
     236
     211
     226
     241
     193
     205
     212
     195
     198
     201
     218
     200
     209
     180
     214
     211
     201
     196
     193
     178
     193
     202
     186
     189
     207
     180
     211
     180
     213
     191
     249
     285
     315
     312
     305
     260
     199
     210
     219
     225
     181
     179
     198
     207
     185
     202
     187
     159
     181
     184
     229
     210
     213
     215
     192
     181
     173
     163
     157
     186
     157
     162
     183
     159
     177
     144
     182
     148
     162
     162
     155
     189
     184
     167
     185
     175
     163
     202
     169
     144
     158
     191
     163
     160
     157
     175
     174
     177
     150
     157
     169
     165
     155
     147
     176
     189
     168
     160
     158
     158
     162
     151
     166
     165
     165
     156
     149
     136
     171
     157
     158
     141
     170
     150
     146
     142
     156
     132
     160
     150
     157
     157
     155
     148
     118
     152
     150
     149
     119
     134
     156
     130
     142
     133
     144
     150
     123
     147
     177
     163
     171
     202
     185
     185
     130
     114
     140
     140
     137
     106
     138
     156
     127
     108
     118
     130
     146
     130
     124
     136
     135
     129
     144
     126
     140
     156
     186
     220
     233
     222
     173
     160
     128
     131
     148
     124
     110
      99
     123
     115
     127
     131
     155
     114
     118
     101
     115
     119
     116
     121
     113
     107
     112
     116
     128
     114
     108
     104
     140
     112
     130
     111
     135
     109
     107
     109
     101
     105
     111
     102
     107
     117
     113
     108
     100
     122
     110
     114
     112
     133
      97
      97
     100
     122
     114
     105
     122
     111
     120
     121
     117
      98
     101
     109
     142
     113
     110
      87
     104
     116
     105
     105
      97
     109
     118
     111
      80
      93
     112
      96
      97
     103
     105
     102
     118
      98
     100
      86
      84
      99
      80
      98
      92
      86
     100
      99
     112
     141
     126
      95
      97
      97
      87
      86
      85
     109
      84
      95
      95
      93
     102
     117
      90
      81
      84
     108
      84
      81
      85
     103
      89
     102
      86
      93
      87
      87
      98
      84
      91
      97
     100
     114
      90
      93
      93
      83
      77
      64
      83
      97
      78
     114
      92
      91
      77
      75
      80
     103
      85
      78
      59
      95
      77
      82
      86
      80
      80
      81
      73
      96
      87
      81
      84
     100
      93
      67
      84
      94
      73
      93
     116
     184
     172
     236
     197
     147
      88
      93
      97
      92
      93
      87
      87
      76
      97
      82
      85
     107
     121
     148
     264
     466
     727
    1034
     932
     699
     361
     179
     134
      94
     112
      96
      72
      77
      80
      88
     101
      91
      87
      88
      78
      86
      97
      93
      67
      82
      84
      89
      83
      80
      83
      88
      75
      84
      72
      87
      90
      85
      86
      84
     103
      82
     108
      99
     157
     212
     282
     429
     347
     298
     266
     333
     339
     321
     216
     135
      84
      86
      95
      90
     108
     124
     113
     111
     130
     146
     124
     145
     219
     366
     736
    1083
    1543
    1526
    1091
     580
     219
     148
      98
     107
      92
     100
      93
      96
      72
      80
      73
      65
      77
      79
      91
      80
      79
      85
      68
      77
      79
      77
      83
      71
      64
      74
      73
      78
      68
      77
      83
      58
      70
      63
      69
      78
      75
      86
      57
      64
      64
      73
      76
      70
      76
      75
      85
      74
      78
      93
      87
     112
     109
     105
     109
     164
     183
     181
     132
     108
      91
      77
      78
      65
      71
      87
      64
      60
      59
      73
      80
      72
      67
      76
      67
      76
      73
      62
      57
      70
      50
      65
      52
      65
      67
      81
      69
      64
      63
      66
      73
     109
     120
     148
     181
     168
     131
     118
      70
      68
      69
      67
      61
      62
      73
      68
      58
      59
      63
      58
      72
      73
      60
      64
      56
      54
      54
      63
      54
      63
      58
      73
      66
      60
      61
      55
      55
      71
      53
      62
      51
      68
      74
      48
      56
      54
      68
      55
      61
      68
      44
      61
      66
      50
      58
      59
      45
      68
      60
      54
      48
      57
      52
      71
      62
      71
      53
      41
      54
      50
      52
      52
      45
      47
      50
      47
      52
      71
      43
      53
      55
      68
      59
      67
      69
      68
      43
      63
      63
      39
      61
      49
      51
      57
      48
      56
      61
      56
      47
      68
      53
      53
      47
      53
      48
      65
      63
      69
      61
      51
      55
      61
      61
      47
      49
      53
      50
      60
      59
      50
      51
      44
      60
      48
      53
      46
      69
      55
      62
      50
      67
      62
      66
      64
      84
     107
     124
     132
     113
      88
      72
      50
      62
      65
      58
      72
      60
      43
      64
      56
      58
      56
      40
      55
      63
      68
      51
      52
      60
      67
      47
      48
      56
      38
      48
      46
      43
      52
      45
      45
      68
      40
      52
      43
      53
      56
      66
      63
      61
      65
      70
      52
      57
      54
      55
      52
      53
      48
      54
      61
      55
      51
      52
      56
      65
      42
      51
      54
      58
      45
      55
      47
      48
      54
      44
      64
      47
      47
      48
      57
      47
      57
      61
      51
      43
      62
      63
      53
      46
      54
      39
      59
      56
      43
      39
      45
      63
      50
      62
      40
      56
      42
      37
      50
      52
      39
      64
      51
      47
      39
      57
      51
      65
      48
      51
      47
      58
      60
      40
      60
      35
      59
      42
      49
      42
      30
      52
      61
      48
      50
      39
      44
      44
      42
      47
      47
      39
      51
      48
      49
      42
      42
      51
      39
      42
      46
      57
      48
      52
      50
      52
      42
      39
      41
      45
      49
      55
      40
      47
      36
      46
      47
      42
      41
      44
      32
      36
      36
      33
      33
      30
      35
      32
      32
      37
      43
      35
      37
      29
      31
      32
      44
      27
      38
      33
      27
      31
      33
      36
      42
      36
      43
      41
      46
      36
      32
      46
      44
      27
      35
      31
      32
      41
      33
      29
      42
      40
      38
      30
      28
      35
      29
      30
      28
      33
      31
      28
      24
      26
      30
      37
      27
      42
      22
      33
      29
      32
      27
      33
      30
      31
      23
      27
      40
      31
      34
      29
      26
      44
      34
      20
      27
      30
      37
      27
      27
      33
      28
      37
      31
      37
      24
      30
      26
      43
      56
      63
      54
      57
      46
      31
      25
      38
      29
      22
      34
      24
      35
      27
      34
      43
      25
      29
      35
      34
      18
      22
      25
      33
      30
      24
      34
      25
      36
      50
      57
      85
      83
      77
      74
      49
      42
      37
      34
      25
      25
      36
      29
      27
      34
      19
      28
      28
      26
      34
      33
      22
      36
      30
      28
      27
      22
      19
      20
      28
      32
      31
      29
      26
      23
      26
      26
      24
      32
      22
      28
      33
      21
      19
      39
      16
      32
      26
      27
      31
      31
      39
      35
      61
      80
     122
     211
     244
     232
     147
      87
      61
      30
      34
      21
      24
      36
      30
      26
      16
      23
      19
      21
      27
      19
      18
      28
      31
      24
      19
      28
      25
      24
      25
      24
      29
      28
      27
      23
      34
      61
      41
      41
      34
      13
      19
      16
      25
      23
      20
      19
      30
      24
      18
      20
      21
      19
      11
      21
      19
      22
      19
      20
      24
      23
      20
      20
      21
      16
      23
      32
      26
      32
      46
      48
      66
      64
      78
      43
      33
      34
      24
      12
      23
      17
      18
      13
      15
      14
      17
      15
      21
      23
      19
      21
      18
      16
      11
      16
      23
      19
      19
      20
      14
      18
      20
      22
      17
      17
      11
      22
      18
      18
      15
      15
      11
      18
      23
      17
      11
      15
      11
      12
      14
      19
      19
      24
      20
      23
      19
      14
      27
      20
      16
      26
      25
      32
      28
      28
      28
      20
      22
      15
      21
      17
      22
      19
      18
      15
      21
      17
      14
      15
      27
      20
      22
      23
      14
      14
      20
      14
      14
      20
      17
      13
      15
      14
      13
      20
      18
      27
      25
      17
      21
      20
      29
      19
      24
      21
      27
      29
      44
      60
      75
      59
      56
      45
      20
      23
      27
      30
      38
      43
      61
      74
      73
      65
      42
      25
      25
      18
      15
      12
      17
      14
      13
      16
      11
      10
       9
      18
      14
      22
       7
      11
      17
      18
      14
      13
       6
      10
      14
      20
      16
       6
      18
      13
      12
       8
      10
      10
      15
      17
      16
      13
      19
      13
      13
      13
      14
      22
      12
      27
      32
      35
      31
      28
      16
      15
      16
      16
      18
      20
      14
      29
      20
      30
      23
      33
      47
      59
     107
     192
     309
     463
     628
     641
     573
     389
     176
      83
      41
      33
      30
      33
      22
      14
      18
      21
      14
      17
      22
      18
      19
      10
      23
      14
      13
       9
      15
      13
      16
      11
      12
      20
      13
      12
       9
      11
      10
      10
       9
      13
       8
      20
      24
      13
      11
      11
       9
       8
      13
      14
       9
       9
      10
      14
      15
      19
       8
      13
      16
       6
       9
       7
       8
      15
       8
       8
       8
      15
       9
      12
      10
      11
      15
      11
      11
      16
       7
      13
      14
      12
      12
      13
      11
      14
      10
       9
      10
      13
       9
      12
       8
       8
       9
      14
       7
       8
       7
       7
      10
      10
       6
       9
      10
       9
       9
      11
      11
      13
       8
      12
       9
       5
       9
       6
      15
       8
       4
      11
       9
       6
      14
      12
       6
       9
       7
      14
      17
       6
      12
      11
      12
      10
       8
      11
       5
       9
       5
      12
       9
       7
      10
       4
      12
       8
      10
       9
       8
       9
      14
       7
       5
       8
       7
       8
      12
       8
       8
       6
      10
      11
      12
       9
       7
       5
       6
       9
       6
       9
       5
       5
       9
      11
       6
       6
       4
       8
       7
       7
       6
       9
       5
      10
       9
       5
       2
       8
       3
       3
       7
       7
      10
       4
       7
       3
      11
       3
       9
      10
      10
      11
       2
      10
       6
       6
      11
       4
       4
       7
       9
       4
      13
      10
       1
       2
       7
       5
       9
       5
       6
       8
       7
       8
       5
       8
      11
       9
       5
       6
       4
       4
       8
       6
       9
       8
       6
       9
       9
      12
       1
       8
      14
       4
       7
       8
       3
       5
      11
       4
       4
      13
      11
       6
       7
       5
      11
       6
       4
       6
       3
       3
       7
       5
       6
       7
       5
       6
      10
       4
      10
      14
      11
      15
      21
      19
      37
      30
      25
      27
      15
       9
       8
       9
      10
       5
       7
      10
       4
       6
       7
       9
       4
       2
       9
      10
       7
       7
       8
       5
      12
       9
       3
       6
       7
       7
      10
       5
       5
       7
       4
       6
       6
       5
       5
       7
       6
       7
       0
      11
       9
       5
       3
       5
      11
       2
       6
       1
       2
       5
       7
       5
       8
       8
      10
       8
      11
       3
      10
      12
      11
      16
      23
      32
      45
      95
      90
      97
      66
      46
      26
      18
       9
      10
       9
       6
       5
       8
       9
       8
      11
      17
       9
       6
       9
       6
       4
       7
       4
      11
       5
       2
       8
       5
       7
       1
       4
       6
       4
       7
       2
       0
       4
       5
       5
       4
       6
       5
       6
       3
       9
       5
       4
       5
       3
       5
       7
       3
       4
       5
       5
       5
       5
       7
       4
      10
      18
      14
      11
      17
      15
       7
       6
       6
       3
       7
       6
       5
       4
       5
       3
       3
       0
       4
       6
       3
       3
       1
       3
       2
       5
       5
       5
       3
       3
       2
       5
       4
       4
       2
       3
       4
       4
       5
       3
       3
       4
       3
       3
       6
       2
      11
       4
       6
       7
       5
       6
       3
       9
       4
       3
       7
       4
       1
       2
       1
       2
       7
       8
       4
       3
       4
       3
       4
       5
       5
       4
       5
      10
       7
       4
       5
       5
       3
       7
       6
       4
       4
       5
       5
       7
       1
       9
       2
       5
       5
       4
       2
       4
       4
       5
       2
       4
       2
       5
       2
       7
       5
       3
       2
       6
       6
       2
       4
       8
       5
       6
       3
       6
       6
       9
       6
       2
       5
       0
       5
       7
       0
       6
       4
       2
       3
       2
       3
       0
       5
       3
       1
       5
       6
       2
       4
       1
       2
       2
       1
       7
       3
       2
       5
       2
       4
       3
       4
       3
       7
       7
       0
       5
       5
       1
       3
       3
       1
       2
       4
       5
       5
       3
       3
       6
       4
       3
       4
       4
       3
       4
       3
       3
       6
       6
       3
       2
       1
       1
       3
       3
       6
       6
       6
       4
       4
       6
       2
       6
       5
       1
       1
       3
       2
       5
       3
       2
       3
       3
       1
       1
       4
       1
       4
       3
       4
       4
       5
       1
       3
       3
       3
       1
       1
       2
       1
       2
       3
       3
       4
       5
       2
       0
       7
       3
       1
       4
       3
       2
       3
       4
       2
       0
       3
       2
       1
       3
       4
       4
       2
       3
       3
       6
       2
       1
       1
       3
       2
       2
       4
       4
       2
       4
       3
       9
       2
       3
       2
       1
       3
       7
       3
       3
       3
       1
       0
       0
       4
       2
       1
       1
       4
       0
       2
       4
       3
       3
       0
       5
       0
       4
       2
       2
       1
       2
       2
       3
       4
       3
       0
       1
       4
       1
       2
       0
       1
       2
       2
       4
       4
       3
       1
       3
       4
       3
       3
       3
       1
       3
       2
       2
       3
       3
       2
       2
       2
       3
       3
       6
       1
       1
       7
       4
       1
      15
      12
      14
       6
      11
       7
       6
       3
       4
       5
       2
       3
       6
       2
       4
       0
       3
       6
       2
       0
       3
       1
       4
       0
       2
       2
       1
       2
       2
       4
       3
       1
       2
       2
       2
       1
       3
       1
       0
       2
       4
       6
       2
       2
       4
       2
       1
       2
       2
       3
       4
       1
       0
       6
       2
       0
       1
       4
       4
       3
       1
       0
       1
       5
       1
       3
       3
       2
       9
       3
       5
      18
       9
      10
       9
       6
       4
       4
       4
       2
       2
       3
       1
       5
       2
       0
       3
       6
       1
       1
       1
       0
       2
       1
       0
       0
       2
       0
       3
       4
       3
       1
       1
       1
       2
       0
       4
       1
       4
       2
       1
       3
       1
       3
       0
       3
       2
       3
       3
       0
       4
       3
       1
       3
       1
       3
       3
       2
       3
       1
       2
       2
       0
       0
       3
       3
       1
       2
       3
       1
       6
       3
       5
       3
       2
       2
       1
       2
       5
       1
       3
       0
       2
       3
       3
       4
       1
       1
       1
       0
       1
       3
       2
       2
       0
       6
       0
       1
       2
       3
       3
       2
       1
       3
       2
       2
       0
       1
$ROI:
0
$PRESETS:
None
0
0
$ENER_FIT:
-0.17 0.50021
$MCA_CAL:
3
-0.17000 0.50021 0.00 keV
$SHAPE_CAL:
3
-0.765948053477 7.83958431117 -26.4079756712
$META:
{'istp': ['133CEm', '133CEg', '133LA', '132CE', '132LA', '139CE', '137CEg', '137CEm', '137LA', '135CE', '135LA', '134LA', '132CS', '7BE', '133BAm', '133BAg'], 'res': 0.05, 'R': 0.2, 'unc_eff': [[0.024053508436386758, -0.2517435071854035, 0.6502498581753428], [-0.25174350718540356, 2.65027007823169, -6.882714286693032], [0.6502498581753429, -6.882714286693032, 17.966849727438788]], 'alpha': 0.9}
