$SPEC_ID:
No sample description was entered.
$SPEC_REM:
DET# 9480
DETDESC# HPGE
AP# Maestro Version 7.01
$DATE_MEA:
10/17/2018 06:33:33
$MEAS_TIM:
1800 2088
$DATA:
0 4095
     300
     348
       0
       0
       0
       0
       0
       0
       0
       0
       0
       0
       0
       0
       0
       0
       0
       0
       0
       0
       0
       0
       0
       0
       0
       0
       0
       0
       0
       0
       0
       0
       0
       0
       0
       0
       0
       0
       0
       0
       0
       0
       0
       0
       0
       0
       0
       0
       0
       0
       0
       0
       0
       0
       0
       0
       0
       0
       0
       0
       0
       0
       0
       0
       0
       0
       0
       0
       0
       0
       0
       0
       0
       0
       0
       0
       0
       0
       0
       0
      27
     333
    1258
    4028
   18482
   27838
   28190
   27866
   27351
   27136
   27400
   26982
   27259
   27159
   26771
   26701
   26366
   26368
   26633
   26210
   26424
   26332
   26237
   25670
   26078
   25936
   25777
   25703
   25813
   25635
   25728
   25643
   25016
   25420
   25097
   25109
   25194
   25290
   25528
   25117
   24930
   24808
   24957
   24795
   24757
   25118
   24742
   25052
   24736
   24771
   24842
   24895
   24726
   25063
   25095
   24935
   24957
   25007
   25209
   25071
   25280
   25011
   25180
   25179
   25492
   26427
   26930
   25728
   25289
   26557
   28695
   26966
   25162
   25249
   25515
   25275
   25407
   25439
   25344
   25606
   25873
   26012
   25922
   26233
   26393
   26451
   26699
   26978
   27292
   28399
   29001
   28101
   27757
   30800
   35155
   31318
   29911
   36777
   36488
   29470
   28416
   28475
   28861
   28926
   29066
   28904
   29101
   29187
   29492
   29772
   29863
   30106
   30307
   30491
   30782
   30910
   31243
   31463
   31667
   31969
   32438
   32501
   32682
   32696
   32819
   33267
   33433
   33162
   33846
   34037
   34025
   34629
   34316
   34944
   34926
   35303
   35275
   35436
   35885
   35983
   35872
   36057
   36341
   37102
   36654
   37340
   37286
   37585
   37318
   38008
   38421
   39021
   39013
   39308
   39921
   42291
   47487
   46323
   50905
   69254
   57090
   42379
   40593
   40413
   40533
   40514
   40636
   40384
   40522
   40561
   40696
   40680
   40826
   40856
   40555
   40996
   41430
   41651
   42025
   42305
   42614
   43259
   43692
   44006
   45213
   46091
   47822
   46399
   45265
   44984
   44919
   44768
   44538
   44326
   44143
   44265
   44018
   43938
   43950
   44468
   44633
   44366
   44116
   44244
   43941
   43708
   43537
   43394
   43283
   42953
   42993
   42826
   42563
   42406
   42081
   41476
   41472
   41426
   41228
   41248
   40859
   40315
   40478
   39915
   40046
   39582
   39849
   39700
   39654
   38850
   38976
   38981
   38830
   38377
   38039
   38074
   38082
   37862
   37387
   37324
   37196
   36815
   36689
   36281
   36374
   36320
   36509
   35753
   35323
   35554
   35200
   35584
   35046
   35008
   34719
   34165
   34333
   34382
   35308
   35841
   34848
   34893
   34729
   34549
   34910
   34630
   34665
   34606
   34466
   34604
   34667
   34579
   34899
   34712
   34594
   35189
   35791
   35842
   35728
   35198
   34652
   34640
   34713
   34723
   34626
   34678
   34493
   34551
   34244
   34430
   34094
   34036
   33964
   33451
   33474
   33407
   32867
   32574
   32601
   32521
   32495
   31865
   31627
   31568
   31361
   31306
   31265
   30479
   30372
   30306
   30167
   29925
   29693
   29350
   29285
   29047
   28864
   28893
   28420
   28133
   27987
   28563
   28442
   27663
   27255
   27180
   26753
   26425
   26416
   26633
   27537
   36170
   89269
  167896
  112838
   40831
   27238
   25754
   24859
   24904
   24156
   23860
   23627
   23133
   22849
   22618
   22768
   22153
   22225
   21757
   21785
   21609
   21578
   21259
   21190
   21267
   21127
   20786
   20632
   20783
   20459
   20588
   20875
   20065
   19971
   19634
   19608
   19571
   19425
   19439
   18896
   19084
   18752
   19148
   18797
   18748
   18657
   18604
   18609
   18278
   18181
   18238
   18357
   18012
   17962
   18021
   17922
   17871
   17682
   17570
   17679
   17445
   17670
   17385
   17683
   17499
   17471
   17387
   17379
   17239
   17461
   17170
   16982
   17160
   17317
   16974
   16924
   16763
   16867
   17003
   16859
   16881
   16957
   16932
   16880
   16810
   16798
   16768
   16758
   16678
   16597
   16876
   16682
   16568
   16763
   16815
   17012
   20057
   29214
   33357
   23133
   17704
   16759
   16811
   16495
   16617
   16812
   16793
   16506
   16811
   16947
   17012
   16962
   17136
   17139
   17702
   18379
   20012
   25456
   61584
  255082
  563026
  420563
  114718
   34892
   30952
   29554
   23195
   19342
   17926
   17002
   16864
   16514
   16098
   15862
   15630
   15714
   15419
   15511
   15331
   15337
   16664
   18258
   16890
   15129
   14750
   14659
   14512
   14444
   14204
   14285
   14173
   14257
   14288
   13942
   13990
   13889
   13975
   13819
   13796
   13906
   13901
   13881
   13700
   13760
   13818
   13747
   13805
   13272
   13308
   13631
   13230
   13365
   13493
   13436
   13396
   13388
   13435
   13437
   13461
   13283
   13580
   13437
   13545
   13696
   14210
   15302
   19151
   40639
  137019
  279351
  214916
   66391
   22156
   16753
   15334
   14606
   14106
   13937
   14113
   13460
   12762
   12725
   12556
   12518
   12359
   12345
   12337
   12093
   11930
   11967
   11918
   12034
   11754
   11629
   11565
   11572
   11634
   11384
   11349
   11471
   11103
   11320
   11341
   11131
   11053
   11107
   11260
   11268
   11127
   10845
   10905
   10720
   10705
   10624
   10708
   10724
   10538
   10527
   10519
   10501
   10634
   10618
   10693
   10492
   10421
   10775
   11329
   11616
   10778
   10356
   10092
   10052
   10076
   10153
    9995
    9934
   10177
   10135
    9791
   10077
    9757
    9876
    9652
    9883
    9654
    9807
    9665
    9774
    9453
    9591
    9473
    9673
    9372
    9303
    9634
    9774
    9715
    9329
    9018
    8901
    8960
    9027
    8808
    8788
    8572
    8638
    8489
    8486
    8474
    8447
    8298
    8398
    8277
    8256
    8119
    8200
    8103
    8117
    7993
    7909
    8001
    8049
    7883
    7831
    7969
    7890
    7894
    7782
    7892
    7903
    7683
    7665
    7780
    7840
    7655
    7791
    7650
    7618
    7575
    7456
    7655
    7753
    7625
    7755
    7650
    7478
    7474
    7562
    7398
    7381
    7471
    7512
    7341
    7373
    7545
    7498
    7258
    7451
    7401
    7317
    7168
    7339
    7256
    7173
    7143
    7372
    7779
   10318
   16685
   18799
   12666
    8324
    7409
    7235
    7075
    7213
    6967
    7102
    6997
    7069
    6926
    6888
    7329
    8136
   10298
   11369
    9055
    7350
    7001
    6985
    6905
    6909
    6693
    6818
    6756
    6694
    6541
    6575
    6611
    6595
    6509
    6500
    6652
    6803
    8118
   10070
    9114
    7605
    7554
    8333
    7843
    6654
    6268
    6144
    6103
    6057
    6008
    6034
    5990
    5960
    6017
    6034
    5809
    5934
    5884
    5797
    5899
    5797
    5786
    5709
    5867
    5756
    5716
    5703
    5660
    5683
    5768
    5801
    5708
    5604
    5806
    5713
    5611
    5569
    5540
    5548
    5570
    5506
    5605
    5503
    5468
    5392
    5341
    5241
    5345
    5399
    5285
    5202
    5200
    5146
    5146
    5092
    5127
    4979
    4895
    4860
    4785
    4863
    4687
    4650
    4646
    4597
    4578
    4642
    4748
    4608
    4669
    4813
    4580
    4546
    4447
    4388
    4658
    4637
    4497
    4430
    4281
    4356
    4233
    4233
    4240
    4222
    4206
    4166
    4247
    4168
    4151
    4058
    4162
    4079
    4090
    4145
    4790
    5425
    5501
    4640
    4320
    4113
    4096
    3930
    3970
    3957
    3990
    3913
    3927
    3880
    3858
    3792
    3879
    3920
    3863
    3844
    3827
    3956
    3673
    3765
    4181
    4584
    4215
    3897
    3714
    3753
    3734
    3537
    3669
    3656
    3628
    3693
    3830
    4143
    4277
    3956
    3744
    3541
    3545
    3515
    3586
    3511
    3581
    3609
    3556
    3687
    3459
    3628
    3555
    3466
    3482
    3437
    3451
    3432
    3384
    3425
    3427
    3500
    3578
    3704
    3487
    3678
    4637
    7733
   11015
    9428
    5510
    4278
    5374
    9791
   14506
   12109
    7130
    5190
    4521
    3998
    4444
    5073
    4609
    3755
    3318
    3248
    3165
    3157
    3240
    3081
    3163
    3119
    3144
    3103
    3017
    3127
    3146
    3280
    3132
    3127
    3128
    3010
    3088
    3005
    3084
    3114
    3084
    3041
    3035
    3043
    3022
    3107
    3013
    3039
    3011
    3042
    3121
    3294
    3542
    3737
    3702
    3637
    4171
    4994
    6761
   10407
   15990
   22939
   29561
   32101
   30137
   24104
   16736
   11112
    7200
    5370
    4627
    4236
    4189
    4614
    6879
   17030
   46288
   76727
   63359
   26473
    8368
    4630
    3916
    3625
    3525
    3492
    3241
    3211
    3125
    3150
    2927
    3006
    3004
    2947
    2923
    2952
    3117
    3364
    3457
    3298
    2880
    2935
    2850
    2864
    2780
    2759
    2678
    2714
    2619
    2558
    2694
    2609
    2585
    2681
    2669
    2591
    2554
    2547
    2612
    2589
    2625
    2450
    2642
    2625
    2479
    2555
    2539
    2558
    2536
    2653
    2763
    3307
    4561
    5699
    5194
    3538
    2768
    2551
    2571
    2585
    2487
    2447
    2522
    2518
    2504
    2422
    2453
    2455
    2501
    2513
    2527
    2526
    2528
    2548
    2403
    2533
    2418
    2558
    2451
    2605
    2462
    2576
    2637
    2689
    2547
    2759
    3195
    3267
    3138
    2746
    2599
    2664
    2888
    3558
    4582
    5117
    4199
    3075
    2739
    2765
    2825
    3136
    4185
    8195
   21606
   43700
   49436
   29065
   10581
    4495
    3517
    3631
    4183
    7140
   15332
   25144
   22768
   11643
    5028
    3299
    3050
    2828
    2808
    2607
    2763
    2636
    2618
    2604
    2568
    2583
    2557
    2518
    2395
    2425
    2434
    2605
    2734
    2927
    2706
    2428
    2480
    2370
    2278
    2298
    2370
    2292
    2246
    2364
    2176
    2255
    2234
    2139
    2182
    2115
    2202
    2184
    2170
    2131
    2166
    2154
    2218
    2186
    2148
    2226
    2335
    2457
    2547
    3161
    4885
    9608
   14961
   15705
   17314
   36655
   71903
   82608
   49150
   16608
    5764
    3696
    3201
    2901
    2772
    2611
    2558
    2451
    2408
    2355
    2318
    2224
    2204
    2240
    2214
    2154
    2039
    2052
    2057
    2038
    1997
    2030
    2044
    2011
    2087
    2499
    3187
    3621
    3063
    2308
    1920
    1924
    1860
    1905
    1759
    1862
    1843
    1770
    1939
    1882
    1825
    1810
    1780
    1822
    1722
    1806
    1708
    1735
    1702
    1728
    1661
    1793
    1710
    1637
    1629
    1635
    1543
    1591
    1549
    1567
    1624
    1527
    1554
    1537
    1515
    1565
    1596
    1547
    1493
    1543
    1531
    1507
    1468
    1432
    1515
    1489
    1523
    1444
    1495
    1459
    1448
    1492
    1442
    1383
    1410
    1433
    1526
    1495
    1504
    1372
    1380
    1362
    1461
    1365
    1412
    1389
    1415
    1363
    1419
    1401
    1329
    1396
    1396
    1340
    1344
    1344
    1434
    1353
    1440
    1446
    1651
    1920
    2968
    6169
   11123
   13186
    9096
    4287
    2016
    1554
    1510
    1430
    1352
    1302
    1238
    1403
    1308
    1323
    1202
    1227
    1267
    1250
    1201
    1188
    1181
    1231
    1181
    1180
    1096
    1151
    1211
    1137
    1101
    1156
    1110
    1120
    1220
    1200
    1162
    1285
    1638
    2277
    2495
    2023
    1456
    1121
    1110
    1106
    1082
    1065
    1114
    1047
    1067
    1048
    1032
    1009
    1093
    1003
    1006
    1048
    1037
    1013
    1054
    1041
    1016
    1073
    1130
    1135
    1066
    1015
    1001
    1007
     979
     953
     964
     997
     945
     981
     971
     955
    1014
     874
     891
     889
     940
     941
     872
     854
     869
     896
     855
     874
     941
     804
     841
     893
     893
     916
    1026
    1002
     874
     854
     831
     851
     840
     849
     837
     829
    1073
    1405
    1978
    2126
    1699
    1187
     879
     845
     842
     802
     777
     790
     873
     774
     844
     804
     752
     811
     837
     892
     993
    1065
    1007
     920
     838
     750
     775
     754
     758
     779
     720
     746
     718
     742
     672
     724
     684
     669
     715
     726
     749
     860
     867
     842
     803
     747
     736
     719
     734
     694
     706
     747
     678
     678
     715
     708
     746
     671
     743
     654
     686
     679
     669
     670
     666
     667
     682
     747
     759
     777
     667
     671
     680
     619
     661
     690
     638
     621
     650
     635
     663
     634
     678
     620
     624
     630
     635
     604
     672
     672
     666
     684
     651
     627
     621
     602
     617
     644
     646
     627
     601
     631
     622
     631
     609
     684
     785
     825
     774
     799
     928
    1275
    1653
    1804
    1560
    1056
     835
     759
     862
    1113
    1511
    1771
    1515
    1044
     867
     876
     964
    1182
    1660
    3384
    8699
   19146
   30399
   28716
   16342
    6026
    2084
    1262
    1078
     957
     893
     803
     758
     750
     769
     672
     657
     676
     663
     682
     623
     646
     666
     647
     614
     578
     579
     566
     587
     578
     568
     536
     517
     551
     560
     562
     523
     524
     511
     515
     548
     545
     504
     500
     522
     527
     502
     549
     534
     575
     534
     534
     468
     507
     536
     490
     509
     551
     500
     509
     533
     506
     513
     522
     593
     754
     968
     957
     800
     605
     539
     514
     523
     487
     478
     435
     491
     509
     517
     448
     521
     529
     502
     542
     666
     752
     732
     897
    1278
    2710
    6189
   11788
   14728
   11513
    5588
    2001
     977
     746
     693
     704
     694
     615
     625
     668
     799
     915
     829
     645
     529
     470
     521
     473
     480
     436
     461
     466
     459
     468
     445
     410
     423
     454
     471
     546
     637
     791
     735
     594
     469
     444
     415
     403
     388
     419
     413
     390
     391
     393
     410
     398
     406
     409
     382
     397
     445
     416
     416
     416
     412
     382
     380
     379
     393
     371
     380
     385
     383
     385
     392
     409
     406
     376
     385
     410
     392
     412
     420
     385
     450
     458
     504
     550
     602
     653
     909
    1895
    3947
    6874
    8575
    6717
    3439
    1442
     838
     862
     964
     891
     705
     524
     470
     394
     402
     376
     352
     371
     378
     364
     381
     379
     375
     372
     350
     361
     385
     377
     357
     347
     371
     342
     334
     372
     353
     323
     318
     313
     347
     340
     355
     317
     338
     325
     368
     368
     370
     383
     465
     399
     385
     319
     338
     322
     377
     335
     314
     351
     344
     345
     347
     351
     335
     366
     377
     370
     418
     589
    1053
    2016
    3561
    4128
    3317
    1708
     787
     433
     386
     367
     354
     324
     346
     357
     326
     316
     334
     308
     308
     342
     318
     313
     289
     342
     328
     307
     288
     316
     302
     311
     345
     359
     338
     284
     263
     262
     276
     294
     307
     360
     352
     403
     393
     370
     314
     299
     284
     287
     287
     306
     276
     284
     261
     282
     292
     305
     315
     297
     376
     301
     346
     281
     286
     278
     291
     271
     300
     257
     264
     231
     247
     258
     274
     252
     262
     271
     251
     256
     268
     280
     250
     275
     246
     268
     269
     263
     248
     225
     226
     245
     256
     246
     247
     263
     274
     216
     269
     261
     275
     259
     234
     256
     259
     242
     246
     247
     262
     231
     249
     230
     255
     218
     229
     228
     254
     249
     278
     305
     371
     585
     839
     975
     857
     532
     333
     261
     221
     236
     241
     231
     249
     223
     225
     214
     219
     227
     223
     217
     229
     222
     225
     238
     228
     222
     220
     227
     195
     213
     209
     247
     202
     226
     199
     206
     208
     212
     217
     241
     281
     326
     331
     340
     258
     246
     211
     200
     191
     176
     173
     184
     169
     171
     192
     195
     174
     181
     221
     234
     231
     196
     214
     214
     208
     186
     172
     165
     144
     167
     182
     185
     187
     165
     186
     171
     170
     179
     160
     164
     178
     184
     150
     175
     162
     174
     179
     167
     170
     155
     174
     186
     177
     148
     171
     161
     178
     164
     159
     170
     155
     162
     176
     159
     183
     165
     168
     170
     159
     160
     177
     152
     149
     133
     129
     152
     146
     156
     138
     145
     158
     164
     184
     142
     154
     170
     163
     158
     174
     142
     141
     159
     141
     151
     154
     154
     143
     127
     128
     138
     154
     126
     132
     115
     149
     144
     161
     145
     169
     214
     234
     234
     171
     151
     138
     150
     133
     145
     144
     103
     123
     130
     133
     125
     144
     136
     134
     140
     129
     154
     151
     154
     134
     138
     153
     158
     224
     259
     209
     169
     139
     140
     123
     127
     114
      97
     130
     123
     130
     109
     108
     118
     116
     118
     125
     118
     123
     130
     107
     122
     123
     106
     133
     141
     101
     108
     115
     110
     124
     117
     112
     124
     118
     101
     100
     102
     107
     112
      94
      96
      97
     103
     108
     134
     112
     106
     114
      98
     104
     128
      95
     107
     117
     127
     117
     109
     107
     122
     110
     101
      95
     141
     104
     122
     102
     105
      95
     108
      89
      98
     103
     105
      87
     109
      96
     103
      95
     111
     106
     132
      93
     100
      92
      89
      97
      95
      82
      81
      98
     102
      83
      84
      91
     100
     110
     137
     151
     132
     123
     109
     103
      79
      93
     109
     101
      89
      90
      78
      97
      86
      95
      82
      88
      80
      95
      99
      80
     101
      74
      74
      94
     104
      88
      90
      73
      86
      81
      93
      90
      94
      77
      88
      87
      86
      90
      75
     102
     100
      95
      87
      87
      81
      88
      96
      81
      93
      79
      86
      75
      83
      86
      92
      84
      74
      81
      91
      79
     103
      81
      80
      89
      68
      78
      93
      91
      86
      71
      93
      97
     117
     146
     219
     212
     196
     152
     112
      77
      85
      81
      92
      87
      78
      77
     102
      86
      91
      82
     128
     166
     256
     459
     837
    1101
    1088
     740
     437
     208
     106
     104
      79
      84
      99
      93
      92
      70
      95
      85
      85
      78
      92
      76
      68
      75
      77
      72
      90
      83
      97
      85
      83
      91
      93
      78
      94
      76
      73
      96
      82
      89
     104
     105
      98
     127
     152
     244
     380
     377
     401
     269
     291
     346
     410
     365
     274
     155
     118
      98
      83
      84
      96
     101
     151
     137
     160
     151
     143
     171
     234
     396
     748
    1336
    1764
    1768
    1318
     618
     259
     159
      88
     106
      92
     110
      95
      91
      76
      85
      69
      64
      78
      68
      69
      67
      68
      77
      73
      78
      81
      64
      63
      72
      74
      74
      78
      76
      67
      87
      68
      62
      64
      79
      71
      62
      72
      79
      77
      75
      75
      66
      73
      52
      80
      73
      71
      74
      74
      78
      87
      89
      94
      99
     115
     169
     202
     212
     186
     131
      95
      77
      70
      65
      74
      54
      69
      60
      56
      58
      72
      55
      70
      60
      51
      59
      66
      80
      60
      65
      72
      63
      68
      57
      52
      67
      57
      77
      57
      70
      78
      87
     126
     201
     213
     207
     148
     104
      77
      75
      59
      70
      62
      52
      67
      64
      74
      57
      57
      58
      62
      58
      51
      52
      48
      63
      52
      68
      55
      56
      71
      67
      60
      55
      72
      37
      56
      58
      60
      60
      43
      68
      62
      60
      58
      62
      69
      61
      65
      62
      60
      74
      64
      57
      65
      61
      61
      64
      59
      69
      53
      57
      56
      66
      55
      50
      63
      69
      52
      65
      47
      56
      64
      60
      56
      58
      53
      57
      60
      51
      51
      56
      66
      61
      46
      70
      65
      57
      65
      77
      53
      50
      55
      47
      49
      50
      50
      45
      62
      49
      61
      50
      49
      57
      55
      58
      58
      76
      54
      59
      49
      49
      56
      69
      56
      58
      65
      50
      54
      46
      58
      53
      56
      65
      41
      41
      59
      54
      57
      59
      45
      49
      55
      73
      87
      98
     148
     159
     127
      83
      61
      65
      64
      48
      58
      52
      60
      48
      51
      57
      44
      56
      52
      51
      57
      48
      46
      51
      37
      46
      42
      61
      56
      55
      53
      54
      49
      60
      54
      36
      38
      45
      59
      48
      45
      41
      48
      53
      45
      69
      51
      57
      52
      56
      51
      45
      50
      44
      53
      48
      49
      68
      47
      37
      37
      55
      65
      51
      58
      54
      42
      43
      48
      63
      66
      48
      41
      51
      57
      57
      57
      38
      47
      49
      43
      56
      50
      47
      56
      53
      51
      53
      45
      43
      57
      56
      38
      50
      35
      49
      45
      36
      46
      55
      55
      50
      43
      60
      49
      54
      55
      54
      45
      49
      57
      49
      54
      42
      43
      36
      40
      49
      44
      45
      51
      37
      50
      47
      46
      39
      53
      62
      53
      38
      41
      46
      43
      43
      37
      56
      49
      47
      51
      37
      47
      49
      40
      50
      38
      57
      27
      41
      46
      49
      28
      34
      36
      42
      43
      31
      42
      30
      41
      45
      37
      36
      26
      44
      31
      34
      42
      39
      37
      31
      34
      32
      27
      29
      32
      42
      28
      42
      29
      32
      27
      36
      35
      31
      44
      31
      38
      35
      45
      37
      34
      45
      40
      32
      39
      31
      37
      37
      32
      26
      32
      27
      22
      37
      33
      32
      33
      26
      24
      27
      25
      39
      23
      38
      32
      22
      37
      24
      30
      28
      30
      37
      33
      26
      29
      23
      22
      35
      31
      31
      32
      22
      38
      35
      30
      29
      21
      32
      26
      32
      36
      18
      31
      24
      35
      26
      23
      29
      18
      26
      39
      34
      30
      23
      33
      38
      33
      36
      27
      29
      23
      24
      28
      26
      26
      29
      22
      28
      26
      24
      33
      36
      19
      33
      40
      36
      31
      37
      39
      36
      44
      65
      77
     108
     118
      69
      38
      28
      28
      19
      24
      23
      32
      27
      26
      30
      19
      24
      30
      18
      28
      38
      24
      24
      31
      31
      28
      21
      25
      17
      19
      21
      26
      26
      23
      16
      24
      24
      24
      23
      27
      20
      20
      21
      27
      20
      24
      27
      28
      30
      30
      26
      28
      45
      65
      97
     178
     233
     273
     241
     195
     109
      59
      34
      24
      24
      18
      23
      27
      22
      22
      29
      24
      13
      21
      20
      25
      20
      16
      18
      24
      28
      30
      29
      26
      36
      20
      29
      18
      26
      19
      23
      31
      15
      18
      19
      21
      17
      18
      17
      19
      15
      12
      16
      12
      20
      16
      22
      21
      16
      10
      32
      12
      16
      14
      17
      20
      20
      22
      19
      18
      16
      13
      24
      53
      51
      75
      68
      88
      60
      53
      30
      18
      19
      19
      12
      14
      16
      21
      15
      13
      18
      15
      12
      13
      12
      17
      24
      26
      17
      18
      19
      19
      17
      16
      16
      16
      17
      19
      12
      12
      19
      12
      19
      18
      12
      20
      20
      16
      14
      21
      16
      11
      13
      19
      14
      16
      17
      20
      14
      21
      25
      17
      21
      15
      28
      29
      31
      41
      33
      28
      17
      13
      22
       9
      19
      11
      13
      16
      11
      16
      13
       8
       5
       9
      12
      19
      19
      15
      24
       9
      18
      18
      17
      11
       8
      11
       9
      12
      15
      14
      14
      14
      18
      26
      26
      19
      17
      19
      15
      19
      13
      26
      40
      32
      35
      29
      24
      16
      16
      18
      23
      44
      55
      83
      90
      98
      74
      44
      16
      12
      15
      11
      13
      15
      13
      11
      11
      10
      14
      12
      16
       8
      15
      19
      16
      19
      15
      13
      12
      11
      15
      13
      12
      19
      11
      12
      19
      12
      10
       8
      16
       7
       9
      21
      17
      13
      11
      14
      17
      14
      11
      17
      32
      32
      41
      42
      28
      31
      25
      16
      20
      20
       9
      12
      13
      18
      24
      16
      41
      34
      61
     109
     190
     309
     473
     683
     654
     571
     407
     227
     105
      35
      33
      26
      18
      18
      13
      16
      16
      22
      15
      23
      12
      19
       8
      13
      17
      15
      16
       9
       7
      19
      12
      13
      14
      11
       9
       9
      13
      18
      14
      11
      13
      12
      11
      10
       8
      11
       7
       9
      12
       8
       8
       6
       7
      15
      10
       5
      15
       8
      16
       7
      10
       9
       6
       7
       6
       5
      10
       8
       6
      14
      17
       7
       7
       9
      16
      10
       6
      10
       8
      20
      12
      11
      13
       8
       9
       4
       6
       9
       4
       3
       9
       6
       7
      11
      13
      11
       8
       8
       5
       9
       8
       7
       7
       7
       4
      10
      14
      10
       2
       9
       4
      10
       6
       3
       5
       4
       8
       6
       8
      13
       3
       5
       7
       9
       5
       5
       7
      10
       4
       6
       4
       3
       7
       6
       8
       7
       4
       9
      10
       6
       7
      10
      12
       4
       8
       4
       4
       5
       7
      12
       6
       5
       7
       5
       5
       7
       6
       6
       7
       5
       5
       5
       5
       8
       4
       8
       6
       9
       8
       3
       5
       7
       7
       5
       5
       4
       8
       3
       1
       4
       8
       7
       6
       4
       4
       7
      13
       7
       3
       6
       6
       3
       8
       6
       5
       5
       3
      10
       7
       4
       3
       9
       4
       8
       4
       6
       3
       9
       7
       2
       3
       6
       4
       6
       3
       4
       8
       5
       4
       8
       6
       4
       8
       2
       4
       3
       6
       4
       3
       5
       4
       4
       4
       7
       8
       4
       4
       4
       1
       5
       5
       6
       4
       7
       6
       3
       7
       3
       7
       5
       5
       6
       4
       3
       4
       1
       4
       5
       7
       7
       9
       5
       4
       2
       6
       7
       4
       6
       9
       4
       6
       5
      10
       9
       8
      14
      16
       8
       9
       6
       7
       3
       3
       4
       6
       3
       4
       8
       8
       4
       4
       0
       7
       7
       7
      11
       3
       7
       6
       6
       3
       2
       4
       6
       6
       6
       3
       5
       7
       6
       4
       7
       5
       4
       4
       7
       3
      10
       5
       3
       3
       5
       5
       4
       7
       5
       5
       3
       6
       7
       5
       4
       4
       6
       6
       7
       5
       8
      11
      11
      18
      27
      40
      59
      85
     134
     115
      89
      42
      27
      13
       7
      11
       2
       9
       6
       6
       4
       5
       4
       4
      13
       6
       5
       7
       5
       4
       6
       5
       4
       2
       6
       8
       2
       4
       3
       0
       6
       2
       4
       2
       6
       3
       3
       3
       4
       5
       1
       3
       5
       3
       1
       6
       5
       3
       6
       4
       6
       4
       2
       6
       2
       4
       5
      14
      14
      12
      21
      11
      12
       5
       4
       2
       4
       2
       1
       1
       3
       4
       5
       2
       0
       1
       7
       3
       4
       2
       3
       3
       1
       1
       3
       5
       2
       3
       3
       5
       3
       2
       5
       5
       4
       8
       3
       5
       2
       1
       4
       5
       2
       2
       5
       1
       3
       4
       6
       1
       7
       3
       2
       4
       3
       1
       8
       5
       4
       3
       2
       3
       2
       1
       3
       0
       2
       0
       1
       0
       3
       3
       6
       4
       6
       2
       6
       5
       2
       3
       4
       3
       1
       4
       3
       3
       4
       1
       2
       3
       2
       2
       5
       2
       4
       3
       4
       3
       1
       3
       2
       0
       4
       4
       2
       2
       1
       2
       3
       9
       0
       5
       1
       1
       5
       1
       2
       4
       2
       3
       7
       1
       5
       3
       1
       8
       3
       6
       3
       2
       5
       3
       1
       2
       2
       1
       1
       3
       0
       3
       2
       4
       3
       2
       4
       3
       3
       0
       0
       2
       4
       1
       2
       1
       2
       8
       1
       6
       4
       4
       1
       3
       0
       2
       2
       2
       2
       2
       1
       3
       5
       5
       1
       1
       1
       3
       1
       5
       2
       3
       1
       3
       1
       1
       2
       5
       0
       2
       5
       3
       1
       4
       1
       1
       2
       1
       1
       1
       2
       2
       5
       0
       2
       3
       3
       2
       0
       3
       1
       1
       4
       3
       2
       0
       1
       1
       2
       2
       3
       0
       1
       2
       1
       2
       2
       2
       2
       2
       3
       2
       4
       0
       1
       0
       1
       1
       1
       3
       1
       0
       4
       2
       2
       1
       1
       4
       0
       5
       2
       2
       1
       4
       2
       0
       1
       3
       2
       1
       0
       0
       2
       0
       1
       2
       1
       2
       1
       3
       3
       0
       4
       4
       1
       1
       2
       1
       2
       2
       2
       1
       1
       3
       6
       1
       1
       0
       0
       3
       1
       1
       0
       3
       2
       2
       1
       1
       0
       3
       1
       1
       5
       1
       3
       1
       0
       1
       3
       1
       1
       3
       5
       2
       1
       2
       0
       2
       3
       3
       3
       0
       3
       8
       8
       2
       2
       5
       1
       4
       1
       3
       1
       3
       3
       2
       1
       1
       1
       1
       1
       2
       3
       5
       1
       4
       0
       1
       0
       2
       1
       3
       4
       2
       1
       1
       2
       1
       0
       0
       2
       0
       1
       1
       2
       2
       1
       1
       2
       0
       2
       2
       2
       0
       1
       1
       1
       3
       1
       5
       1
       0
       3
       0
       2
       1
       2
       0
       2
       1
       1
       2
       3
       4
       0
       3
       0
       4
       3
       1
       0
       0
       1
       2
       3
       2
       1
       1
       0
       2
       2
       0
       3
       2
       2
       2
       3
       0
       0
       1
       2
       5
       3
       2
       1
       2
       2
       6
       3
       3
       0
       1
       1
       2
       2
       1
       2
       1
       1
       1
       0
       0
       1
       2
       0
       0
       0
       1
       0
       2
       3
       3
       1
       0
       2
       1
       1
       1
       1
       1
       0
       0
       1
       1
       1
       2
       3
       2
       2
       2
       1
       2
       0
       2
       1
       2
       5
       0
       1
       2
       2
       5
       1
       2
       3
       1
       1
       2
       1
       0
       1
       1
       1
       1
       0
       1
       2
       0
       1
       0
       0
       1
$ROI:
0
$PRESETS:
None
0
0
$ENER_FIT:
-0.17 0.50021
$MCA_CAL:
3
-0.17000 0.50021 0.00 keV
$SHAPE_CAL:
3
-0.765948053477 7.83958431117 -26.4079756712
$META:
{'istp': ['133CEm', '133CEg', '133LA', '132CE', '132LA', '139CE', '137CEg', '137CEm', '137LA', '135CE', '135LA', '134LA', '132CS', '7BE', '133BAm', '133BAg'], 'res': 0.05, 'R': 0.2, 'unc_eff': [[0.024053508436386758, -0.2517435071854035, 0.6502498581753428], [-0.25174350718540356, 2.65027007823169, -6.882714286693032], [0.6502498581753429, -6.882714286693032, 17.966849727438788]], 'alpha': 0.9}
