$SPEC_ID:
No sample description was entered.
$SPEC_REM:
DET# 9480
DETDESC# HPGE
AP# Maestro Version 7.01
$DATE_MEA:
10/17/2018 22:56:47
$MEAS_TIM:
3588 3954
$DATA:
0 4095
     598
     659
       0
       0
       0
       0
       0
       0
       0
       0
       0
       0
       0
       0
       0
       0
       0
       0
       0
       0
       0
       0
       3
       6
      10
       4
       6
       1
       5
       0
       2
       6
       4
       5
       3
       0
       0
       2
      22
     100
     588
   10234
   23281
   23670
   22807
   22634
   22702
   22290
   22446
   22517
   22054
   21660
   21521
   21650
   21104
   21225
   21132
   20898
   20651
   20499
   20311
   20154
   20238
   20166
   19874
   20002
   19656
   19733
   19456
   19549
   19517
   19229
   19424
   19399
   19043
   19239
   19232
   19035
   19195
   19494
   20554
   26521
   29331
   19616
   17315
   17170
   17064
   17214
   16936
   16979
   16810
   16953
   17023
   16847
   16665
   16374
   16507
   16738
   16763
   16426
   16512
   16593
   16326
   16302
   16539
   16301
   16472
   16423
   16466
   16091
   15938
   16367
   16308
   16042
   16037
   16227
   16506
   16349
   16957
   16815
   16021
   15775
   15873
   15710
   15664
   15458
   15618
   15680
   15815
   15603
   15757
   15713
   15837
   16322
   19267
   20104
   16305
   15742
   15904
   15712
   15271
   15457
   15454
   15412
   15272
   15464
   15503
   15212
   15320
   15229
   15801
   15415
   15197
   15235
   15224
   15495
   15340
   15212
   15335
   15243
   15407
   15349
   15366
   15396
   15457
   15451
   15697
   15763
   15802
   16245
   16097
   16245
   16060
   15762
   15726
   15575
   15986
   15688
   15671
   15719
   15517
   15542
   15659
   15425
   15458
   15421
   15443
   15506
   15459
   15457
   15331
   15530
   15404
   15484
   15411
   15761
   15574
   15629
   15775
   15585
   15621
   15536
   15762
   15574
   15834
   15925
   15863
   15658
   15899
   16041
   16031
   16229
   16325
   16011
   16259
   16294
   16265
   16273
   16453
   16561
   16386
   16468
   16601
   16586
   16723
   16619
   16658
   16677
   16729
   16893
   16988
   16812
   16812
   16924
   16847
   16977
   16867
   16836
   16911
   17037
   17109
   17300
   21286
   45091
   67085
   35123
   17930
   16674
   16672
   16867
   16737
   16970
   18210
   30017
   50637
   36042
   18734
   16539
   16531
   16721
   16348
   16509
   16878
   16400
   16337
   16413
   16580
   16446
   16563
   16464
   16499
   17240
   20837
   22060
   17958
   16539
   16515
   16271
   16325
   16290
   16435
   16611
   16386
   16358
   16530
   16499
   16296
   16328
   16416
   16425
   16512
   16562
   16145
   16354
   16407
   16363
   16600
   16269
   16598
   16538
   16238
   16278
   16592
   16426
   16437
   16242
   16358
   16577
   16466
   16624
   16371
   16596
   16532
   16698
   16748
   16782
   16733
   16881
   16871
   16543
   16786
   16708
   16817
   16855
   16835
   17019
   16742
   16984
   17013
   17031
   17084
   17422
   17342
   17447
   17759
   17815
   18202
   18310
   18734
   19198
   20015
   20613
   20855
   21684
   22050
   22157
   22612
   22695
   22604
   22909
   23009
   23103
   22770
   22813
   22783
   22602
   22735
   22813
   22692
   22640
   22742
   22550
   22512
   22108
   22025
   21952
   21704
   21832
   21550
   21527
   21445
   20811
   20907
   20938
   20703
   20234
   20205
   20022
   19746
   19719
   19576
   19341
   18821
   18794
   18486
   18623
   18579
   18061
   18014
   17806
   17536
   17502
   17448
   17311
   17296
   17265
   16696
   16557
   16698
   16410
   16170
   16093
   16266
   15818
   15495
   15868
   15718
   15186
   15251
   15230
   15033
   15077
   15043
   14968
   15172
   14904
   14843
   14690
   14703
   14567
   14555
   14215
   14297
   14195
   13998
   14042
   13870
   14213
   13914
   13805
   13753
   13955
   13356
   13435
   13554
   13447
   13232
   13487
   13218
   13499
   13241
   13237
   13080
   13047
   12737
   12965
   12948
   13063
   12964
   12879
   12576
   12903
   12590
   12346
   12597
   12671
   12382
   12612
   12478
   12355
   12351
   12422
   12292
   12351
   12310
   12150
   12144
   12262
   12021
   12156
   12084
   12171
   12093
   12021
   12042
   11899
   11847
   12038
   11747
   11923
   11855
   12009
   11759
   11759
   12320
   14687
   19090
   19414
   13792
   11895
   11759
   12128
   13190
   16537
   17317
   13746
   11756
   11635
   11273
   11320
   11431
   11422
   11468
   11447
   11345
   11276
   11387
   11459
   11241
   11295
   11408
   11112
   11242
   11280
   11216
   11296
   11269
   11444
   11433
   12378
   14912
   15155
   12642
   11359
   11141
   11179
   11261
   11274
   11211
   10994
   11352
   11163
   11068
   11268
   11189
   10956
   11087
   11225
   11229
   11253
   11036
   11298
   11304
   11042
   11237
   11244
   11202
   11199
   11313
   11223
   11346
   11288
   11234
   11111
   11128
   11338
   11319
   11516
   11389
   11488
   11346
   11451
   11472
   12444
   14694
   18836
   18104
   13493
   11589
   11544
   11444
   11411
   11521
   11457
   11379
   11503
   11755
   11483
   11712
   11715
   11556
   11554
   12012
   11768
   11612
   11728
   11920
   11673
   11803
   11853
   11861
   11719
   11838
   12067
   12107
   11811
   12015
   12210
   12072
   12101
   12054
   12210
   12095
   12081
   12129
   12187
   12182
   12465
   12674
   12831
   12905
   12665
   12348
   12356
   12379
   12649
   12693
   12530
   12765
   12554
   12766
   12866
   12743
   12666
   12697
   12888
   12892
   12919
   12783
   12800
   12873
   12833
   13064
   13162
   13103
   12887
   13303
   13172
   13121
   13285
   13363
   13485
   13544
   13426
   13379
   13517
   13491
   13705
   13456
   13630
   13589
   13559
   13661
   13458
   13801
   13765
   13746
   13701
   13774
   13992
   13944
   13902
   13850
   13742
   13842
   13622
   13576
   13961
   13653
   13405
   13418
   13488
   13305
   13332
   12993
   12798
   12691
   12362
   12149
   12005
   11562
   11097
   10752
   10596
   10219
   10122
    9616
    9592
    9240
    9167
    9109
    8838
    8824
    8577
    8482
    8493
    8226
    8601
    8934
    8968
    8446
    7981
    7838
    7828
    7941
    7753
    7634
    7657
    7457
    7500
    7527
    7512
    7373
    7250
    7415
    7269
    7108
    7132
    7075
    7098
    6951
    6940
    6876
    6909
    6851
    6699
    6634
    6639
    6748
    6657
    6495
    6492
    6505
    6541
    6504
    6463
    6282
    6216
    6211
    6222
    5958
    6129
    6219
    6207
    6356
    6754
    6557
    6130
    5950
    5814
    5720
    5643
    5751
    5541
    5406
    5541
    5594
    5386
    5377
    5453
    5366
    5458
    5238
    5164
    5300
    5126
    5218
    5012
    5081
    5202
    5043
    4955
    4922
    5005
    4971
    4948
    4911
    4733
    4831
    4843
    4662
    4755
    4772
    4634
    4873
    5202
    6133
    7507
    7447
    5762
    4683
    4453
    4475
    4356
    4384
    4521
    4314
    4230
    4242
    4289
    4165
    4070
    4117
    4055
    4055
    3979
    4047
    3900
    3994
    3893
    3767
    3822
    3787
    3830
    3850
    3820
    3725
    3726
    3695
    3767
    3718
    3653
    3669
    3633
    3587
    3592
    3637
    3588
    3494
    3537
    3400
    3518
    3408
    3480
    3347
    3345
    3355
    3326
    3309
    3176
    3343
    3225
    3215
    3267
    3267
    3141
    3138
    3042
    3115
    3174
    3168
    3186
    3172
    3126
    3043
    3016
    3041
    2963
    3130
    3216
    3016
    3131
    2978
    2959
    3036
    2889
    2981
    2938
    2912
    3069
    3027
    3015
    3014
    3029
    3075
    2995
    2976
    2959
    2916
    2876
    2948
    2941
    3029
    2946
    2918
    2946
    2899
    2928
    2923
    2826
    2848
    2877
    2872
    2891
    2864
    2938
    2873
    2898
    2820
    2935
    2816
    2877
    2854
    2782
    2869
    2790
    2818
    2816
    2786
    2883
    2874
    2774
    2796
    2838
    2896
    2798
    2695
    2846
    2838
    2785
    2835
    2854
    2857
    2910
    2825
    2850
    2805
    2795
    2826
    2864
    2770
    2863
    2813
    2759
    2881
    2884
    2798
    2774
    2771
    2742
    2804
    2818
    2810
    2800
    2802
    2892
    2841
    2879
    2825
    2956
    2889
    3001
    3602
    4724
    5990
    5730
    4031
    3056
    2788
    2762
    2829
    2923
    2862
    2870
    2956
    2894
    2891
    2892
    2799
    2847
    2940
    2909
    2872
    2866
    2856
    2884
    2919
    2934
    2952
    2938
    2938
    2909
    3012
    2918
    3017
    2984
    3084
    3070
    3021
    3137
    3071
    3029
    3073
    3191
    3218
    3227
    3199
    3383
    3333
    3370
    3311
    3468
    3428
    3656
    3748
    3790
    3895
    4088
    4529
    5007
    6141
    8442
   12910
   22093
   34263
   45009
   60240
   95112
  153344
  223873
  284838
  305008
  275743
  208960
  133380
   75772
   41792
   24743
   15858
   10986
    8053
    6518
    5332
    4793
    4291
    4125
    3942
    3682
    3566
    3365
    3416
    3200
    3173
    3168
    2922
    2962
    2931
    2768
    2763
    2829
    2671
    2651
    2672
    2569
    2561
    2549
    2536
    2532
    2411
    2497
    2332
    2394
    2337
    2245
    2230
    2231
    2201
    2204
    2186
    2243
    2159
    2091
    2120
    2089
    2099
    2031
    2067
    2073
    2016
    2030
    1960
    2019
    1918
    1925
    1988
    1972
    1948
    1932
    1890
    1964
    1971
    2133
    2851
    4232
    7423
   12657
   15847
   12039
    5224
    2330
    1887
    1802
    1777
    1751
    1755
    1724
    1651
    1759
    1752
    1725
    1703
    1635
    1629
    1618
    1705
    1587
    1638
    1694
    1610
    1603
    1565
    1624
    1615
    1601
    1683
    1575
    1664
    1629
    1547
    1636
    1553
    1646
    1563
    1560
    1652
    1614
    1588
    1488
    1497
    1558
    1533
    1530
    1447
    1588
    1556
    1485
    1507
    1514
    1501
    1507
    1590
    1495
    1519
    1489
    1487
    1548
    1492
    1471
    1485
    1476
    1517
    1502
    1465
    1461
    1457
    1384
    1453
    1503
    1477
    1494
    1423
    1574
    1423
    1464
    1623
    1562
    1644
    1669
    1487
    1454
    1445
    1443
    1439
    1451
    1471
    1456
    1557
    1892
    2622
    4203
    7865
   14174
   20476
   19202
   10118
    3548
    1715
    1462
    1395
    1463
    1457
    1419
    1377
    1436
    1416
    1419
    1398
    1421
    1358
    1370
    1371
    1390
    1351
    1330
    1356
    1418
    1345
    1325
    1362
    1386
    1350
    1335
    1310
    1267
    1226
    1314
    1293
    1241
    1197
    1240
    1227
    1241
    1249
    1244
    1182
    1230
    1225
    1220
    1236
    1200
    1164
    1251
    1203
    1086
    1127
    1209
    1184
    1207
    1197
    1143
    1089
    1155
    1098
    1131
    1132
    1123
    1133
    1121
    1209
    1174
    1108
    1169
    1092
    1089
    1093
    1137
    1063
    1077
    1085
    1127
    1123
    1126
    1227
    1297
    1311
    1274
    1123
     996
    1055
    1060
    1018
    1073
    1033
    1056
    1024
    1051
    1016
     997
    1097
    1072
     997
    1025
    1033
    1012
     962
     985
    1049
     974
    1043
    1013
     974
    1010
     946
    1060
    1025
    1011
    1031
    1197
    1327
    1746
    2207
    2696
    2150
    1390
    1063
     990
    1010
     954
     955
     937
     934
     933
    1015
     933
     944
     986
     934
     966
     923
     947
     868
     953
     936
     930
     912
     962
     889
     974
     909
     911
     923
     865
     944
     855
     926
     878
     952
     931
     926
     915
     924
     980
     906
     953
     911
     902
     918
     963
     976
     979
     997
    1048
    1058
     969
    1016
    1041
     961
    1001
     884
     861
     863
     870
     884
     877
     864
     885
     861
     873
     896
     825
     865
     798
     814
     872
     836
     844
     838
     812
     795
     793
     778
     764
     846
     754
     754
     782
     780
     758
     776
     750
     735
     715
     754
     750
     776
     728
     755
     771
     760
     767
     733
     758
     753
     749
     722
     756
     775
     760
     752
     769
     742
     736
     703
     691
     687
     671
     681
     733
     691
     746
     707
     719
     700
     716
     713
     665
     683
     734
     714
     667
     647
     679
     675
     628
     717
     701
     680
     642
     703
     715
     673
     667
     682
     690
     660
     654
     651
     660
     704
     614
     666
     620
     669
     663
     654
     697
     636
     673
     682
     684
     700
     651
     636
     631
     654
     659
     646
     623
     655
     644
     626
     634
     640
     632
     629
     646
     646
     658
     644
     609
     665
     673
     683
     612
     646
     634
     647
     603
     626
     674
     642
     593
     629
     650
     610
     622
     613
     664
     623
     656
     605
     572
     660
     615
     585
     644
     648
     639
     650
     638
     589
     597
     628
     580
     551
     652
     612
     578
     608
     563
     625
     579
     575
     590
     577
     610
     598
     625
     639
     560
     586
     612
     601
     595
     558
     558
     598
     548
     601
     590
     568
     598
     575
     584
     580
     579
     581
     618
     549
     575
     565
     608
     567
     604
     563
     569
     496
     595
     586
     577
     603
     574
     595
     611
     556
     574
     563
     594
     610
     554
     572
     581
     555
     586
     617
     560
     560
     548
     561
     555
     589
     572
     544
     581
     610
     553
     576
     574
     562
     563
     597
     505
     581
     541
     535
     547
     581
     591
     562
     578
     574
     571
     608
     666
     869
    1063
    1698
    2573
    4160
    6727
    8770
    8079
    4863
    1902
     840
     579
     599
     584
     584
     546
     555
     600
     630
     572
     541
     561
     519
     524
     548
     558
     510
     551
     497
     487
     531
     526
     532
     557
     534
     520
     530
     496
     527
     541
     546
     491
     513
     517
     509
     497
     494
     526
     544
     526
     526
     531
     566
     617
     663
     691
     613
     542
     535
     516
     515
     425
     520
     531
     516
     508
     538
     534
     494
     511
     479
     468
     536
     522
     524
     576
     597
     712
     717
     718
     611
     516
     490
     462
     468
     423
     488
     462
     492
     506
     487
     503
     476
     481
     492
     472
     490
     422
     473
     502
     477
     486
     437
     482
     461
     476
     499
     447
     469
     501
     488
     455
     523
     492
     536
     445
     509
     534
     502
     508
     471
     480
     493
     470
     464
     448
     458
     463
     467
     446
     430
     485
     451
     463
     506
     519
     540
     498
     507
     464
     450
     437
     466
     467
     465
     452
     461
     420
     429
     467
     467
     430
     471
     459
     479
     457
     431
     445
     428
     439
     477
     453
     430
     406
     434
     438
     467
     437
     475
     439
     402
     461
     481
     496
     454
     474
     461
     469
     505
     490
     444
     471
     492
     409
     468
     458
     446
     424
     464
     441
     452
     434
     472
     425
     412
     447
     446
     438
     482
     472
     499
     475
     542
     531
     449
     453
     442
     446
     410
     441
     446
     439
     431
     439
     438
     427
     434
     433
     482
     416
     433
     430
     408
     444
     428
     450
     411
     425
     426
     475
     419
     409
     395
     384
     416
     433
     440
     411
     428
     410
     430
     428
     408
     418
     476
     444
     454
     440
     463
     424
     412
     433
     417
     421
     401
     381
     415
     387
     407
     436
     451
     416
     446
     386
     386
     431
     427
     460
     413
     405
     400
     407
     405
     430
     441
     418
     431
     416
     427
     430
     399
     428
     437
     460
     384
     428
     416
     432
     399
     391
     427
     415
     411
     399
     379
     393
     419
     399
     429
     398
     416
     437
     438
     445
     440
     416
     418
     409
     422
     422
     427
     431
     390
     452
     385
     407
     440
     451
     458
     405
     441
     438
     391
     383
     420
     410
     417
     396
     440
     387
     406
     401
     414
     403
     437
     416
     390
     422
     410
     415
     367
     418
     426
     381
     389
     393
     400
     427
     443
     382
     394
     424
     425
     394
     450
     359
     432
     353
     424
     424
     420
     399
     406
     416
     397
     394
     440
     445
     409
     419
     388
     374
     395
     464
     379
     393
     416
     389
     402
     408
     378
     433
     407
     429
     432
     401
     404
     425
     416
     406
     413
     420
     406
     415
     437
     414
     417
     423
     407
     406
     400
     413
     382
     395
     393
     406
     439
     407
     411
     437
     422
     396
     447
     445
     425
     447
     437
     475
     422
     440
     476
     437
     467
     459
     527
     463
     465
     464
     448
     440
     459
     417
     432
     417
     351
     351
     360
     375
     364
     375
     317
     385
     402
     391
     371
     351
     375
     384
     388
     353
     384
     389
     367
     367
     385
     375
     396
     337
     393
     412
     385
     402
     379
     378
     398
     364
     373
     360
     419
     379
     374
     373
     412
     396
     392
     408
     357
     385
     374
     364
     363
     339
     371
     373
     358
     332
     372
     359
     367
     358
     346
     379
     380
     357
     368
     351
     392
     387
     378
     365
     387
     372
     399
     356
     427
     379
     371
     416
     365
     369
     377
     373
     341
     358
     370
     369
     357
     376
     368
     383
     381
     374
     366
     378
     391
     387
     325
     399
     402
     368
     356
     402
     365
     384
     392
     395
     356
     354
     408
     368
     411
     384
     400
     401
     377
     393
     382
     363
     396
     394
     388
     358
     377
     408
     382
     371
     378
     343
     377
     374
     374
     389
     376
     424
     371
     403
     375
     399
     382
     394
     353
     360
     356
     403
     395
     382
     396
     376
     404
     409
     441
     474
     455
     496
     422
     400
     430
     409
     429
     379
     413
     389
     404
     379
     414
     391
     417
     399
     376
     422
     411
     439
     413
     385
     392
     398
     389
     387
     396
     368
     415
     422
     458
     473
     463
     507
     511
     531
     465
     390
     424
     391
     423
     409
     429
     370
     409
     394
     393
     405
     367
     368
     395
     399
     423
     406
     407
     408
     418
     409
     450
     453
     375
     432
     385
     447
     345
     398
     414
     408
     425
     436
     415
     419
     401
     409
     376
     400
     407
     387
     419
     408
     419
     400
     419
     418
     420
     425
     400
     396
     391
     411
     406
     397
     391
     398
     379
     429
     433
     404
     433
     399
     411
     410
     412
     415
     419
     431
     416
     430
     432
     424
     413
     408
     376
     364
     407
     396
     392
     399
     370
     397
     382
     411
     387
     391
     385
     319
     340
     323
     347
     355
     354
     365
     350
     357
     340
     303
     330
     300
     303
     317
     329
     350
     340
     349
     381
     363
     373
     401
     437
     434
     438
     378
     310
     306
     314
     306
     323
     367
     279
     313
     294
     278
     307
     325
     290
     296
     336
     337
     353
     314
     414
     436
     456
     559
     538
     467
     326
     339
     287
     303
     289
     292
     259
     279
     303
     286
     315
     301
     297
     274
     266
     250
     272
     289
     284
     291
     290
     281
     276
     284
     268
     267
     287
     288
     275
     292
     330
     291
     273
     272
     289
     287
     282
     281
     281
     255
     263
     229
     256
     278
     281
     267
     293
     242
     275
     273
     276
     236
     227
     219
     281
     255
     253
     253
     211
     267
     217
     269
     273
     228
     231
     247
     241
     236
     224
     263
     240
     244
     249
     266
     251
     241
     245
     257
     272
     241
     251
     264
     266
     232
     233
     257
     242
     251
     246
     255
     255
     225
     230
     249
     248
     260
     217
     225
     244
     259
     247
     304
     305
     325
     296
     294
     236
     248
     217
     211
     212
     258
     210
     215
     234
     203
     221
     232
     235
     241
     241
     226
     220
     226
     236
     226
     235
     224
     232
     237
     213
     216
     215
     222
     209
     195
     268
     201
     206
     193
     184
     227
     200
     220
     204
     248
     204
     192
     233
     212
     200
     190
     201
     218
     203
     194
     217
     205
     196
     194
     196
     213
     177
     194
     206
     189
     189
     181
     177
     206
     251
     204
     190
     195
     193
     214
     163
     151
     213
     208
     189
     201
     188
     178
     195
     187
     200
     190
     191
     204
     176
     186
     177
     162
     193
     177
     199
     197
     177
     182
     184
     198
     190
     195
     185
     177
     175
     188
     201
     193
     209
     221
     202
     176
     156
     176
     191
     198
     196
     181
     170
     181
     191
     166
     192
     182
     159
     161
     178
     168
     167
     184
     163
     187
     172
     173
     190
     164
     182
     187
     170
     199
     163
     163
     198
     155
     185
     187
     182
     160
     174
     164
     183
     164
     170
     175
     166
     185
     190
     205
     174
     184
     181
     196
     194
     174
     159
     204
     168
     198
     189
     208
     178
     181
     163
     135
     156
     173
     176
     189
     179
     191
     181
     178
     183
     167
     179
     175
     175
     185
     203
     209
     188
     208
     177
     177
     167
     165
     162
     166
     194
     176
     170
     167
     170
     164
     158
     173
     218
     204
     242
     249
     277
     343
     405
     497
     597
     736
     836
     767
     614
     394
     238
     203
     194
     162
     197
     179
     169
     181
     175
     180
     170
     163
     194
     168
     171
     194
     162
     176
     165
     180
     157
     145
     175
     161
     138
     165
     193
     182
     171
     190
     158
     165
     169
     160
     183
     179
     157
     175
     189
     191
     195
     202
     167
     182
     184
     193
     167
     219
     176
     256
     365
     441
     603
     817
    1048
    1462
    1942
    2715
    3643
    4664
    4954
    4141
    2490
    1137
     501
     254
     190
     201
     196
     198
     183
     203
     183
     204
     158
     187
     173
     165
     169
     169
     160
     177
     172
     159
     169
     195
     169
     150
     169
     148
     175
     184
     171
     151
     159
     181
     177
     131
     150
     161
     172
     161
     159
     153
     169
     167
     150
     165
     162
     161
     141
     152
     158
     144
     144
     188
     155
     163
     165
     171
     176
     187
     178
     177
     172
     181
     149
     136
     167
     166
     146
     158
     147
     166
     147
     152
     160
     147
     157
     136
     145
     130
     162
     153
     132
     155
     125
     162
     162
     155
     160
     146
     136
     141
     144
     138
     133
     135
     169
     148
     147
     161
     147
     143
     162
     141
     165
     141
     130
     139
     148
     161
     147
     144
     152
     140
     135
     136
     141
     139
     148
     157
     128
     160
     163
     149
     148
     131
     156
     160
     140
     142
     149
     153
     136
     165
     139
     155
     123
     141
     143
     141
     132
     129
     133
     153
     152
     161
     148
     146
     142
     141
     146
     150
     152
     112
     145
     143
     120
     128
     151
     149
     131
     133
     142
     127
     155
     147
     138
     128
     139
     165
     158
     159
     133
     148
     140
     125
     133
     150
     125
     137
     147
     133
     121
     130
     158
     142
     123
     143
     146
     133
     141
     124
     128
     123
     118
     106
     136
     111
     122
     125
     138
     143
     119
     127
     141
     117
     128
     132
     144
     135
     152
     123
     166
     128
     142
     136
     166
     140
     104
     148
     120
     120
     142
     156
     139
     124
     134
     124
     149
     139
     141
     133
     132
     124
     121
     124
     108
     131
     121
     124
     134
     142
     136
     133
     128
     136
     131
     131
     143
     147
     134
     140
     147
     169
     158
     134
     134
     135
     138
     141
     139
     145
     136
     131
     153
     134
     129
     130
     109
     127
     131
     126
     129
     105
     116
     121
     108
     128
     139
     128
     121
     128
     139
     137
     148
     139
     119
     124
     130
     141
     121
     144
     138
     125
     149
     132
     101
     120
     132
     129
     121
     119
     114
     148
     110
     116
     128
     115
     122
     126
     112
     120
     114
     110
     122
     116
     128
     131
     121
     116
     122
     118
     125
     129
     122
     141
     126
     131
     118
     132
     146
     117
     138
     112
     131
     116
     110
     121
     107
     116
     116
     129
     118
      98
     124
      99
     125
     113
     105
     122
     125
     114
     112
     124
     121
      98
     111
     110
     102
     100
     115
     104
     126
     108
     138
     125
     106
     128
     109
      94
     125
     106
     111
     112
      89
     106
     118
     130
      99
     113
     113
     120
     119
     107
     108
     123
     106
     119
     114
     101
     106
      89
      98
     102
      98
     112
     124
      95
     133
     109
     105
     125
     110
     116
     109
     118
     110
     104
      82
     100
     114
      94
     108
     122
     100
     114
     119
     104
      97
      93
     111
     107
     111
     112
     105
     115
     110
     119
      97
     112
     100
     117
     117
      99
     131
     130
     104
      97
      90
     101
     110
      95
     113
     122
     115
     112
     112
     102
     119
      93
     109
     109
     113
      86
     113
     105
      99
      93
     119
     128
     118
     105
     105
     102
     120
     113
     110
     108
     113
     105
     101
     108
      99
     107
     112
     100
      93
     112
     129
      97
     113
     109
     104
      88
     126
     118
     102
      99
     110
     106
     103
      87
     113
      99
     102
     102
      98
     105
     119
     105
     118
      89
     104
     108
     105
     107
      76
     103
      93
     105
      96
     109
      97
      99
     102
     102
     101
      93
      98
     108
      94
      96
     101
      93
     112
      97
     127
     104
      92
      94
     114
     103
     115
     119
      87
     106
     116
      87
     103
      95
      80
      95
      91
     107
      90
      93
      99
     108
      96
      95
      95
     106
     100
     106
      97
      98
     111
     103
     101
     107
     101
     101
     112
      92
     103
     101
      94
      88
      98
     101
     101
     104
      96
      98
     101
     104
     111
      98
      90
      89
     110
      90
     103
      84
     116
      94
     103
      80
     103
     109
     118
     116
     127
     113
     100
      94
     100
     100
     112
     117
      98
     106
      93
     101
      98
     100
     102
     106
      89
     101
      88
      99
      90
      91
     102
     104
     103
     125
     100
      78
      91
      85
     107
      81
      81
      91
      89
      86
      80
      99
      93
      89
      83
     108
      78
      86
      76
      94
      76
      94
      78
      77
      87
      80
      92
      69
      83
      88
      70
      83
      72
      66
      81
      85
      86
      82
      56
      81
      80
      70
      91
      73
      91
      73
      85
      88
      88
      82
      85
      91
      65
      73
      67
      84
      74
      83
      82
      87
      81
      94
      59
      80
      83
      81
      60
      76
      94
      69
      78
      92
      86
      87
      87
      98
      80
      79
      78
      68
      72
      85
      77
      76
      91
      79
      67
      67
      78
      71
      59
      68
      65
      77
     101
      70
      83
      64
      89
      70
      72
      73
      73
      75
      67
      70
      68
      69
      70
      69
      79
      89
      73
      73
      58
      67
      63
      60
      78
      74
      73
      73
      70
      61
      80
      93
      64
      85
      59
      96
      84
     100
     101
     142
     137
     134
     196
     217
     255
     279
     310
     283
     259
     141
     103
      73
      70
      61
      71
      67
      71
      55
      56
      61
      65
      68
      78
      59
      75
      72
      57
      66
      72
      63
      71
      69
      71
      80
      64
      72
      79
      76
      65
      78
      69
      67
      57
      60
      64
      69
      57
      66
      65
      57
      74
      58
      56
      75
      67
      58
      44
      52
      55
      68
      74
      61
      56
      65
      67
      72
      75
      48
      66
      62
      54
      69
      49
      63
      57
      61
      57
      58
      53
      55
      65
      64
      70
      61
      54
      54
      59
      47
      49
      68
      68
      51
      49
      57
      48
      60
      48
      58
      59
      52
      53
      62
      57
      67
      52
      43
      66
      53
      56
      52
      51
      51
      53
      60
      46
      56
      44
      50
      45
      57
      55
      56
      49
      48
      35
      65
      46
      57
      49
      51
      50
      44
      49
      42
      56
      52
      44
      54
      54
      65
      69
      40
      43
      48
      61
      56
      43
      61
      57
      52
      65
      37
      44
      59
      53
      54
      60
      38
      61
      67
      50
      43
      47
      47
      43
      54
      43
      49
      46
      51
      56
      49
      47
      52
      40
      55
      42
      36
      44
      42
      49
      57
      37
      47
      50
      48
      47
      47
      56
      55
      55
      34
      38
      55
      40
      46
      45
      53
      47
      47
      47
      45
      47
      51
      43
      55
      42
      44
      59
      50
      49
      42
      42
      43
      38
      40
      47
      51
      45
      45
      44
      48
      38
      42
      42
      58
      45
      41
      45
      59
      51
      35
      44
      49
      36
      36
      53
      58
      65
      59
      35
      51
      42
      37
      59
      59
      40
      35
      36
      50
      43
      48
      39
      45
      33
      57
      46
      63
      46
      66
      55
      53
      53
      44
      63
      62
      61
      64
      59
      70
      58
      51
      48
      32
      37
      39
      55
      40
      48
      59
      40
      46
      36
      36
      46
      48
      41
      43
      47
      38
      48
      43
      46
      50
      40
      27
      36
      34
      46
      35
      36
      39
      44
      39
      33
      41
      35
      43
      41
      42
      50
      37
      52
      40
      36
      61
      32
      47
      67
      80
      73
      87
     134
     151
     172
     207
     268
     286
     357
     482
     520
     471
     385
     237
     128
      54
      35
      53
      47
      29
      36
      43
      41
      24
      47
      47
      28
      37
      42
      31
      32
      47
      32
      35
      32
      38
      43
      34
      43
      39
      47
      30
      41
      27
      35
      30
      31
      36
      23
      33
      32
      31
      44
      35
      31
      34
      43
      40
      42
      40
      45
      33
      32
      25
      31
      27
      35
      26
      34
      23
      20
      26
      28
      34
      38
      24
      36
      31
      29
      31
      37
      25
      31
      40
      28
      32
      27
      41
      30
      43
      27
      27
      33
      30
      32
      25
      35
      35
      22
      19
      31
      40
      25
      36
      28
      32
      33
      24
      24
      24
      26
      28
      41
      30
      21
      39
      28
      34
      25
      26
      24
      34
      28
      45
      35
      28
      30
      26
      37
      35
      28
      23
      28
      27
      32
      37
      21
      24
      29
      33
      28
      20
      28
      29
      33
      29
      36
      31
      31
      16
      26
      30
      27
      25
      19
      27
      20
      34
      27
      31
      29
      34
      35
      32
      23
      29
      34
      27
      32
      27
      27
      26
      27
      25
      28
      26
      24
      21
      30
      26
      26
      18
      17
      26
      19
      28
      27
      33
      29
      29
      35
      26
      30
      35
      35
      18
      28
      23
      30
      26
      33
      28
      18
      33
      22
      25
      22
      25
      30
      14
      24
      25
      18
      23
      32
      25
      27
      32
      29
      20
      24
      27
      20
      30
      32
      22
      33
      26
      28
      27
      26
      20
      18
      30
      17
      19
      30
      30
      15
      22
      35
      31
      29
      24
      22
      25
      17
      29
      27
      26
      26
      26
      24
      24
      27
      26
      30
      21
      24
      29
      17
      27
      26
      20
      17
      33
      25
      25
$ROI:
0
$PRESETS:
None
0
0
$ENER_FIT:
0.095 0.50031
$MCA_CAL:
3
0.09500 0.50031 0.00 keV
$SHAPE_CAL:
3
-0.898383546091 8.9526342793 -25.115346611
$META:
{'istp': ['62ZN', '63ZN', '65ZN', '7BE', '58CO', '61CU', '57CO', '64CO', '56CO'], 'res': 0.05, 'R': 0.2, 'unc_eff': [[0.028787930103945265, -0.2942980340858346, 0.7442515342308331], [-0.29429803408583455, 3.022016856655637, -7.675333967462559], [0.7442515342308331, -7.675333967462559, 19.577835672186247]], 'alpha': 0.9}
