$SPEC_ID:
No sample description was entered.
$SPEC_REM:
DET# 9480
DETDESC# HPGE
AP# Maestro Version 7.01
$DATE_MEA:
10/16/2018 23:48:28
$MEAS_TIM:
900 900
$DATA:
0 4095
     150
     150
       0
       0
       0
       0
       0
       0
       0
       0
       0
       0
       0
       0
       0
       0
       0
       0
       0
       0
       0
       0
       0
       0
       0
       0
       0
       0
       0
       0
       0
       0
       0
       0
       0
       0
       0
       0
       0
       0
       0
       0
       0
       0
       0
       0
       0
       0
       0
       0
       0
       0
       0
       0
       0
       0
       0
       0
       0
       0
       0
       0
       0
       0
       0
       0
       0
       0
       0
       0
       0
       0
       0
       0
       0
       0
       0
       0
       0
       0
       0
       2
       0
       4
     112
     391
     428
     445
     414
     408
     373
     430
     400
     407
     387
     422
     394
     376
     394
     385
     369
     391
     395
     378
     430
     395
     359
     371
     441
     373
     350
     347
     387
     352
     377
     360
     379
     378
     369
     376
     380
     369
     343
     401
     349
     366
     342
     411
     348
     403
     376
     356
     383
     382
     393
     372
     383
     385
     383
     406
     421
     404
     381
     384
     410
     381
     437
     396
     423
     411
     439
     422
     389
     390
     372
     373
     381
     383
     360
     434
     390
     434
     420
     413
     403
     420
     450
     419
     414
     412
     431
     436
     414
     451
     550
     552
     462
     491
     639
     480
     438
     407
     420
     448
     466
     428
     441
     467
     424
     435
     457
     445
     465
     463
     444
     443
     444
     431
     516
     495
     490
     486
     484
     477
     446
     484
     477
     478
     504
     473
     505
     504
     488
     460
     498
     503
     525
     516
     510
     520
     539
     527
     516
     555
     547
     512
     564
     513
     556
     526
     559
     592
     542
     594
     582
     612
     729
     679
     668
     1000
     995
     633
     641
     578
     555
     593
     572
     626
     608
     617
     593
     586
     581
     572
     583
     615
     582
     592
     634
     648
     630
     656
     623
     672
     640
     645
     691
     690
     666
     642
     692
     657
     657
     669
     632
     609
     642
     639
     592
     648
     623
     653
     593
     610
     549
     645
     566
     584
     606
     584
     608
     586
     606
     584
     574
     572
     572
     577
     566
     563
     583
     542
     524
     529
     508
     531
     528
     520
     510
     496
     507
     479
     531
     505
     523
     468
     490
     467
     455
     479
     475
     472
     477
     473
     476
     466
     445
     487
     468
     480
     454
     442
     452
     474
     421
     452
     451
     388
     437
     482
     470
     438
     437
     429
     437
     453
     443
     425
     398
     421
     434
     427
     412
     434
     453
     415
     422
     443
     411
     459
     392
     446
     408
     451
     418
     411
     410
     386
     396
     411
     398
     416
     405
     392
     418
     428
     380
     376
     407
     419
     370
     380
     368
     409
     393
     383
     375
     369
     415
     397
     379
     356
     361
     380
     383
     388
     370
     369
     366
     336
     348
     375
     412
     402
     365
     354
     326
     372
     356
     387
     371
     403
     892
    2493
    2385
     767
     301
     330
     328
     308
     320
     315
     304
     314
     323
     318
     307
     332
     319
     294
     306
     278
     283
     315
     312
     288
     299
     288
     296
     292
     296
     281
     288
     303
     308
     268
     285
     292
     313
     295
     282
     293
     285
     267
     281
     261
     270
     298
     251
     280
     288
     303
     248
     284
     279
     305
     303
     307
     311
     297
     235
     295
     279
     282
     305
     273
     278
     255
     290
     317
     280
     274
     266
     276
     299
     280
     269
     272
     263
     252
     267
     281
     256
     243
     258
     264
     269
     268
     249
     272
     249
     273
     258
     250
     291
     269
     295
     324
     811
    1459
     860
     331
     262
     242
     248
     253
     228
     254
     208
     257
     215
     216
     228
     242
     255
     248
     246
     276
     331
     600
    2465
    8432
    9325
    2641
     327
     277
     367
     303
     202
     192
     175
     151
     171
     179
     164
     161
     141
     175
     177
     163
     188
     210
     247
     269
     174
     167
     147
     168
     148
     152
     162
     160
     176
     153
     166
     160
     143
     173
     167
     151
     144
     173
     162
     141
     153
     147
     151
     162
     156
     161
     163
     163
     132
     121
     149
     149
     153
     156
     147
     147
     131
     145
     154
     155
     151
     158
     147
     199
     402
    1468
    4114
    4419
    1387
     239
     126
     121
     113
     130
     122
     135
     143
     115
     146
     115
     126
     120
     134
     108
     123
     120
     108
     125
     130
     120
     121
      97
     119
     118
     122
     125
     137
     125
     125
     108
     100
     118
     115
     101
     135
      99
     103
     113
      99
     113
     107
      97
     104
     123
     106
     102
     102
     104
     107
     119
     110
     113
     134
     143
     169
     152
     130
     118
     114
     118
      93
      92
     119
     115
     113
     114
      91
      89
     102
     113
     103
     115
     128
      98
     121
     110
      94
     112
     103
     107
     111
     113
     133
     118
     120
     101
     111
     115
     112
     113
      97
     104
     100
     109
     110
      91
     110
     102
      90
      81
     106
      96
     110
      96
     106
     105
      89
      92
      95
      96
      89
      91
      82
     116
     104
      98
      94
     107
     119
      84
     111
      99
      97
      90
      88
      98
      95
     106
      87
      91
     103
     118
     107
     110
     104
     110
      93
      88
      75
     100
     109
      91
     103
     109
      93
      96
     111
     107
     101
     118
     102
     114
     112
      93
     126
     251
     314
     237
     125
     111
      95
     102
      75
     104
      87
      97
      88
     103
      88
      83
     111
     151
     176
     149
      87
      94
     101
      86
      91
      94
      97
      87
     104
     111
      80
      79
      92
     103
     102
      87
      99
     117
     124
     157
     123
     119
     118
     108
     112
      95
      86
      78
      79
      75
      76
      85
      87
      85
      94
      79
      94
      79
      98
      74
      80
      94
      87
      77
      67
      98
      87
      78
      77
      97
      81
      89
      79
      70
      79
      88
      91
      95
      76
      74
      76
      83
      84
      75
      68
      86
      66
      87
      80
      80
      83
      81
      86
      80
      58
      76
      93
      70
      82
      61
      72
      59
      65
      67
      78
      65
      61
      84
      81
      65
      78
      67
      73
      67
      80
      77
      87
      84
      79
      69
      69
      62
      62
      72
      65
      75
      63
      66
      73
      52
      59
      70
      73
      63
      65
     100
     183
     183
     102
      64
      62
      63
      56
      56
      55
      59
      67
      66
      70
      52
      61
      49
      55
      55
      44
      55
      48
      55
      55
      61
      67
      82
      48
      51
      45
      70
      55
      61
      48
      55
      43
      57
      77
      71
      67
      52
      55
      47
      52
      56
      68
      61
      53
      69
      54
      54
      57
      59
      47
      60
      48
      67
      57
      67
      54
      48
      65
      75
      59
      62
      61
      66
      79
      98
      88
      63
      64
      78
     130
     218
     224
     114
      81
      78
      82
      92
     126
      97
      67
      47
      40
      47
      52
      54
      44
      41
      35
      46
      55
      48
      43
      42
      43
      49
      43
      42
      40
      34
      48
      50
      40
      45
      41
      47
      46
      35
      39
      30
      38
      48
      49
      45
      43
      40
      52
      45
      40
      44
      52
      38
      52
      55
      74
      80
      88
      98
      86
      76
      47
      46
      58
      45
      46
      52
      63
      84
     214
     653
    1253
    1194
     562
     135
      42
      42
      37
      41
      48
      44
      31
      35
      29
      34
      35
      42
      27
      46
      41
      47
      43
      43
      47
      36
      37
      34
      35
      36
      41
      40
      39
      40
      25
      35
      28
      42
      39
      31
      45
      28
      38
      30
      39
      33
      28
      33
      38
      33
      36
      34
      34
      43
      41
      35
      53
      63
      88
      97
      51
      35
      39
      38
      40
      37
      32
      40
      40
      37
      41
      28
      31
      31
      36
      43
      40
      31
      40
      38
      27
      31
      38
      37
      45
      31
      35
      46
      47
      31
      39
      45
      46
      42
      41
      36
      36
      31
      42
      68
     103
      67
      50
      43
      44
      42
      49
      59
     104
     276
     680
     832
     579
     183
      61
      43
      37
      45
      89
     222
     354
     423
     204
      61
      29
      44
      36
      26
      32
      31
      21
      33
      28
      29
      25
      31
      36
      28
      42
      26
      36
      31
      42
      37
      19
      34
      22
      28
      25
      20
      43
      29
      39
      23
      29
      30
      25
      32
      37
      33
      34
      31
      22
      29
      23
      23
      33
      27
      40
      42
      25
      28
      47
      74
     140
     226
     250
     283
     484
    1125
    1414
     913
     289
      71
      25
      26
      27
      19
      23
      20
      29
      27
      24
      16
      20
      16
      11
      25
      18
      23
      23
      15
      26
      23
      27
      21
      24
      18
      18
      38
      49
      37
      25
      21
      16
      16
      19
      25
      23
      20
      25
      21
      21
      19
      26
      15
      19
      18
      31
      19
      13
      22
      14
      22
      19
      19
      23
      15
      17
      15
      28
      19
      20
      20
      16
      20
      18
      19
       5
      25
      19
      19
      22
      21
      22
      18
      19
      15
      14
      15
      15
      19
      16
      19
       9
      15
      12
      20
      21
      25
       9
      17
      17
      15
      18
      13
      13
      19
      20
      13
       9
      20
      17
      15
      17
      14
       6
      14
      12
      17
      14
      15
      18
      21
      27
      33
     109
     193
     234
     154
      70
      30
      17
      18
      14
      11
      18
      17
      15
      14
       4
      12
      14
      10
      12
      15
      11
       8
       9
      13
      11
      14
      12
      15
      16
      19
      15
      11
      10
      13
      10
      13
      21
      20
      31
      42
      32
      15
      22
      11
      10
      10
      14
      17
      14
       8
       8
       9
       9
      11
      12
      13
      13
       9
      20
      18
      13
      13
      12
      10
      13
      13
       5
      12
       7
      17
      10
       8
      11
      12
       5
       5
      17
      10
      12
       7
      10
       7
      11
      10
       9
      11
      13
      10
       7
       9
      12
       9
       7
      12
      12
       8
      14
      11
      12
       8
      10
      12
       7
       6
       9
       8
      18
      28
      35
      24
      11
       8
      11
       8
       9
       5
       7
       9
       6
       8
       6
       7
       9
      11
      14
       8
      12
      10
      11
       7
      10
      10
       5
      11
      12
       4
      14
       7
       4
      12
       7
      14
       9
      10
      12
       4
      13
       9
      11
       5
       5
      11
       8
      11
      10
       8
       8
      12
       7
       7
       7
      10
       4
       2
       2
       7
       6
       6
       7
       9
       8
       3
       6
       7
       9
      11
       5
      10
       5
      19
       8
       5
       4
       7
      10
       8
      10
      11
       8
       9
       3
       9
       8
      10
      14
      12
      10
       9
       4
       8
       3
       4
       6
       9
       7
       8
      11
       7
       6
       8
       7
       9
       8
       9
      10
      18
      16
      20
      21
      23
      20
       9
       9
      12
      18
      23
      22
      19
      20
      11
       7
      17
      14
      22
      63
     109
     310
     512
     547
     294
      95
      20
       7
       5
       7
       8
       3
       5
       1
       1
       4
       2
       7
       6
       8
       4
       0
       4
       1
       2
       3
       6
       4
       5
       5
       3
       4
       5
       5
       2
       5
       7
       4
       1
       5
      10
       9
       5
       5
       7
       4
       4
       8
       6
       3
       4
       2
       5
       5
       5
       7
       2
       4
       5
       3
       4
       5
       4
       5
       9
      13
      16
      24
      20
       7
       6
       5
       6
       6
       4
       3
       0
       7
       5
       3
      10
       7
       9
       4
      11
      10
      14
      13
      22
      45
      95
     190
     250
     205
      93
      32
      10
       2
       6
       8
      10
       6
       5
      11
       7
      20
      11
      10
       8
       1
       5
       2
       3
       3
       2
       1
       5
       1
       4
       1
       0
       3
       4
      11
      11
      10
       4
      10
       5
       8
      11
       5
       2
       5
       4
       5
       5
       5
       6
       8
       2
       1
       4
       7
       6
       2
       5
       3
       1
       1
       4
       0
       5
       1
       5
       1
       0
       5
       3
       1
       2
       6
       2
       1
       4
       3
       3
       4
       5
       9
       6
       4
       8
      13
       8
      24
      57
      80
     139
     112
      51
      13
       8
       7
      11
       5
       6
       6
       2
       6
       5
       3
       1
       1
       1
       1
       3
       6
       5
       1
       0
       2
       3
       4
       3
       6
       2
       2
       1
       3
       1
       2
       5
       2
       4
       0
       1
       5
       2
       4
       2
       1
       2
       6
       2
       3
       5
       4
       3
       3
       2
       7
       6
       6
       5
       8
       3
       4
       3
       5
       5
       2
       4
       7
      17
      38
      49
      77
      53
      22
       6
       9
       2
       5
       1
       6
       5
       1
       4
       2
       4
       2
       4
       4
       2
       5
       6
       5
       3
       5
       9
       5
       2
       3
       7
       2
       4
       2
       2
       4
       2
       2
       5
       6
       9
       8
       4
       3
       7
       2
       3
       4
       1
       5
       0
       2
       1
       2
       0
       3
       2
       8
      11
       4
       4
       4
       1
       1
       4
       1
       1
       4
       5
       6
       6
       4
       5
       4
       5
       5
       5
       7
       5
       3
       3
       2
       4
       6
       7
       1
       2
       3
       3
       6
       6
       3
       4
       4
       3
       4
       1
       1
       5
       3
       2
       2
       4
       2
       4
       2
       5
       2
       4
       2
       1
       0
       0
       3
       1
       3
       5
       6
       3
       7
      10
      20
      14
       4
       3
       1
       2
       1
       2
       1
       3
       2
       2
       2
       2
       0
       4
       2
       2
       5
       2
       1
       2
       4
       3
       1
       2
       4
       3
       3
       3
       3
       1
       4
       1
       2
       2
       1
       2
       5
       2
       4
       9
       1
       1
       5
       3
       3
       4
       1
       1
       2
       2
       3
       1
       1
       3
       5
       3
       4
       4
       5
       1
       4
       2
       2
       2
       3
       1
       6
       0
       5
       3
       5
       1
       1
       1
       2
       3
       0
       2
       1
       2
       5
       0
       1
       2
       4
       3
       1
       1
       3
       1
       3
       2
       0
       2
       3
       5
       1
       0
       3
       2
       1
       1
       2
       1
       2
       2
       1
       4
       3
       0
       0
       2
       1
       3
       1
       2
       1
       1
       2
       2
       2
       1
       3
       1
       3
       1
       4
       4
       2
       0
       5
       1
       1
       2
       0
       1
       1
       1
       2
       1
       0
       2
       5
       1
       2
       1
       6
       2
       1
       0
       0
       3
       1
       2
       1
       0
       5
       5
       3
       0
       4
       1
       2
       2
       1
       1
       0
       1
       1
       3
       1
       1
       4
       3
       3
       0
       4
       1
       3
       0
       2
       2
       0
       0
       0
       3
       0
       2
       4
       1
       1
       3
       1
       3
       2
       0
       3
       1
       4
       0
       0
       1
       1
       2
       1
       0
       1
       1
       2
       0
       2
       0
       0
       3
       1
       0
       4
       2
       3
       1
       0
       1
       1
       0
       1
       0
       0
       1
       2
       4
       1
       1
       6
       1
       1
       0
       1
       0
       0
       4
       3
       1
       3
       2
       1
       2
       1
       1
       1
       0
       2
       2
       1
       0
       2
       1
       2
       1
       1
       1
       0
       0
       3
       2
       2
       2
       1
       2
       1
       3
       1
       3
       2
       1
       5
       2
       1
       0
       0
       0
       0
       0
       4
       2
       0
       1
       2
       1
       1
       2
       2
       1
       0
       1
       3
       1
       1
       0
       0
       1
       0
       1
       2
       1
       2
       1
       0
       2
       1
       1
       4
       0
       2
       1
       0
       0
       2
       0
       0
       3
       0
       1
       2
       0
       0
       2
       2
       2
       3
       0
       0
       1
       1
       1
       1
       3
       2
       3
       2
       0
       2
       0
       2
       3
       1
       2
       5
       3
       5
       2
       3
       1
       3
       3
       1
       1
       4
       0
       3
       2
       1
       2
       2
       1
       4
       9
      21
      23
      13
      20
       7
       1
       1
       0
       1
       2
       1
       0
       1
       2
       4
       0
       2
       2
       1
       1
       1
       2
       0
       2
       0
       2
       1
       1
       1
       3
       1
       1
       0
       1
       1
       2
       0
       5
       3
       1
       1
       2
       1
       4
       3
       6
       5
       6
       3
       7
       8
       6
       1
       4
       1
       2
       3
       2
       3
       1
       1
       4
       1
       2
       2
       4
       3
       7
      17
      20
      25
      31
      15
      12
       4
       1
       0
       3
       2
       1
       3
       1
       2
       0
       0
       1
       1
       1
       0
       0
       0
       0
       2
       1
       2
       1
       2
       0
       1
       1
       2
       1
       1
       3
       1
       1
       1
       1
       2
       3
       3
       1
       3
       0
       0
       1
       2
       0
       1
       1
       1
       0
       0
       3
       2
       1
       2
       2
       2
       0
       6
       3
       3
       2
       0
       3
       4
       0
       1
       1
       3
       0
       1
       1
       0
       0
       2
       0
       0
       4
       0
       0
       3
       2
       1
       1
       0
       2
       1
       2
       0
       0
       2
       0
       1
       2
       3
       5
       5
       3
       0
       1
       2
       1
       0
       2
       1
       2
       0
       0
       1
       2
       4
       3
       5
       3
       2
       1
       1
       0
       1
       2
       2
       2
       1
       2
       1
       0
       0
       2
       3
       0
       1
       0
       1
       0
       2
       2
       1
       2
       3
       2
       1
       1
       0
       1
       0
       4
       1
       0
       1
       0
       0
       1
       2
       0
       2
       2
       2
       1
       2
       0
       0
       1
       1
       1
       0
       0
       2
       1
       0
       1
       2
       1
       2
       2
       1
       1
       1
       1
       1
       0
       0
       1
       0
       1
       1
       1
       4
       1
       1
       1
       1
       1
       0
       2
       2
       0
       0
       0
       1
       1
       1
       0
       1
       0
       2
       2
       1
       1
       1
       2
       3
       1
       1
       0
       0
       2
       3
       2
       0
       2
       1
       1
       0
       1
       1
       0
       2
       3
       4
       4
       4
       1
       0
       1
       1
       3
       1
       2
       1
       0
       2
       3
       1
       0
       1
       1
       1
       2
       2
       2
       3
       2
       3
       1
       0
       0
       1
       2
       1
       0
       1
       1
       2
       2
       1
       1
       3
       3
       1
       0
       2
       1
       1
       2
       0
       0
       4
       0
       1
       0
       0
       1
       0
       3
       0
       2
       2
       1
       1
       6
       1
       1
       0
       5
       2
       1
       3
       1
       0
       0
       1
       1
       1
       2
       1
       2
       2
       4
       1
       1
       4
       1
       3
       0
       0
       0
       2
       1
       1
       0
       0
       0
       1
       2
       0
       0
       1
       1
       2
       1
       0
       1
       2
       1
       1
       1
       2
       0
       3
       2
       1
       1
       2
       3
       2
       1
       2
       2
       0
       2
       2
       4
       1
       1
       2
       3
       0
       3
       2
       2
       2
       0
       0
       1
       3
       4
       1
       1
       0
       1
       1
       1
       1
       1
       2
       1
       2
       3
       1
       1
       2
       3
       0
       0
       2
       2
       1
       0
       1
       1
       1
       0
       1
       1
       2
       0
       1
       0
       0
       0
       0
       4
       1
       1
       1
       1
       1
       0
       0
       0
       0
       0
       0
       2
       0
       1
       0
       0
       2
       0
       0
       1
       0
       1
       0
       3
       1
       1
       0
       0
       0
       1
       0
       0
       1
       0
       1
       3
       0
       0
       1
       0
       0
       0
       0
       0
       0
       2
       1
       1
       1
       0
       1
       0
       1
       0
       1
       1
       1
       0
       0
       0
       1
       1
       2
       0
       1
       0
       0
       1
       1
       1
       0
       0
       2
       0
       1
       2
       0
       0
       1
       0
       0
       1
       0
       1
       0
       1
       1
       3
       1
       1
       0
       2
       2
       2
       1
       2
       2
       1
       1
       0
       2
       0
       0
       2
       2
       1
       0
       2
       1
       0
       3
       1
       1
       0
       0
       0
       0
       0
       0
       2
       1
       0
       0
       0
       1
       0
       0
       2
       0
       1
       0
       0
       1
       2
       1
       0
       1
       0
       0
       1
       0
       2
       1
       0
       0
       0
       0
       1
       1
       3
       6
       3
       1
       0
       1
       0
       1
       0
       0
       3
       3
       7
       3
       2
       2
       2
       0
       0
       1
       0
       1
       0
       0
       3
       0
       0
       2
       0
       0
       0
       0
       0
       1
       0
       0
       1
       0
       2
       0
       0
       1
       0
       0
       0
       0
       0
       1
       0
       0
       2
       0
       0
       0
       1
       1
       0
       2
       1
       1
       1
       0
       0
       1
       1
       0
       0
       0
       0
       1
       1
       1
       1
       0
       0
       0
       1
       2
       0
       0
       1
       5
       0
       0
       0
       1
       0
       0
       0
       0
       0
       0
       0
       0
       0
       1
       0
       0
       0
       0
       0
       0
       2
       0
       0
       0
       0
       0
       1
       0
       1
       2
       0
       0
       0
       0
       0
       0
       0
       0
       2
       1
       0
       0
       0
       0
       0
       0
       0
       0
       0
       0
       0
       0
       1
       0
       0
       0
       0
       0
       0
       0
       1
       0
       1
       0
       0
       0
       0
       0
       0
       0
       0
       1
       0
       1
       0
       1
       0
       0
       0
       0
       1
       1
       0
       0
       0
       0
       0
       1
       1
       0
       1
       1
       0
       0
       0
       0
       0
       1
       1
       0
       0
       0
       0
       0
       2
       1
       0
       0
       1
       1
       0
       0
       0
       0
       0
       0
       0
       1
       2
       1
       3
       0
       0
       0
       1
       0
       0
       2
       1
       0
       0
       0
       1
       1
       1
       1
       0
       0
       0
       0
       0
       0
       0
       0
       0
       0
       1
       0
       0
       1
       0
       0
       0
       0
       2
       0
       0
       0
       0
       0
       1
       0
       1
       0
       0
       1
       1
       3
       1
       4
       0
       0
       3
       0
       0
       0
       1
       1
       3
       1
       2
       1
       2
       2
       3
       7
      11
      15
      20
      32
      25
      30
      12
       6
       3
       1
       0
       1
       1
       1
       1
       0
       0
       1
       0
       1
       0
       1
       0
       0
       1
       0
       0
       0
       0
       1
       0
       0
       0
       0
       0
       1
       0
       0
       0
       0
       1
       0
       0
       1
       0
       0
       0
       0
       0
       0
       0
       0
       0
       0
       0
       0
       0
       0
       0
       1
       0
       0
       0
       0
       0
       0
       0
       0
       0
       2
       0
       0
       0
       0
       0
       1
       0
       0
       0
       0
       2
       0
       0
       0
       0
       0
       0
       0
       0
       0
       0
       0
       0
       0
       1
       0
       0
       0
       0
       0
       0
       0
       0
       0
       0
       0
       0
       0
       0
       0
       0
       0
       0
       0
       0
       0
       0
       0
       0
       0
       0
       0
       0
       0
       0
       0
       0
       0
       0
       1
       0
       0
       0
       0
       0
       0
       0
       0
       0
       0
       0
       0
       1
       0
       0
       0
       1
       0
       0
       0
       0
       0
       0
       0
       0
       0
       0
       1
       0
       0
       0
       0
       0
       0
       0
       0
       0
       0
       0
       0
       0
       0
       0
       0
       0
       0
       0
       0
       1
       0
       1
       0
       0
       0
       0
       0
       0
       0
       0
       0
       0
       1
       0
       0
       0
       0
       0
       0
       0
       0
       0
       0
       0
       0
       0
       0
       0
       0
       0
       0
       2
       0
       0
       0
       0
       0
       0
       0
       0
       0
       0
       0
       0
       0
       0
       0
       0
       0
       0
       1
       0
       0
       0
       0
       0
       0
       0
       1
       0
       0
       0
       0
       1
       0
       0
       0
       0
       0
       0
       0
       0
       0
       0
       0
       0
       0
       0
       0
       0
       0
       0
       0
       0
       0
       0
       0
       0
       0
       0
       0
       1
       0
       0
       1
       0
       0
       1
       0
       0
       0
       0
       0
       0
       0
       0
       1
       0
       0
       0
       0
       0
       1
       0
       0
       0
       0
       0
       0
       0
       0
       0
       0
       0
       0
       0
       0
       0
       0
       0
       0
       0
       0
       0
       0
       0
       0
       0
       0
       0
       1
       0
       0
       0
       0
       2
       0
       0
       0
       0
       0
       0
       1
       0
       0
       0
       0
       1
       0
       0
       1
       0
       0
       2
       0
       3
       0
       2
       2
       2
       2
       0
       0
       0
       0
       0
       0
       1
       0
       0
       0
       0
       0
       0
       0
       0
       0
       0
       0
       0
       0
       0
       0
       0
       1
       0
       0
       1
       0
       1
       0
       0
       0
       0
       0
       0
       0
       0
       0
       0
       0
       0
       0
       0
       1
       0
       1
       0
       0
       0
       0
       0
       0
       0
       0
       0
       1
       0
       1
       0
       0
       0
       1
       0
       0
       0
       0
       0
       0
       0
       0
       0
       0
       0
       0
       0
       0
       0
       0
       0
       0
       0
       0
       0
       1
       0
       0
       0
       0
       0
       0
       0
       0
       0
       0
       0
       0
       0
       0
       1
       0
       0
       1
       0
       0
       0
       0
       0
       0
       0
       0
       0
       0
       0
       0
       0
       0
       0
       0
       0
       0
       0
       1
       0
       0
       0
       0
       0
       1
       1
       0
       0
       0
       0
       0
       0
       1
       0
       0
       0
       0
       0
       0
       0
       1
       0
       0
       0
       0
       1
       0
       0
       0
       0
       0
       0
       0
       0
       0
       0
       0
       0
       0
       0
       0
       0
       0
       0
       0
       0
       0
       0
       0
       0
       0
       2
       0
       0
       0
       0
       0
       0
       0
       0
       0
       0
       0
       0
       0
       1
       1
       1
       0
       0
       0
       0
       0
       0
       0
       0
       0
       0
       0
       0
       0
       0
       0
       0
       0
       0
       0
       0
       0
       0
       0
       0
       0
       0
       0
       0
       0
       0
       0
       0
       1
       0
       0
       1
       0
       0
       1
       0
       0
       0
       0
       0
       0
       0
       0
       0
       0
       0
       0
       0
       1
       0
       0
       0
       1
       0
       0
       0
       0
       0
       1
       0
       0
       0
       0
       0
       0
       0
       0
       0
       0
       0
       0
       0
       0
       0
       0
       0
       0
       0
       0
       0
       0
       0
       0
       0
       0
       0
       0
       0
       0
       1
       0
       0
       0
       0
       0
       0
       0
       0
       0
       0
       0
       0
       0
       0
       0
       0
       0
       0
       0
       0
       1
       1
       0
       0
       0
       0
       0
       0
       0
       0
       0
       1
       1
       0
       0
       0
       0
       0
       0
       0
       0
       0
       0
       0
       0
       0
       1
       0
       0
       0
       1
       0
       0
       0
       0
       1
       0
       0
       0
       0
       0
       0
       0
       0
       0
       0
       0
       0
       0
       0
       0
       0
       0
       0
       0
       0
       0
       0
       0
       0
       0
       0
       0
       0
       0
       0
       0
       0
       0
       1
       0
       0
       0
       0
       0
       0
       0
       0
       0
       0
       1
       0
       0
       0
       0
       1
       0
       0
       0
       0
       0
       0
       0
       0
       0
       0
       0
       0
       0
       0
       0
       0
       0
       0
       0
       0
       0
       0
       0
       0
       0
       0
       0
       0
       0
       0
       1
       0
       0
       0
       0
       0
       0
       0
       0
       0
       1
       0
       0
       0
       0
       0
       0
       0
       0
       0
       0
       0
       0
       0
       0
       0
       0
       0
       0
       0
       0
       0
       0
       1
       0
       0
       0
       0
       0
       0
       0
       0
       0
       0
       0
       0
       0
       0
       0
       0
       0
       0
       1
       0
       0
       0
       0
       0
       0
       0
       0
       1
       0
       0
       0
       0
       1
       0
       0
       0
       0
       0
       0
       0
       1
       0
       0
       0
       0
       0
       0
       0
       0
       0
       0
       0
       1
       0
       0
       0
       0
       0
       0
       0
       0
       0
       0
       0
       0
       0
       0
       1
       0
       0
       0
       0
       0
       0
       0
       0
       0
       0
       0
       0
       0
       0
       0
       0
       0
       0
       0
       0
       0
       0
       0
       0
       0
       0
       0
       0
       0
       0
       0
       0
       0
       0
$ROI:
0
$PRESETS:
None
0
0
$ENER_FIT:
-0.17 0.50021
$MCA_CAL:
3
-0.17000 0.50021 0.00 keV
$SHAPE_CAL:
3
-0.771653241514 7.84064787929 -25.0040164561
$META:
{'istp': ['133CEm', '133CEg', '133LA', '132CE', '132LA', '139CE', '137CEg', '137CEm', '137LA', '135CE', '135LA', '134LA', '132CS', '7BE', '133BAm', '133BAg'], 'res': 0.05, 'R': 0.2, 'unc_eff': [[0.025303059741514932, -0.26283048604031406, 0.6742139436192397], [-0.26283048604031417, 2.7466817820238867, -7.085190256833623], [0.6742139436192399, -7.085190256833623, 18.373955239224127]], 'alpha': 0.9}
