$SPEC_ID:
No sample description was entered.
$SPEC_REM:
DET# 9480
DETDESC# HPGE
AP# Maestro Version 7.01
$DATE_MEA:
10/17/2018 07:09:50
$MEAS_TIM:
1800 1812
$DATA:
0 4095
     300
     302
       0
       0
       0
       0
       0
       0
       0
       0
       0
       0
       0
       0
       0
       0
       0
       0
       0
       0
       0
       0
       0
       0
       0
       0
       0
       0
       0
       0
       0
       0
       0
       0
       0
       0
       0
       0
       0
       0
       0
       0
       0
       0
       0
       0
       0
       0
       0
       0
       0
       0
       0
       0
       0
       0
       0
       0
       0
       0
       0
       0
       0
       0
       0
       0
       0
       0
       0
       0
       0
       0
       0
       0
       0
       0
       0
       0
       0
       0
       0
       0
       5
      11
     485
    1478
    1492
    1510
    1510
    1510
    1500
    1429
    1492
    1525
    1461
    1525
    1498
    1533
    1434
    1497
    1402
    1449
    1447
    1525
    1501
    1454
    1500
    1397
    1436
    1432
    1313
    1519
    1440
    1416
    1418
    1356
    1408
    1484
    1502
    1397
    1399
    1435
    1360
    1368
    1362
    1447
    1405
    1448
    1338
    1441
    1429
    1423
    1417
    1410
    1375
    1376
    1425
    1407
    1482
    1442
    1469
    1409
    1405
    1447
    1442
    1442
    1601
    1493
    1468
    1498
    1686
    1605
    1436
    1390
    1388
    1487
    1482
    1378
    1414
    1471
    1476
    1468
    1448
    1476
    1465
    1482
    1451
    1595
    1526
    1585
    1677
    1547
    1546
    1670
    1970
    1858
    1626
    1930
    2214
    1638
    1553
    1562
    1625
    1550
    1557
    1592
    1616
    1575
    1609
    1623
    1648
    1631
    1600
    1734
    1583
    1676
    1687
    1718
    1740
    1696
    1746
    1780
    1763
    1691
    1712
    1727
    1752
    1738
    1849
    1817
    1816
    1786
    1873
    1788
    1858
    1841
    1807
    1844
    1880
    2005
    1865
    1922
    1896
    1972
    2010
    2003
    1970
    2042
    1926
    2022
    2116
    2039
    2074
    2191
    2148
    2186
    2597
    2641
    2483
    3846
    3852
    2242
    2098
    2148
    2200
    2087
    2130
    2113
    2163
    2194
    2080
    2109
    2231
    2128
    2162
    2172
    2220
    2272
    2216
    2246
    2333
    2289
    2438
    2442
    2365
    2568
    2633
    2450
    2374
    2466
    2382
    2402
    2380
    2406
    2451
    2363
    2289
    2397
    2328
    2371
    2341
    2327
    2318
    2296
    2283
    2287
    2318
    2213
    2252
    2243
    2201
    2131
    2167
    2077
    2126
    2038
    2134
    2078
    2024
    2113
    1965
    2010
    1998
    2030
    1979
    1974
    1888
    1790
    1876
    1835
    1971
    1979
    1863
    1947
    1840
    1842
    1800
    1881
    1778
    1765
    1812
    1736
    1715
    1797
    1698
    1726
    1647
    1714
    1701
    1673
    1716
    1673
    1691
    1658
    1629
    1623
    1597
    1646
    1729
    1649
    1649
    1615
    1645
    1682
    1731
    1660
    1575
    1652
    1635
    1630
    1608
    1644
    1615
    1528
    1534
    1608
    1700
    1633
    1632
    1605
    1594
    1632
    1579
    1626
    1542
    1587
    1611
    1530
    1556
    1557
    1554
    1538
    1525
    1547
    1530
    1466
    1510
    1583
    1524
    1487
    1503
    1519
    1475
    1460
    1540
    1481
    1461
    1489
    1417
    1436
    1443
    1424
    1477
    1459
    1416
    1397
    1429
    1431
    1370
    1364
    1484
    1418
    1453
    1366
    1376
    1371
    1329
    1327
    1350
    1414
    1415
    1587
    3799
   10248
    9251
    2653
    1344
    1205
    1217
    1208
    1191
    1208
    1247
    1179
    1195
    1126
    1141
    1181
    1181
    1111
    1217
    1143
    1171
    1083
    1150
    1107
    1102
    1150
    1128
    1069
    1101
    1147
    1207
    1120
    1100
    1099
    1128
    1057
    1107
    1102
    1041
    1056
    1064
    1006
    1121
    1083
    1061
    1034
    1065
    1056
    1133
    1051
    1027
    1090
     999
    1015
    1007
    1038
    1033
    1028
    1055
     990
    1085
    1067
    1056
    1065
    1025
    1005
    1054
    1046
    1004
    1078
    1082
    1103
    1059
    1019
    1040
    1037
     987
     981
    1076
    1030
    1001
    1036
    1014
     993
    1044
     944
     999
     946
     996
     933
    1019
    1016
     975
    1019
    1032
    1125
    1826
    2467
    1770
    1060
     981
     940
     948
     930
     868
     933
     837
     915
     881
     862
     953
     899
     869
     965
     958
    1036
    1280
    2512
   10907
   34716
   35003
    9317
    1366
    1081
    1352
    1033
     736
     660
     677
     650
     630
     637
     661
     652
     671
     668
     633
     686
     677
     762
     927
     865
     713
     651
     654
     681
     663
     647
     600
     609
     607
     602
     619
     604
     613
     610
     594
     650
     608
     622
     657
     580
     603
     561
     629
     578
     576
     591
     582
     574
     604
     623
     545
     580
     580
     558
     538
     558
     537
     569
     595
     551
     625
     566
     700
     867
    1692
    6234
   17295
   17478
    5249
     898
     529
     489
     475
     473
     472
     549
     546
     468
     463
     479
     433
     485
     479
     485
     505
     477
     496
     432
     447
     454
     477
     499
     464
     459
     444
     475
     430
     443
     444
     495
     435
     440
     475
     475
     482
     381
     471
     469
     441
     456
     395
     469
     482
     443
     442
     470
     461
     465
     473
     463
     462
     394
     509
     496
     538
     450
     455
     464
     437
     426
     402
     473
     441
     429
     443
     454
     418
     440
     422
     407
     445
     483
     472
     423
     433
     438
     440
     460
     451
     429
     446
     471
     474
     460
     430
     443
     408
     450
     432
     397
     405
     376
     422
     416
     354
     434
     386
     420
     429
     410
     422
     421
     407
     396
     393
     383
     366
     385
     436
     404
     367
     374
     439
     404
     393
     396
     395
     414
     393
     347
     365
     409
     377
     391
     383
     341
     391
     384
     386
     384
     412
     373
     398
     386
     392
     362
     414
     375
     396
     394
     373
     348
     392
     407
     393
     400
     408
     373
     387
     402
     366
     388
     377
     385
     483
     876
    1220
     943
     472
     437
     391
     391
     337
     335
     308
     377
     401
     397
     369
     403
     416
     603
     607
     552
     406
     368
     371
     383
     383
     361
     376
     346
     363
     358
     359
     359
     354
     361
     347
     355
     372
     435
     542
     532
     429
     409
     515
     431
     365
     345
     332
     290
     316
     321
     333
     319
     321
     333
     314
     318
     321
     323
     335
     348
     295
     297
     339
     345
     334
     303
     342
     324
     356
     300
     346
     318
     340
     338
     311
     309
     306
     300
     319
     334
     311
     307
     314
     304
     315
     272
     325
     328
     277
     310
     283
     307
     303
     318
     275
     279
     264
     287
     273
     310
     266
     288
     287
     247
     269
     273
     292
     285
     292
     269
     255
     258
     258
     226
     243
     281
     269
     241
     240
     261
     234
     236
     236
     277
     253
     243
     246
     222
     248
     254
     239
     223
     228
     239
     252
     291
     371
     415
     301
     261
     228
     244
     209
     233
     239
     236
     237
     216
     216
     244
     245
     219
     250
     213
     228
     228
     214
     235
     255
     266
     263
     259
     251
     242
     230
     212
     225
     214
     252
     211
     224
     213
     255
     286
     246
     218
     225
     236
     204
     226
     223
     211
     216
     230
     207
     212
     219
     216
     191
     209
     187
     191
     215
     215
     202
     231
     233
     199
     202
     196
     225
     286
     465
     686
     648
     357
     257
     317
     572
     974
     854
     504
     310
     241
     241
     285
     303
     325
     240
     194
     194
     199
     194
     195
     166
     205
     180
     180
     155
     158
     176
     157
     168
     181
     183
     177
     159
     177
     150
     168
     171
     171
     155
     164
     169
     200
     187
     159
     178
     166
     163
     184
     173
     211
     241
     195
     180
     207
     186
     194
     250
     321
     387
     464
     544
     493
     421
     311
     254
     223
     187
     194
     207
     206
     269
     361
     869
    2526
    5043
    4817
    2033
     430
     191
     149
     147
     160
     146
     149
     142
     133
     130
     139
     149
     145
     152
     157
     152
     172
     172
     183
     188
     159
     122
     147
     158
     164
     147
     138
     143
     146
     146
     151
     162
     147
     118
     132
     153
     155
     149
     140
     135
     146
     164
     154
     109
     152
     165
     138
     142
     156
     127
     157
     147
     259
     344
     341
     204
     149
     149
     130
     144
     165
     144
     141
     149
     124
     142
     140
     124
     157
     150
     139
     128
     136
     152
     137
     135
     122
     137
     127
     120
     139
     116
     162
     147
     123
     161
     193
     182
     168
     162
     132
     146
     156
     204
     268
     316
     291
     186
     152
     160
     188
     176
     237
     440
    1235
    2715
    3453
    2284
     743
     211
     148
     143
     185
     365
     834
    1552
    1552
     869
     281
     138
     130
     133
     129
     119
     126
     120
     114
     116
     126
      95
     110
     114
     143
     135
     109
     131
     140
     136
     115
     104
     115
      92
     101
     125
     127
      94
      96
     120
     102
     111
     122
     112
      96
     106
     111
     113
     119
     115
     125
     115
     104
     124
     107
     121
     105
     114
     140
     150
     261
     525
     915
    1029
    1033
    2188
    4506
    5724
    3681
    1178
     235
      92
      94
      90
      98
      99
      91
      79
      76
      76
      95
      66
      64
      73
      95
      78
      82
      72
      85
      83
      86
      78
      64
      77
      88
     118
     171
     197
     199
     105
      78
      71
      83
      86
      85
      90
      69
      81
      67
      60
      63
      66
      72
      76
      84
      74
      78
      67
      66
      73
      75
      66
      73
      81
      80
      73
      75
      58
      68
      69
      60
      58
      75
      55
      64
      58
      70
      66
      66
      52
      55
      68
      70
      59
      73
      47
      58
      73
      57
      76
      81
      72
      59
      55
      69
      60
      68
      79
      63
      60
      54
      79
      67
      66
      53
      59
      54
      70
      50
      66
      69
      53
      53
      55
      54
      55
      64
      79
      53
      85
      73
      98
     167
     347
     634
     877
     632
     282
      99
      68
      53
      53
      54
      38
      70
      58
      54
      53
      56
      67
      46
      57
      38
      64
      50
      48
      61
      37
      46
      60
      50
      36
      49
      48
      48
      56
      54
      45
      51
      59
      77
     116
     145
     106
      62
      43
      45
      39
      43
      38
      35
      48
      40
      37
      43
      39
      36
      47
      35
      47
      43
      39
      59
      46
      40
      57
      45
      51
      41
      41
      30
      45
      49
      41
      35
      41
      31
      37
      52
      35
      31
      39
      32
      24
      48
      35
      41
      51
      33
      41
      32
      49
      29
      36
      31
      42
      35
      45
      33
      40
      34
      37
      33
      26
      27
      33
      37
      37
      41
      63
      99
     133
      98
      49
      28
      48
      22
      31
      28
      31
      36
      37
      31
      44
      21
      25
      29
      41
      45
      39
      38
      39
      44
      37
      19
      26
      30
      24
      27
      34
      23
      35
      22
      22
      31
      29
      28
      29
      20
      43
      35
      32
      24
      28
      30
      28
      29
      26
      25
      26
      22
      32
      25
      30
      19
      21
      32
      24
      27
      22
      32
      31
      27
      16
      32
      28
      25
      32
      29
      19
      32
      29
      22
      21
      26
      21
      24
      21
      32
      27
      24
      28
      31
      21
      27
      35
      22
      25
      30
      41
      18
      20
      31
      30
      26
      17
      23
      24
      27
      40
      29
      25
      29
      27
      33
      30
      46
      32
      44
      62
      90
     109
      78
      59
      30
      24
      40
      54
      88
      92
      84
      50
      42
      46
      42
      55
      99
     246
     539
    1296
    1921
    2053
    1181
     361
      76
      25
      22
      17
      20
      17
      16
      18
       8
      21
      19
      17
      19
      16
      18
      16
      17
      11
      19
       9
      18
      14
      21
      12
       9
       9
      16
      21
      15
      11
      16
      12
      10
      29
      18
      11
      17
      21
      17
      20
      16
      16
      11
      10
      12
      15
      11
      11
      13
      11
      22
      12
      12
      12
      13
      14
      19
      18
      18
      41
      42
      48
      45
      25
      23
      13
      19
      18
      16
      14
      17
      21
      14
      21
      18
      21
      17
      35
      28
      30
      53
      36
      80
     169
     363
     719
     989
     808
     390
     108
      30
      18
      20
      15
      15
      13
      21
      26
      30
      41
      42
      22
      15
       8
      10
      12
      15
      13
      12
      11
      15
       9
      13
      13
      15
      15
      22
      13
      25
      30
      25
      25
      17
      20
      15
      15
       6
      11
      17
       7
       7
       9
       8
      16
      13
       7
      15
      16
      23
      14
      16
      17
       7
       8
      11
      17
      16
      11
      11
      14
      11
      18
      10
      10
      15
      12
      11
       9
      13
      18
      24
       9
      17
      18
      19
      30
      27
      30
      58
     105
     206
     441
     574
     468
     235
      85
      28
      29
      45
      30
      28
      22
      15
      11
      12
       8
       8
       8
       9
       9
       4
       9
      13
      11
      10
      11
      13
      10
      10
      13
      11
       7
      13
       8
      13
       8
      11
       9
       8
      12
      10
      16
       6
      11
      14
       7
      15
       7
      27
      22
      12
       4
       7
      16
       9
      10
      10
      10
      14
      11
      10
       8
      11
      15
       9
      14
      13
      33
      60
     104
     215
     279
     213
     106
      35
      13
      10
      10
      13
       8
       9
       9
       8
       9
      11
       6
      13
       6
      15
      18
      15
      13
      14
      13
       6
       9
      10
      14
      10
      15
      11
      10
      10
       8
       6
       8
      11
       8
      10
      27
      17
      12
      17
      18
      14
       6
       8
      15
       7
      15
      11
       7
       9
      15
      11
      14
       8
      15
      15
      21
       6
      16
      11
      16
       9
      13
      10
      10
       7
      10
      13
       6
      10
       8
       9
      12
       9
       9
      15
       8
      11
       7
      11
      18
       5
      10
      13
       2
      11
      10
       8
      10
       6
      14
      12
      10
       3
      12
      10
       4
      14
       4
      12
       6
       8
       5
      12
      11
       2
      12
      12
       8
      11
      13
      15
       8
      21
      30
      55
      55
      55
      23
      17
       9
       3
      13
      13
      12
       8
      11
      10
       8
       6
      12
       6
       5
       9
       9
       5
       4
       2
       7
      10
       9
       3
       7
       9
       7
       8
      12
       8
       7
      12
       7
      11
       5
       7
       7
      12
      15
      13
      11
       5
       4
       5
       6
      11
       9
       2
       6
       7
       8
       6
       5
       8
      13
       9
       8
       6
       5
      13
       5
       3
       7
       9
       3
       8
       5
       7
       6
       6
       9
       5
       5
       5
       5
       8
       9
       8
      10
       4
       8
       6
       3
       7
       5
      10
       6
       5
       4
       4
       4
       3
       4
      10
      12
       6
       5
       7
       4
       9
       2
       6
       3
       5
       1
       9
       2
       4
       2
      11
       7
      10
      12
       6
       6
       7
       6
       6
       5
       7
       5
       2
       2
       6
       5
       6
       6
       2
       5
       5
       5
       5
       3
       4
       4
       9
      11
       5
       8
       5
       2
       7
       6
       5
       4
      12
      12
      12
      10
       3
       8
       5
       5
       5
       3
       6
       3
       2
       0
       6
       4
       5
       2
       7
       9
       4
       6
       6
       2
       6
      15
      10
      19
      17
       9
       3
       6
       4
       4
       7
       3
       5
       7
       2
       4
       4
       3
       1
       3
       7
       2
       3
       3
       3
       3
       1
       3
       4
       4
       5
       5
       4
       5
       3
       5
       4
       4
       1
       3
       5
       1
       2
       8
       2
       3
       4
       8
       3
       5
       6
       2
       4
       3
       3
       4
       4
       3
       5
       5
       5
       5
       4
       3
       3
       7
       2
       4
       1
       6
       8
       2
       4
       4
       5
       6
       1
       3
       1
       4
       3
       5
       5
       4
       4
       7
       6
       2
       3
       7
       3
       3
       4
       4
       1
       3
       2
       5
       3
       6
       3
       7
       3
       7
       8
       9
       2
       3
       3
       5
       7
       3
       5
       4
       7
       8
       3
       3
       1
       5
       6
       4
       3
       3
       5
       4
       3
       3
       5
       5
       4
       3
       4
       3
       1
       5
       5
       3
       6
       7
       3
       3
       7
       4
       5
       1
       5
       3
       3
       2
       5
       3
       6
       3
       7
       5
       1
       2
       3
       9
       2
       7
       2
       4
      10
       2
       8
       2
       3
       9
       4
       1
       4
       6
       4
       5
       9
       9
      22
      16
      14
       5
       4
       4
       0
       1
       2
       3
       3
       3
       1
       1
       7
      14
       8
      17
      35
      65
      81
      66
      50
      26
      12
       4
       5
       1
       4
       4
       3
       6
       3
       5
       0
       2
       2
       6
       2
       8
       1
       2
       5
       3
       5
       2
       4
       1
       3
       7
       2
       2
       6
       4
       3
       2
       5
       6
       5
       4
       2
       9
      16
      20
      21
      28
      11
      14
      19
      29
      24
      21
       6
       4
       1
       6
       5
       2
       2
       8
       5
       4
       3
       7
      13
      10
      25
      50
      76
     129
     115
      86
      38
      17
       3
       4
       4
       3
       2
       5
       1
       5
       0
       2
       2
       1
       3
       5
       3
       2
       2
       3
       2
       4
       1
       1
       3
       6
       4
       3
       2
       3
       2
       4
       1
       1
       5
       2
       3
       3
       2
       2
       3
       7
       1
       1
       0
       3
       4
       0
       2
       3
       3
       0
       5
       3
       4
       9
      11
      12
      11
       6
       7
       2
       2
       3
       1
       3
       2
       5
       3
       5
       3
       0
       4
       2
       2
       6
       4
       0
       3
       4
       3
       5
       3
       4
       5
       1
       0
       2
       2
       2
       0
       1
      10
       4
       9
      17
      11
       6
       8
       3
       3
       0
       2
       6
       2
       3
       4
       1
       5
       1
       2
       1
       5
       3
       9
       1
       1
       4
       3
       4
       0
       1
       3
       4
       2
       5
       3
       2
       3
       1
       4
       3
       3
       2
       2
       4
       4
       2
       2
       1
       2
       3
       5
       4
       1
       2
       1
       5
       2
       0
       1
       3
       4
       2
       1
       1
       2
       6
       0
       4
       4
       5
       2
       2
       0
       5
       2
       4
       3
       6
       1
       2
       2
       5
       0
       3
       9
       5
       3
       5
       4
       1
       1
       0
       3
       2
       5
       1
       1
       1
       5
       2
       4
       0
       7
       5
       1
       2
       1
       2
       0
       7
       2
       5
       3
       0
       4
       2
       2
       6
       2
       4
       2
       1
       1
       5
       2
       2
       1
       1
       4
       5
       5
       1
       2
       7
       6
      11
      11
       9
       6
       3
       4
       5
       2
       6
       5
       2
       3
       2
       2
       1
       2
       4
       3
       2
       1
       4
       2
       1
       2
       4
       1
       7
       5
       2
       3
       1
       1
       6
       5
       2
       2
       3
       3
       3
       5
       8
       3
       2
       2
       3
       4
       3
       0
       0
       1
       1
       1
       3
       2
       1
       3
       1
       3
       3
       3
       0
       2
       3
       2
       2
       1
       2
       1
       3
       7
       3
       2
       3
       3
       2
       3
       4
       6
       4
       1
       1
       0
       3
       2
       1
       5
       4
       4
       3
       6
       3
       4
       1
       4
       2
       3
       5
       4
       2
       4
       2
       0
       1
       2
       3
       2
       3
       0
       3
       2
       5
       5
       3
       1
       2
       2
       3
       1
       1
       2
       3
       0
       2
       2
       4
       4
       2
       3
       4
       4
       2
       2
       2
       2
       1
       0
       4
       3
       2
       4
       2
       0
       0
       3
       3
       1
       4
       1
       3
       1
       1
       3
       1
       1
       1
       3
       1
       2
       3
       1
       5
       2
       3
       1
       2
       1
       1
       3
       1
       1
       2
       0
       0
       2
       1
       1
       0
       1
       1
       0
       3
       2
       0
       1
       2
       3
       1
       5
       1
       1
       2
       3
       2
       2
       2
       1
       0
       1
       2
       2
       1
       4
       1
       3
       3
       1
       1
       2
       1
       1
       1
       1
       4
       1
       2
       2
       4
       1
       2
       1
       1
       1
       3
       1
       0
       2
       0
       2
       1
       1
       2
       1
       2
       3
       1
       0
       0
       0
       2
       1
       3
       1
       1
       1
       0
       3
       2
       1
       0
       2
       1
       0
       2
       4
       1
       2
       3
       1
       2
       2
       2
       1
       1
       2
       1
       2
       1
       3
       2
       0
       1
       1
       1
       0
       1
       1
       0
       2
       3
       3
       6
       8
       2
       3
       3
       0
       0
       2
       0
       0
       0
       0
       1
       0
       2
       1
       2
       1
       0
       3
       2
       4
       4
       2
       1
       1
       1
       1
       3
       1
       0
       1
       2
       1
       0
       2
       2
       4
       0
       1
       1
       3
       3
       5
       3
       5
       3
       1
       2
       5
       3
       5
       4
       6
      11
      17
      16
       9
      13
       8
       3
       1
       1
       0
       0
       0
       2
       0
       4
       0
       0
       0
       0
       1
       1
       0
       0
       0
       0
       0
       1
       0
       2
       0
       2
       0
       0
       0
       2
       3
       0
       3
       1
       0
       0
       1
       1
       1
       2
       2
       0
       0
       0
       0
       1
       2
       1
       1
       0
       2
       0
       0
       2
       2
       1
       1
       0
       1
       2
       1
       2
       1
       1
       3
       5
       5
       4
       4
       3
       3
       0
       0
       1
       0
       2
       0
       0
       0
       0
       0
       0
       0
       2
       1
       2
       1
       2
       0
       0
       3
       0
       2
       0
       0
       0
       2
       0
       0
       0
       0
       0
       1
       0
       0
       0
       2
       2
       1
       2
       0
       0
       0
       2
       0
       1
       1
       0
       2
       1
       0
       0
       3
       0
       0
       2
       0
       2
       0
       1
       0
       1
       2
       1
       1
       0
       2
       1
       3
       1
       1
       2
       1
       1
       0
       0
       1
       0
       3
       1
       2
       0
       1
       0
       0
       1
       0
       0
       2
       1
       1
       2
       2
       1
       2
       1
       3
       1
       0
       1
       0
       1
       1
       0
       0
       3
       0
       1
       0
       3
       0
       3
       7
       5
      10
       5
       5
       2
       2
       1
       2
       3
       1
       0
       1
       0
       0
       0
       0
       1
       1
       0
       0
       1
       1
       0
       1
       0
       0
       0
       1
       1
       0
       1
       0
       1
       2
       1
       2
       0
       1
       1
       0
       0
       2
       0
       2
       0
       1
       0
       0
       2
       0
       3
       1
       1
       1
       0
       3
       1
       1
       0
       1
       1
       2
       3
       4
       2
       0
       2
       9
       9
       8
      22
      31
      42
      56
      49
      25
      16
       4
       1
       1
       1
       1
       0
       1
       1
       0
       0
       0
       0
       0
       1
       1
       0
       2
       1
       1
       0
       1
       0
       0
       1
       0
       0
       1
       0
       0
       1
       0
       1
       0
       0
       0
       0
       0
       0
       0
       0
       0
       1
       0
       0
       0
       0
       0
       0
       1
       0
       1
       0
       0
       0
       0
       0
       0
       0
       0
       0
       0
       1
       0
       1
       0
       0
       1
       0
       1
       0
       0
       0
       0
       0
       0
       0
       0
       1
       0
       0
       1
       2
       0
       0
       0
       0
       1
       0
       1
       0
       0
       1
       1
       0
       0
       0
       0
       0
       0
       2
       1
       3
       0
       1
       1
       0
       1
       0
       0
       0
       0
       0
       0
       1
       0
       0
       0
       1
       0
       0
       0
       0
       0
       1
       0
       1
       2
       0
       1
       1
       0
       0
       1
       0
       0
       1
       0
       0
       0
       0
       0
       0
       0
       0
       0
       0
       0
       0
       0
       0
       1
       1
       0
       0
       0
       0
       0
       1
       0
       0
       0
       0
       0
       0
       2
       0
       0
       1
       1
       1
       1
       0
       0
       0
       0
       0
       0
       0
       0
       0
       0
       0
       0
       0
       2
       0
       0
       0
       0
       0
       0
       0
       1
       0
       0
       0
       0
       0
       0
       2
       0
       0
       0
       0
       0
       0
       0
       0
       2
       1
       0
       0
       0
       1
       0
       1
       0
       0
       0
       0
       2
       0
       0
       0
       1
       0
       0
       0
       0
       1
       0
       0
       0
       0
       0
       0
       0
       0
       0
       0
       0
       0
       0
       0
       0
       0
       0
       0
       0
       2
       1
       0
       0
       0
       0
       0
       0
       0
       1
       2
       1
       0
       0
       0
       0
       1
       0
       1
       0
       0
       0
       1
       0
       0
       0
       2
       1
       0
       0
       0
       1
       0
       0
       0
       1
       1
       0
       2
       0
       0
       0
       0
       0
       0
       0
       0
       0
       1
       0
       1
       0
       0
       0
       0
       0
       0
       0
       0
       0
       0
       0
       0
       0
       0
       0
       0
       0
       1
       0
       2
       0
       1
       2
       0
       0
       0
       0
       0
       1
       0
       0
       2
       2
       1
       2
       4
       5
       6
       8
       5
       4
       0
       0
       1
       0
       0
       1
       1
       0
       0
       0
       0
       0
       0
       1
       0
       0
       0
       0
       0
       0
       0
       0
       0
       0
       0
       0
       0
       0
       0
       1
       0
       1
       0
       0
       0
       0
       1
       1
       0
       1
       0
       0
       1
       0
       0
       0
       0
       0
       0
       0
       0
       0
       0
       0
       1
       1
       3
       1
       2
       0
       0
       1
       0
       0
       0
       0
       0
       0
       0
       0
       0
       1
       0
       0
       0
       0
       0
       0
       1
       1
       1
       0
       0
       0
       0
       0
       1
       0
       0
       0
       0
       2
       0
       0
       0
       0
       1
       0
       0
       1
       0
       0
       0
       0
       0
       1
       0
       1
       0
       0
       0
       0
       0
       0
       0
       0
       0
       1
       0
       1
       0
       1
       1
       0
       1
       1
       0
       0
       0
       0
       0
       1
       0
       1
       0
       0
       0
       0
       0
       0
       0
       0
       0
       0
       0
       0
       2
       1
       0
       0
       0
       0
       0
       1
       0
       0
       0
       0
       1
       1
       2
       1
       0
       0
       0
       0
       1
       0
       0
       0
       0
       0
       0
       0
       2
       1
       0
       1
       0
       0
       0
       0
       1
       0
       2
       1
       0
       0
       2
       0
       0
       1
       0
       0
       0
       0
       0
       0
       0
       0
       0
       0
       0
       0
       0
       0
       0
       0
       0
       0
       0
       0
       0
       0
       0
       0
       0
       0
       0
       0
       0
       0
       0
       0
       1
       2
       0
       1
       1
       1
       0
       0
       2
       0
       0
       0
       1
       1
       0
       0
       0
       0
       0
       0
       0
       0
       1
       0
       0
       0
       0
       0
       0
       0
       0
       1
       0
       0
       0
       0
       0
       0
       1
       0
       0
       0
       0
       0
       0
       0
       0
       0
       0
       0
       0
       0
       0
       1
       1
       0
       0
       0
       0
       1
       0
       0
       0
       1
       0
       0
       1
       0
       0
       0
       0
       0
       0
       0
       1
       1
       0
       1
       0
       0
       0
       1
       0
       0
       0
       0
       0
       0
       0
       0
       0
       0
       0
       0
       0
       0
       0
       0
       0
       0
       0
       0
       0
       0
       0
       1
       0
       0
       0
       0
       0
       0
       0
       0
       0
       1
       0
       0
       0
       0
       1
       0
       0
       1
       0
       0
       1
       0
       0
       0
       0
       1
       0
       1
       0
       0
       0
       0
       0
       0
       0
       2
       0
       0
       0
       0
       0
       2
       0
       0
       0
       0
       0
       1
       0
       0
       0
       0
       1
       0
       0
       1
       0
       0
       0
       0
       0
       0
       0
       0
       0
       1
       0
       0
       0
       0
       1
       0
       0
       0
       0
       0
       0
       0
       1
       0
       0
       0
       0
       0
       0
       0
       0
       1
       1
       0
       0
       0
       0
       0
       0
       0
       0
       0
       0
       0
       0
       0
       0
       0
       0
       0
       0
       0
       1
       0
       0
       0
       0
       0
       0
       0
       0
       1
       0
       0
       0
       0
       0
       0
       0
       0
       2
       0
       0
       0
       0
       0
       0
       0
       0
       1
       0
       0
       0
       1
       0
       0
       0
       0
       0
       0
       0
       1
       1
       0
       2
       0
       0
       0
       0
       1
       0
       0
       0
       0
       0
       0
       0
       0
       0
       0
       0
       0
       0
       0
       0
       1
       0
       0
       1
       0
       0
       1
       0
       0
       1
       1
       0
       0
       0
       0
       0
       0
       0
       0
       0
       0
       0
       0
       0
       0
       0
       0
       1
       0
       0
       2
       0
       0
       0
       0
       0
       0
       0
       0
       0
       0
       0
       0
       0
       0
       0
       0
       1
       0
       1
       0
       0
       0
       0
       0
       0
       1
$ROI:
0
$PRESETS:
None
0
0
$ENER_FIT:
-0.17 0.50021
$MCA_CAL:
3
-0.17000 0.50021 0.00 keV
$SHAPE_CAL:
3
-0.765948053477 7.83958431117 -26.4079756712
$META:
{'istp': ['133CEm', '133CEg', '133LA', '132CE', '132LA', '139CE', '137CEg', '137CEm', '137LA', '135CE', '135LA', '134LA', '132CS', '7BE', '133BAm', '133BAg'], 'res': 0.05, 'R': 0.2, 'unc_eff': [[0.024053508436386758, -0.2517435071854035, 0.6502498581753428], [-0.25174350718540356, 2.65027007823169, -6.882714286693032], [0.6502498581753429, -6.882714286693032, 17.966849727438788]], 'alpha': 0.9}
