$SPEC_ID:
No sample description was entered.
$SPEC_REM:
DET# 9480
DETDESC# HPGE
AP# Maestro Version 7.01
$DATE_MEA:
10/17/2018 07:41:48
$MEAS_TIM:
1800 1967
$DATA:
0 4095
     300
     328
       0
       0
       0
       0
       0
       0
       0
       0
       0
       0
       0
       0
       0
       0
       0
       0
       0
       0
       0
       0
       0
       0
       0
       0
       0
       0
       0
       0
       0
       0
       0
       0
       0
       0
       0
       0
       0
       0
       0
       0
       0
       0
       0
       0
       0
       0
       0
       0
       0
       0
       0
       0
       0
       0
       0
       0
       0
       0
       0
       0
       0
       0
       0
       0
       0
       0
       0
       0
       0
       0
       0
       0
       0
       0
       0
       0
       0
       0
      10
     136
     539
    1615
   10292
   17620
   17465
   17692
   17538
   17499
   17519
   17336
   16857
   16924
   17075
   17110
   16873
   16702
   16902
   16792
   16465
   16582
   16473
   16675
   16178
   16447
   16428
   16456
   16184
   16165
   16131
   16049
   16274
   16069
   16223
   15830
   15933
   16173
   16056
   16244
   15841
   15854
   15798
   15633
   15788
   15847
   15499
   15557
   15880
   15685
   16031
   15588
   15714
   15937
   15954
   15603
   16031
   15864
   15858
   15745
   15850
   15911
   16060
   16160
   16139
   16787
   17209
   16498
   16033
   16812
   18478
   17165
   15926
   15853
   15971
   15981
   15900
   16130
   16006
   15994
   16330
   16228
   16679
   16747
   16662
   16919
   16904
   17218
   17319
   18182
   18513
   17752
   17697
   19436
   22393
   20045
   18856
   23213
   23943
   18559
   18004
   17918
   18075
   18445
   18266
   18395
   18358
   18618
   18796
   18916
   19087
   19063
   19262
   19801
   19512
   19780
   19914
   19932
   19993
   20198
   20473
   20376
   20880
   20882
   20984
   20950
   21251
   21248
   21671
   21785
   21930
   22042
   21950
   22099
   22357
   22422
   22276
   22605
   22835
   22826
   22971
   23281
   23309
   23511
   23385
   23686
   23623
   23869
   24086
   24333
   24565
   24636
   24728
   24907
   25245
   26823
   30930
   29429
   31966
   45515
   37328
   26557
   25389
   25581
   25481
   25491
   25576
   25766
   25625
   25669
   25919
   25857
   25869
   25740
   26363
   26307
   26374
   26441
   26404
   27046
   27372
   27844
   27939
   28298
   28538
   29479
   30566
   29665
   28509
   28588
   28501
   28224
   28013
   28291
   27958
   28151
   28128
   28171
   28159
   28181
   28059
   28281
   28199
   27855
   27965
   27646
   27574
   27496
   27453
   27215
   27248
   26963
   27075
   26828
   26604
   26512
   26361
   26143
   25773
   25887
   25673
   25850
   25398
   25297
   25217
   25036
   24914
   25003
   24885
   24505
   24593
   24390
   23834
   23956
   23740
   23903
   23796
   23809
   23214
   23382
   23249
   23085
   23006
   22700
   22707
   22728
   22760
   22196
   22188
   21906
   22224
   22119
   22720
   22221
   21596
   21682
   21653
   21732
   23138
   22715
   21956
   21594
   21512
   21669
   21479
   21449
   21334
   21603
   21548
   21581
   21332
   21670
   21519
   21624
   21828
   22002
   22086
   22324
   21837
   21840
   21531
   21458
   21668
   21636
   21418
   21398
   21630
   21235
   21027
   20923
   20985
   20933
   20849
   21101
   20959
   20510
   20553
   20285
   20186
   20113
   19861
   19686
   19497
   19389
   19388
   18927
   18982
   18627
   18602
   18472
   18567
   18115
   18158
   17938
   17739
   17552
   17585
   17597
   17406
   17218
   17437
   17344
   17491
   16906
   16467
   16393
   16095
   16095
   16001
   16103
   16854
   21606
   54723
  112480
   77019
   24882
   15863
   15130
   14816
   14522
   14316
   14181
   13899
   13811
   13552
   13397
   13401
   13376
   13262
   13076
   12904
   12827
   12983
   12805
   12557
   12542
   12517
   12327
   12248
   12295
   12076
   12208
   12502
   12108
   11785
   11854
   11620
   11469
   11692
   11325
   11440
   11320
   11469
   11444
   11100
   11180
   10942
   10955
   10789
   11019
   10833
   10786
   10822
   10817
   10792
   10376
   10716
   10609
   10605
   10573
   10632
   10551
   10427
   10428
   10401
   10292
   10425
   10044
   10216
   10267
   10340
   10280
   10313
   10314
   10129
    9826
   10032
   10066
   10188
   10034
   10203
    9771
    9942
    9966
   10029
    9794
   10041
   10002
   10028
   10059
    9762
    9843
    9963
    9877
    9907
   10034
   10480
   13804
   25954
   32284
   18518
   10983
   10113
   10108
    9852
    9884
    9869
    9830
    9710
    9887
    9763
    9888
   10103
   10229
   10253
   10365
   11030
   12099
   15519
   36407
  159381
  381805
  292044
   73316
   18163
   17161
   17437
   13253
   10382
    9706
    9593
    9233
    8955
    8968
    8794
    8615
    8672
    8611
    8534
    8526
    8709
   10022
   11896
   10559
    8624
    8169
    8366
    8173
    8144
    7915
    7840
    8116
    8060
    8016
    7949
    7843
    7818
    7931
    7815
    7727
    7807
    7662
    7888
    7693
    7807
    7628
    7596
    7763
    7620
    7526
    7538
    7724
    7656
    7598
    7442
    7474
    7534
    7599
    7569
    7515
    7519
    7426
    7640
    7596
    7764
    8098
    8819
   11180
   24253
   86415
  188258
  147192
   41936
   11580
    8640
    7912
    7613
    7462
    7478
    7539
    7390
    6893
    6748
    6649
    6675
    6567
    6585
    6473
    6563
    6493
    6313
    6372
    6334
    6364
    6334
    6241
    6206
    6190
    6216
    6247
    5941
    5933
    6148
    6050
    6111
    6018
    6145
    6141
    6239
    5991
    5936
    5844
    5750
    5803
    5713
    5747
    5707
    5618
    5809
    5606
    5739
    5699
    5655
    5556
    5426
    5593
    5843
    6733
    6919
    6050
    5548
    5445
    5524
    5388
    5465
    5318
    5366
    5252
    5268
    5418
    5318
    5346
    5267
    5221
    5202
    5204
    5232
    5194
    5143
    5106
    5099
    5030
    5195
    5088
    5095
    5258
    5541
    5347
    5036
    4897
    5041
    4952
    4883
    4805
    4902
    4820
    4690
    4571
    4533
    4590
    4703
    4632
    4545
    4583
    4525
    4667
    4514
    4344
    4391
    4349
    4407
    4462
    4354
    4240
    4303
    4401
    4316
    4348
    4369
    4331
    4322
    4253
    4223
    4238
    4292
    4285
    4208
    4187
    4183
    4238
    4379
    4266
    4247
    4128
    4297
    4205
    4147
    4085
    4078
    4155
    4029
    4273
    4168
    4063
    4032
    3986
    4018
    3987
    4113
    4089
    4127
    4008
    4007
    4161
    3969
    4012
    4042
    4414
    6045
   10239
   12173
    7925
    4643
    4036
    4026
    3958
    4065
    3927
    3932
    3893
    3855
    3951
    3906
    3937
    4699
    6238
    6970
    5359
    4213
    3966
    3948
    3861
    3740
    3674
    3812
    3776
    3758
    3808
    3719
    3712
    3722
    3602
    3651
    3619
    3877
    4709
    5984
    5403
    4382
    4372
    4928
    4510
    3754
    3468
    3393
    3361
    3385
    3416
    3322
    3444
    3322
    3419
    3311
    3251
    3242
    3365
    3206
    3281
    3334
    3167
    3236
    3200
    3144
    3219
    3173
    3273
    3228
    3112
    3141
    3157
    3081
    3116
    3116
    3203
    3199
    3074
    2974
    3029
    3160
    3091
    3087
    3060
    3023
    2937
    3045
    3076
    2989
    3008
    2947
    2945
    2826
    2924
    2827
    2732
    2779
    2694
    2653
    2631
    2649
    2658
    2435
    2549
    2643
    2555
    2589
    2647
    2625
    2547
    2563
    2502
    2482
    2513
    2551
    2833
    2635
    2493
    2457
    2386
    2309
    2377
    2276
    2271
    2370
    2238
    2296
    2355
    2232
    2286
    2297
    2318
    2271
    2332
    2494
    3107
    4231
    4228
    2968
    2379
    2229
    2223
    2189
    2160
    2155
    2137
    2006
    2102
    2145
    2111
    2157
    2094
    2105
    2119
    2152
    2125
    2185
    2038
    2143
    2332
    2474
    2531
    2139
    2096
    1981
    1968
    1983
    1997
    2010
    1963
    2023
    2080
    2347
    2349
    2154
    1967
    1908
    1973
    1934
    1977
    1929
    1852
    1933
    1958
    1933
    1930
    1948
    1848
    1909
    1850
    1813
    1924
    1887
    1903
    1875
    1895
    1966
    2097
    2093
    1945
    2118
    2691
    4671
    6788
    5646
    3190
    2262
    3124
    6042
    9356
    7826
    4270
    2903
    2549
    2324
    2968
    3649
    3226
    2195
    1806
    1670
    1810
    1692
    1662
    1628
    1608
    1646
    1657
    1633
    1628
    1668
    1685
    1639
    1694
    1630
    1570
    1602
    1571
    1601
    1602
    1553
    1567
    1604
    1576
    1594
    1593
    1646
    1566
    1495
    1570
    1576
    1649
    1722
    1836
    1898
    1756
    1763
    1667
    1765
    1847
    2164
    2565
    3255
    3974
    4024
    3930
    3256
    2630
    2198
    1958
    1746
    1872
    1886
    2093
    2425
    3988
   10751
   30529
   51854
   42284
   16749
    4456
    2229
    1917
    1785
    1614
    1678
    1681
    1637
    1552
    1599
    1504
    1491
    1459
    1504
    1491
    1534
    1691
    1742
    1959
    1670
    1575
    1446
    1521
    1464
    1462
    1317
    1410
    1459
    1342
    1442
    1419
    1378
    1397
    1365
    1313
    1343
    1369
    1531
    1390
    1455
    1380
    1413
    1381
    1354
    1420
    1472
    1345
    1452
    1361
    1417
    1429
    1935
    2832
    3590
    3136
    2034
    1521
    1388
    1382
    1294
    1343
    1353
    1383
    1369
    1430
    1363
    1385
    1467
    1384
    1366
    1417
    1397
    1360
    1333
    1418
    1331
    1330
    1446
    1394
    1441
    1456
    1419
    1433
    1496
    1541
    1608
    1849
    1907
    1786
    1473
    1476
    1542
    1653
    2049
    2842
    3156
    2609
    1720
    1600
    1561
    1724
    1951
    2534
    5371
   14510
   29236
   32633
   19241
    6394
    2429
    1958
    1994
    2368
    4536
   10075
   16831
   15040
    7517
    2843
    1721
    1553
    1497
    1412
    1426
    1441
    1482
    1456
    1393
    1485
    1384
    1416
    1387
    1379
    1351
    1372
    1448
    1539
    1592
    1510
    1397
    1227
    1312
    1335
    1283
    1273
    1248
    1233
    1234
    1245
    1191
    1191
    1220
    1239
    1211
    1233
    1174
    1244
    1184
    1219
    1205
    1250
    1238
    1215
    1285
    1274
    1369
    1425
    1814
    3016
    6036
    9506
    9962
   11272
   23965
   48630
   55429
   32574
   10525
    2957
    1806
    1573
    1391
    1393
    1312
    1379
    1214
    1201
    1127
    1125
    1149
    1105
    1045
    1089
    1103
    1052
    1069
    1094
    1113
    1034
    1082
    1012
    1069
    1095
    1434
    1980
    2107
    1723
    1271
    1020
     992
    1017
     932
     981
     917
     877
     954
     902
     939
     940
    1001
     919
     936
     912
     941
     912
     844
     888
     895
     948
     912
     904
     868
     890
     826
     770
     813
     799
     787
     862
     814
     772
     736
     731
     796
     809
     740
     789
     759
     838
     787
     795
     754
     780
     839
     771
     731
     788
     786
     801
     794
     801
     775
     726
     775
     812
     753
     745
     736
     753
     688
     711
     762
     730
     745
     710
     737
     711
     748
     719
     712
     704
     715
     711
     687
     752
     743
     758
     805
     921
    1107
    1810
    3988
    7210
    8561
    5720
    2485
    1089
     793
     762
     715
     712
     681
     629
     636
     659
     619
     634
     617
     600
     620
     638
     619
     612
     627
     597
     595
     556
     616
     558
     577
     593
     533
     595
     528
     590
     550
     597
     704
     950
    1445
    1408
    1149
     765
     599
     551
     561
     591
     511
     508
     500
     514
     557
     494
     499
     526
     497
     506
     554
     506
     503
     517
     541
     510
     581
     563
     591
     484
     486
     478
     479
     501
     486
     504
     497
     472
     481
     511
     498
     459
     470
     470
     455
     444
     461
     439
     461
     438
     442
     471
     424
     437
     432
     446
     420
     488
     507
     543
     506
     468
     470
     411
     408
     394
     388
     446
     454
     570
     760
    1157
    1373
    1001
     591
     448
     410
     433
     417
     361
     414
     418
     380
     419
     410
     397
     402
     459
     457
     505
     570
     513
     436
     389
     414
     342
     359
     359
     373
     369
     372
     372
     380
     346
     386
     344
     350
     373
     367
     355
     415
     461
     454
     352
     341
     350
     371
     350
     373
     369
     372
     325
     376
     358
     373
     338
     331
     341
     319
     377
     337
     316
     331
     335
     339
     360
     390
     422
     398
     405
     343
     355
     339
     345
     300
     308
     349
     338
     329
     317
     316
     337
     328
     321
     313
     333
     357
     384
     373
     397
     356
     337
     282
     313
     315
     334
     349
     321
     344
     300
     304
     320
     316
     302
     363
     390
     430
     416
     457
     522
     742
     984
    1141
     914
     595
     404
     379
     419
     638
     918
    1068
     908
     610
     481
     483
     537
     734
    1154
    2333
    5901
   13093
   20113
   19147
   10497
    3668
    1067
     550
     504
     417
     401
     405
     379
     367
     306
     339
     322
     303
     308
     303
     303
     319
     307
     300
     281
     261
     248
     274
     259
     280
     276
     291
     255
     259
     253
     273
     251
     233
     273
     286
     240
     262
     294
     246
     226
     257
     252
     248
     237
     255
     271
     232
     240
     252
     211
     265
     243
     269
     243
     266
     242
     237
     275
     268
     315
     507
     684
     725
     627
     341
     271
     252
     244
     244
     209
     258
     267
     204
     234
     273
     265
     284
     300
     364
     449
     510
     451
     533
     792
    1881
    4224
    7830
    9644
    7474
    3414
    1163
     444
     347
     357
     360
     332
     308
     301
     324
     427
     503
     438
     342
     243
     195
     242
     212
     197
     206
     203
     217
     217
     190
     217
     208
     225
     219
     222
     292
     354
     472
     400
     317
     228
     202
     177
     205
     197
     183
     211
     219
     196
     176
     168
     153
     193
     167
     175
     189
     228
     205
     205
     213
     205
     210
     173
     162
     202
     182
     210
     178
     184
     181
     202
     193
     187
     176
     182
     202
     205
     198
     210
     200
     223
     292
     290
     342
     360
     401
     621
    1189
    2729
    4812
    5648
    4340
    2073
     816
     471
     427
     525
     445
     370
     217
     221
     188
     177
     189
     162
     194
     175
     190
     195
     166
     181
     172
     157
     189
     177
     146
     164
     154
     161
     170
     163
     146
     191
     166
     168
     165
     159
     161
     163
     169
     156
     150
     176
     170
     164
     229
     246
     217
     199
     185
     190
     153
     154
     169
     171
     181
     168
     154
     180
     174
     138
     180
     179
     224
     232
     344
     653
    1382
    2369
    2741
    2167
    1119
     421
     228
     191
     208
     177
     186
     152
     151
     135
     177
     135
     160
     160
     157
     165
     166
     175
     152
     177
     157
     160
     162
     177
     184
     195
     210
     166
     149
     169
     144
     142
     142
     143
     185
     222
     253
     263
     242
     182
     168
     153
     146
     121
     169
     146
     133
     137
     135
     146
     142
     161
     170
     168
     154
     154
     141
     138
     125
     124
     141
     139
     159
     137
     152
     141
     147
     127
     133
     116
     124
     134
     133
     123
     103
     119
     120
     130
     127
     139
     145
     127
     124
     129
     135
     139
     140
     141
     163
     141
     129
     139
     129
     117
     121
     113
     128
     136
     104
     132
     126
     135
     133
     108
     117
     116
     132
     129
     127
     131
     116
     171
     161
     216
     338
     513
     607
     532
     335
     189
     130
     129
     114
     138
      89
     130
     120
     119
     109
     101
     109
     126
     112
     104
     112
     119
     129
     116
     105
     105
     109
     109
     108
      93
      92
      98
      85
     103
     110
      93
     109
     111
     128
     175
     245
     229
     157
     152
     112
     119
      96
     102
      89
     101
      84
      93
      98
      98
     101
     100
      96
     112
     112
     103
     117
     121
     126
     105
      83
      68
      93
      98
     108
     100
      82
     109
     102
      94
      88
      79
      81
      80
      98
      80
      99
      94
      92
      89
      80
      67
      98
      78
      84
      71
      72
      65
      67
      90
      78
      80
      96
      91
      85
      79
      82
      72
      74
      90
      72
      69
      93
      79
      77
      92
      71
      67
      64
      90
      73
      76
      63
      67
      97
      91
      79
      80
      74
      77
      78
      87
      79
      74
      63
      64
      82
      75
      72
      54
      78
      70
      85
      83
      83
      81
      62
      67
      87
      79
      69
      77
      90
     107
     118
     126
     109
      99
      96
      68
      58
      74
      62
      69
      57
      61
      65
      55
      56
      79
      61
      73
      81
      70
      66
      61
      52
      71
      71
      99
      92
     130
     135
     129
     103
      78
      67
      74
      68
      67
      54
      53
      55
      53
      60
      58
      73
      66
      57
      71
      59
      59
      51
      44
      59
      62
      75
      69
      57
      64
      77
      58
      55
      55
      63
      54
      50
      53
      51
      53
      57
      64
      69
      68
      61
      72
      50
      49
      48
      62
      55
      57
      56
      48
      53
      51
      51
      51
      52
      58
      56
      52
      62
      67
      56
      61
      75
      70
      50
      55
      69
      55
      45
      45
      52
      58
      51
      62
      58
      45
      53
      49
      47
      49
      56
      65
      43
      48
      40
      54
      37
      39
      39
      40
      42
      47
      52
      46
      59
      60
      72
      76
      63
      57
      67
      55
      48
      43
      50
      53
      45
      57
      46
      58
      48
      47
      51
      55
      52
      53
      46
      49
      37
      51
      50
      50
      43
      40
      46
      60
      52
      40
      45
      43
      37
      52
      36
      50
      44
      41
      47
      38
      46
      69
      44
      52
      37
      38
      46
      53
      49
      44
      46
      44
      40
      38
      44
      57
      50
      58
      34
      35
      54
      46
      44
      43
      43
      57
      50
      43
      39
      37
      65
      63
      68
      88
     120
     138
     134
      94
      63
      50
      63
      52
      53
      52
      48
      47
      41
      52
      45
      63
      77
     107
     185
     339
     604
     719
     711
     493
     269
     102
      78
      45
      51
      48
      38
      37
      54
      53
      49
      58
      38
      49
      48
      42
      29
      40
      41
      54
      54
      42
      48
      44
      50
      42
      43
      41
      48
      35
      39
      50
      49
      43
      61
      56
      71
      83
      91
     179
     225
     271
     249
     212
     176
     220
     272
     216
     156
      95
      63
      56
      48
      54
      70
      71
      68
      79
      91
      92
      81
      82
     141
     271
     511
     904
    1217
    1110
     782
     403
     165
      94
      64
      57
      37
      53
      59
      49
      53
      53
      34
      45
      35
      42
      55
      54
      32
      43
      33
      37
      46
      39
      43
      50
      44
      31
      37
      25
      45
      36
      44
      42
      36
      39
      42
      39
      42
      31
      44
      41
      50
      36
      33
      46
      35
      49
      32
      38
      32
      47
      46
      40
      41
      59
      69
     109
     113
     112
     105
      69
      42
      47
      39
      33
      42
      35
      33
      50
      27
      41
      28
      34
      37
      39
      34
      31
      42
      43
      39
      31
      40
      32
      32
      39
      38
      42
      33
      47
      40
      37
      50
      72
      79
     106
     157
     104
     101
      60
      56
      35
      32
      36
      33
      38
      35
      47
      25
      26
      53
      42
      37
      40
      32
      38
      43
      40
      32
      31
      32
      60
      32
      44
      34
      34
      24
      37
      33
      43
      33
      32
      28
      35
      25
      26
      32
      33
      32
      35
      54
      35
      36
      47
      38
      42
      36
      39
      40
      34
      20
      43
      32
      34
      30
      35
      41
      38
      36
      33
      29
      30
      31
      37
      35
      35
      34
      34
      39
      25
      44
      29
      36
      28
      43
      32
      44
      35
      35
      42
      42
      24
      40
      37
      35
      27
      36
      37
      24
      28
      45
      47
      41
      31
      32
      34
      20
      36
      34
      35
      29
      38
      45
      30
      32
      29
      34
      45
      25
      41
      51
      33
      38
      30
      38
      31
      38
      32
      32
      38
      36
      37
      31
      50
      46
      47
      69
      66
      81
      87
      80
      65
      51
      29
      38
      44
      33
      46
      27
      32
      35
      39
      41
      31
      36
      32
      39
      33
      31
      32
      32
      31
      30
      33
      32
      35
      27
      35
      34
      37
      34
      35
      18
      37
      35
      28
      35
      31
      36
      33
      41
      25
      36
      42
      43
      32
      34
      30
      29
      31
      25
      37
      41
      30
      35
      36
      39
      33
      41
      34
      38
      44
      38
      40
      39
      29
      41
      30
      38
      36
      31
      33
      33
      41
      34
      27
      35
      41
      44
      40
      31
      36
      27
      37
      33
      34
      37
      39
      34
      23
      34
      30
      31
      28
      40
      40
      25
      28
      39
      31
      26
      31
      30
      31
      30
      39
      30
      41
      34
      35
      23
      37
      40
      26
      17
      45
      33
      37
      32
      34
      33
      33
      36
      38
      38
      33
      27
      27
      37
      29
      34
      29
      24
      30
      26
      27
      28
      33
      36
      29
      25
      28
      32
      28
      37
      24
      37
      22
      33
      32
      32
      25
      33
      31
      32
      31
      24
      21
      31
      13
      36
      31
      20
      19
      17
      24
      16
      19
      24
      30
      25
      17
      18
      17
      20
      31
      25
      18
      31
      17
      20
      19
      22
      25
      27
      26
      23
      22
      23
      16
      26
      22
      25
      21
      23
      19
      20
      22
      15
      15
      19
      21
      15
      19
      16
      17
      15
      25
      23
      25
      25
      12
      25
      32
      18
      21
      26
      26
      19
      18
      23
      25
      28
      17
      19
      18
      13
      28
      25
      25
      22
      16
      19
      15
      19
      17
      16
      23
      16
      13
      24
      19
      20
      25
      17
      14
      13
      16
      22
      14
      16
      25
      16
      18
      19
      20
      29
      12
      28
      18
      19
      18
      26
      20
      16
      15
      23
      17
      12
      18
      19
      14
      20
      23
      21
      23
      38
      47
      57
      49
      60
      46
      24
      20
      23
      23
      22
      15
      20
      14
      15
      23
      20
      13
      12
      21
      14
      12
      21
      18
      20
      23
      16
      13
      13
      14
      13
      14
      13
      14
      21
      21
      17
      16
      18
      14
      11
      22
      16
      24
      15
      15
      16
      11
      16
      13
      22
      17
      20
      30
      46
      71
     109
     161
     195
     164
      90
      67
      34
      24
       9
      14
      13
      11
       8
       7
      20
      20
      14
      12
      12
      20
      13
      12
      14
       9
      16
      20
       6
      13
      16
      11
      14
       7
      11
      13
       9
       8
      13
      13
      15
      18
      14
       8
       9
       9
      11
      11
      13
       8
      13
       9
      16
       9
      14
      15
      12
      15
       8
       6
      14
       8
      18
       9
       8
      18
       8
       6
      12
      26
      31
      25
      42
      61
      62
      40
      21
      24
       9
      11
       8
      13
      12
      12
       8
      12
      10
       9
       6
      14
       5
       6
      13
       7
       4
       8
      13
       8
       7
       7
       7
       8
       8
      11
       7
       8
      10
       7
       8
       4
       7
       5
       4
       9
       8
      14
       2
       9
       8
      10
       2
       9
      10
      15
       2
       9
       8
       8
       8
       9
      15
      21
      29
      21
      23
      10
      12
       6
       6
      13
       8
       8
      11
       9
      12
       9
      10
      11
       7
       7
       8
      10
       5
       8
       6
       8
       8
       8
       6
      10
       6
      12
       6
      11
       6
      11
       4
      14
       9
      17
       9
      15
      17
      12
      19
      11
       5
       4
      10
      10
       7
       9
      12
       3
      11
       7
      14
      20
      25
      40
      57
      52
      66
      44
      26
      10
       8
      10
       9
       3
       8
      13
       3
       9
      10
       5
      11
       5
       2
       5
       3
       7
       5
       5
       7
       9
      10
       6
       7
       9
       6
       4
       8
       5
       6
       4
      12
       8
       6
       4
       5
       6
       7
       8
      13
       7
       6
       9
      14
      25
      18
      32
      19
      12
      13
      11
       6
      13
      12
      15
       9
      12
      15
      20
      23
      31
      42
      50
     112
     182
     347
     524
     686
     673
     558
     345
     179
      78
      47
      19
      19
      16
      14
      17
      14
      10
       8
       6
      13
      10
      10
      10
       7
      12
       5
       4
       5
       5
       6
       7
       6
       7
       5
       6
       4
       9
       7
       7
       4
       3
      11
       4
       9
       7
       9
       8
       4
       8
       5
       4
       7
       5
       3
       7
       4
       6
       4
       4
       6
       7
       4
       6
       2
       5
       9
       8
       8
       7
       3
       1
       5
       6
       0
       1
       5
       7
       5
       7
       4
       8
       4
       1
       9
       5
       3
       2
       5
       4
       8
       3
       6
       5
       1
       4
       3
       3
       5
       3
       6
       6
      10
       4
       3
       6
       1
       3
       4
       3
       5
       4
       0
       5
       5
       4
       4
       5
       1
       5
       4
       3
       5
       5
       2
       9
       1
       1
       3
       4
       1
       3
       7
       3
       3
       7
       0
       4
       3
       3
       2
       3
       5
       2
       3
       2
       3
       4
       2
       8
       2
       7
       5
       2
       4
       2
       1
       2
       2
       0
       3
       6
       1
       6
       5
       2
       2
       2
       1
       4
       2
       1
       1
       2
       3
       3
       3
       2
       6
       3
       1
       1
       3
       0
       1
       1
       0
       3
       3
       5
       5
       1
       0
       1
       2
       1
       4
       5
       4
       5
       7
       2
       4
       1
       1
       2
       3
       1
       1
       2
       2
       6
       3
       1
       3
       3
       3
       2
       3
       2
       3
       5
       2
       2
       4
       3
       2
       6
       3
       3
       0
       0
       1
       2
       3
       2
       1
       1
       2
       1
       3
       3
       2
       3
       0
       3
       4
       4
       2
       0
       3
       3
       4
       2
       1
       1
       3
       2
       4
       3
       0
       3
       6
       2
       0
       4
       1
       3
       5
       2
       2
       3
       1
       4
       2
       1
       4
       0
       3
       3
       1
       1
       0
       1
       2
       1
       1
       2
       3
       6
       0
       1
       3
       2
       0
       1
       0
       2
       4
       0
       1
       2
       4
       2
       0
       0
       0
       3
       2
       1
       6
       4
       0
       2
       2
       1
       0
       3
       4
       1
       2
       2
       3
       0
       4
       1
       3
       2
       2
       2
       4
       1
       3
       6
       2
       4
       3
       1
       2
       6
       9
      11
      12
      33
      40
      52
      79
      54
      59
      38
      15
       9
       3
       8
       2
       4
       2
       2
       1
       1
       2
       2
       6
       2
       4
       1
       0
       3
       3
       3
       1
       1
       2
       1
       2
       0
       4
       1
       2
       2
       2
       1
       2
       2
       1
       2
       1
       0
       1
       0
       6
       3
       5
       3
       5
       3
       1
       1
       2
       3
       2
       3
       1
       4
       6
       8
       6
      12
      18
      14
       7
       5
       2
       2
       2
       0
       1
       2
       3
       0
       3
       1
       3
       0
       2
       1
       2
       1
       4
       1
       0
       1
       3
       0
       1
       1
       3
       1
       1
       1
       1
       0
       3
       1
       4
       1
       1
       3
       2
       2
       2
       1
       2
       0
       0
       2
       1
       4
       3
       4
       0
       4
       0
       1
       1
       1
       1
       1
       0
       2
       1
       1
       1
       1
       0
       1
       1
       0
       0
       2
       2
       0
       3
       3
       0
       1
       3
       1
       0
       1
       0
       1
       3
       0
       2
       1
       1
       1
       2
       1
       0
       2
       2
       0
       1
       0
       3
       3
       3
       3
       0
       3
       1
       1
       2
       1
       0
       1
       5
       1
       2
       0
       1
       1
       0
       0
       1
       1
       2
       0
       0
       2
       0
       1
       0
       1
       1
       1
       1
       0
       1
       0
       1
       2
       0
       3
       2
       0
       1
       1
       1
       0
       2
       1
       0
       0
       1
       1
       1
       0
       1
       0
       0
       1
       1
       1
       3
       1
       0
       1
       2
       3
       1
       1
       1
       0
       1
       3
       0
       1
       0
       1
       0
       0
       1
       1
       1
       1
       0
       1
       0
       1
       1
       2
       1
       1
       0
       0
       3
       1
       1
       2
       0
       2
       1
       2
       1
       2
       0
       1
       2
       1
       0
       3
       2
       0
       0
       2
       0
       1
       3
       1
       0
       2
       0
       0
       0
       0
       1
       0
       0
       3
       0
       1
       0
       1
       2
       1
       2
       0
       1
       2
       1
       2
       0
       2
       1
       2
       3
       0
       1
       2
       3
       0
       1
       1
       1
       0
       0
       2
       1
       3
       2
       1
       1
       0
       0
       2
       1
       2
       0
       1
       0
       0
       0
       4
       1
       1
       2
       2
       0
       0
       0
       2
       0
       1
       1
       1
       2
       0
       0
       2
       2
       2
       0
       1
       0
       0
       0
       1
       1
       0
       1
       0
       1
       1
       0
       0
       0
       2
       0
       0
       0
       0
       0
       0
       0
       0
       1
       2
       0
       0
       0
       0
       2
       1
       1
       1
       0
       0
       0
       0
       1
       0
       0
       0
       0
       0
       2
       0
       1
       3
       1
       0
       1
       0
       2
       0
       0
       2
       1
       4
       1
       1
       0
       1
       1
       1
       1
       1
       3
       4
       2
       1
       0
       2
       3
       3
       1
       1
       2
       0
       0
       1
       0
       1
       1
       0
       0
       2
       0
       1
       1
       1
       1
       0
       0
       1
       2
       0
       0
       0
       2
       1
       5
       0
       1
       1
       0
       0
       0
       0
       1
       2
       1
       0
       0
       1
       1
       5
       1
       1
       3
       1
       0
       0
       1
       2
       2
       1
       0
       2
       2
       0
       1
       0
       2
       1
       0
       0
       3
       1
       2
       4
       3
       2
       0
       1
       5
       0
       0
       0
       0
       2
       1
       0
       0
       0
       0
       0
       1
       0
       1
       1
       2
       1
       3
       0
       0
       2
       4
       2
       1
       0
       3
       1
       2
       0
       0
       1
       0
       1
       0
       0
       1
       0
       0
       0
       0
       1
       0
       0
       0
       0
       0
       1
       3
       1
       1
       2
       0
       0
       3
       0
       1
       2
       1
       2
       0
       0
       1
       0
       0
       0
       0
       0
       0
       2
$ROI:
0
$PRESETS:
None
0
0
$ENER_FIT:
-0.17 0.50021
$MCA_CAL:
3
-0.17000 0.50021 0.00 keV
$SHAPE_CAL:
3
-0.765948053477 7.83958431117 -26.4079756712
$META:
{'istp': ['133CEm', '133CEg', '133LA', '132CE', '132LA', '139CE', '137CEg', '137CEm', '137LA', '135CE', '135LA', '134LA', '132CS', '7BE', '133BAm', '133BAg'], 'res': 0.05, 'R': 0.2, 'unc_eff': [[0.024053508436386758, -0.2517435071854035, 0.6502498581753428], [-0.25174350718540356, 2.65027007823169, -6.882714286693032], [0.6502498581753429, -6.882714286693032, 17.966849727438788]], 'alpha': 0.9}
