$SPEC_ID:
No sample description was entered.
$SPEC_REM:
DET# 9480
DETDESC# HPGE
AP# Maestro Version 7.01
$DATE_MEA:
10/17/2018 08:16:56
$MEAS_TIM:
1800 1800
$DATA:
0 4095
     300
     300
       0
       0
       0
       0
       0
       0
       0
       0
       0
       0
       0
       0
       0
       0
       0
       0
       0
       0
       0
       0
       0
       0
       0
       0
       0
       0
       0
       0
       0
       0
       0
       0
       0
       0
       0
       0
       0
       0
       0
       0
       0
       0
       0
       0
       0
       0
       0
       0
       0
       0
       0
       0
       0
       0
       0
       0
       0
       0
       0
       0
       0
       0
       0
       0
       0
       0
       0
       0
       0
       0
       0
       0
       0
       0
       0
       0
       0
       0
       0
       0
       1
       1
     165
     553
     625
     579
     578
     589
     600
     591
     553
     581
     582
     602
     548
     592
     598
     561
     544
     543
     562
     565
     565
     586
     525
     513
     638
     558
     590
     586
     565
     535
     524
     540
     491
     562
     561
     533
     551
     554
     550
     530
     551
     561
     545
     503
     534
     544
     587
     546
     531
     534
     547
     555
     544
     605
     561
     552
     550
     545
     579
     545
     552
     621
     667
     567
     536
     622
     638
     671
     544
     572
     524
     587
     571
     580
     579
     557
     585
     567
     595
     567
     601
     595
     621
     631
     590
     611
     697
     657
     643
     658
     751
     749
     622
     779
     852
     683
     618
     635
     668
     631
     619
     668
     640
     652
     643
     635
     671
     643
     686
     653
     690
     654
     694
     691
     663
     724
     647
     690
     755
     673
     712
     712
     711
     686
     706
     702
     742
     735
     712
     720
     773
     719
     734
     755
     732
     773
     753
     738
     836
     814
     755
     784
     772
     815
     774
     811
     803
     793
     798
     798
     806
     882
    1022
     964
     967
    1443
    1419
     851
     880
     890
     831
     836
     818
     836
     881
     848
     818
     882
     844
     931
     856
     865
     911
     849
     871
     932
     892
     925
     889
    1031
     977
     979
     994
    1041
     962
     934
     932
     906
     957
     959
     938
     961
     851
     905
     907
     927
     980
     950
     868
     903
     940
     911
     873
     832
     834
     854
     856
     775
     882
     923
     838
     880
     858
     784
     827
     841
     791
     800
     792
     776
     765
     739
     763
     763
     733
     739
     696
     743
     753
     713
     746
     692
     711
     730
     704
     650
     664
     694
     655
     686
     749
     667
     706
     681
     720
     665
     679
     684
     719
     709
     634
     654
     630
     593
     715
     728
     677
     617
     636
     628
     611
     644
     648
     624
     652
     595
     635
     589
     656
     620
     609
     603
     641
     665
     651
     609
     614
     623
     629
     630
     627
     587
     652
     644
     581
     593
     602
     597
     568
     618
     591
     576
     585
     595
     585
     586
     573
     586
     607
     575
     564
     553
     529
     522
     553
     607
     605
     557
     550
     504
     545
     591
     558
     583
     518
     547
     580
     543
     563
     544
     524
     501
     506
     521
     456
     520
     505
     604
    1351
    3738
    3322
    1049
     494
     489
     445
     458
     499
     469
     441
     459
     440
     483
     437
     462
     424
     441
     413
     436
     447
     415
     453
     414
     412
     403
     416
     463
     492
     430
     459
     442
     442
     452
     461
     395
     390
     434
     433
     426
     422
     423
     431
     400
     390
     398
     438
     424
     429
     420
     431
     462
     413
     391
     423
     398
     388
     405
     423
     402
     404
     437
     391
     378
     424
     418
     395
     375
     359
     438
     425
     396
     422
     412
     413
     385
     416
     383
     370
     414
     376
     395
     401
     396
     367
     377
     413
     399
     372
     414
     377
     410
     401
     386
     418
     584
    1364
    2421
    1389
     494
     357
     363
     327
     298
     339
     354
     326
     308
     320
     325
     335
     341
     355
     349
     351
     378
     465
     935
    3849
   12361
   12624
    3664
     479
     387
     478
     407
     297
     241
     253
     260
     251
     232
     250
     221
     273
     246
     236
     255
     263
     321
     403
     383
     274
     244
     255
     256
     250
     221
     219
     241
     258
     245
     239
     239
     242
     218
     218
     207
     216
     236
     204
     220
     232
     237
     193
     221
     205
     219
     218
     205
     213
     202
     192
     220
     201
     186
     227
     196
     199
     220
     211
     191
     224
     247
     263
     342
     632
    2190
    6135
    6069
    2007
     300
     156
     180
     181
     170
     184
     174
     182
     184
     173
     179
     154
     171
     196
     193
     169
     176
     192
     167
     160
     180
     153
     186
     165
     159
     173
     159
     175
     144
     176
     169
     155
     184
     171
     164
     187
     201
     158
     160
     193
     170
     163
     152
     173
     166
     163
     168
     166
     171
     186
     173
     184
     166
     161
     250
     266
     218
     173
     131
     146
     159
     143
     164
     146
     177
     164
     184
     159
     153
     168
     150
     174
     165
     157
     179
     168
     163
     157
     161
     149
     157
     149
     176
     166
     151
     179
     161
     152
     151
     163
     155
     155
     169
     154
     178
     169
     169
     160
     147
     128
     134
     153
     133
     155
     134
     134
     164
     149
     130
     162
     141
      99
     157
     134
     144
     133
     148
     162
     149
     158
     139
     148
     129
     140
     139
     133
     147
     144
     124
     144
     159
     150
     139
     146
     131
     140
     107
     152
     136
     124
     131
     146
     146
     154
     153
     121
     138
     146
     127
     143
     158
     132
     145
     146
     158
     194
     298
     473
     333
     183
     158
     134
     136
     132
     137
     131
     126
     142
     122
     158
     146
     176
     214
     256
     216
     167
     150
     142
     125
     144
     138
     146
     138
     102
     129
     139
     114
     126
     153
     133
     126
     128
     191
     225
     186
     167
     147
     154
     168
     146
     125
     124
     131
     106
     111
     133
     120
     120
     118
     120
     126
     114
     129
     104
     127
     121
     118
     136
     110
     108
     123
     134
     126
     114
     110
     103
     115
     126
     109
     131
     102
     118
     106
     117
     108
     133
     123
     118
     126
     121
     112
     112
     105
     108
     112
     116
     109
     120
     103
     101
     114
     100
     119
     111
     105
     124
      99
      95
      98
      96
     117
      92
     105
     108
     105
     105
      96
     112
      84
     117
     108
     125
     112
      97
     100
      90
      91
      89
      91
      92
      78
      86
      95
      94
      98
      90
     107
      97
      86
     106
     164
     241
     257
     166
      88
      78
      70
      93
      88
      82
      88
      89
      85
      85
      94
      96
     100
      88
      78
      85
      78
      76
      86
      85
      92
     116
      91
      93
      91
      73
      89
      80
      82
      89
      82
      72
      81
     109
      87
      98
      86
      80
      68
      81
      94
      83
      67
      62
      86
      81
      82
      87
      87
      82
      67
      83
      68
      80
      65
      86
      82
      82
      93
      84
      72
      82
     115
     182
     250
     253
     123
      96
     128
     185
     335
     306
     189
     107
      97
     106
     135
     214
     187
     107
      64
      60
      65
      61
      75
      62
      64
      67
      55
      70
      52
      74
      64
      54
      62
      89
      69
      49
      81
      48
      66
      55
      67
      83
      71
      60
      62
      55
      61
      69
      66
      78
      68
      72
      74
      79
      81
      65
      63
      68
      83
      75
      84
     111
     119
     135
     115
     103
      89
      84
      58
      61
      76
      64
      79
      85
     162
     303
     938
    1764
    1723
     761
     156
      61
      50
      53
      62
      58
      64
      53
      50
      54
      63
      54
      45
      63
      65
      53
      45
      62
      55
      60
      46
      54
      55
      49
      59
      48
      40
      54
      59
      55
      54
      58
      52
      52
      64
      57
      45
      51
      44
      64
      56
      43
      65
      48
      51
      56
      46
      51
      55
      50
      59
      67
      95
     117
     128
      79
      61
      52
      60
      58
      45
      56
      56
      56
      56
      58
      61
      45
      52
      50
      49
      38
      62
      43
      55
      38
      63
      51
      45
      52
      47
      45
      67
      53
      59
      48
      43
      78
      65
      53
      43
      58
      61
      73
     110
      96
     103
      83
      65
      60
      72
      68
      73
     162
     429
     974
    1215
     803
     246
      79
      54
      64
      68
     126
     314
     524
     560
     329
     105
      54
      35
      30
      49
      46
      38
      32
      42
      34
      38
      50
      40
      44
      42
      43
      34
      52
      60
      62
      39
      40
      54
      28
      45
      37
      48
      43
      34
      46
      36
      39
      33
      25
      29
      35
      48
      38
      41
      58
      41
      41
      50
      44
      40
      44
      46
      52
      59
      62
      93
     195
     328
     367
     387
     750
    1604
    2030
    1320
     408
      77
      38
      24
      36
      33
      38
      30
      33
      31
      34
      31
      42
      25
      41
      35
      35
      28
      33
      40
      26
      31
      36
      26
      31
      39
      39
      64
      73
      65
      42
      21
      26
      32
      31
      42
      28
      24
      30
      30
      37
      22
      24
      21
      31
      35
      29
      24
      22
      32
      25
      25
      31
      23
      35
      35
      23
      29
      27
      22
      25
      22
      22
      28
      22
      18
      21
      27
      29
      15
      21
      28
      15
      29
      25
      25
      28
      29
      26
      28
      30
      18
      19
      21
      29
      27
      23
      26
      20
      20
      25
      18
      32
      39
      25
      28
      22
      30
      12
      27
      25
      17
      16
      29
      27
      21
      23
      25
      30
      22
      24
      31
      49
      72
     132
     228
     330
     224
      97
      38
      23
      25
      26
      18
      22
      14
      22
      17
      24
      17
      20
      10
      22
      17
      26
      15
      15
      22
      19
      21
      15
      20
      18
      18
      20
      17
      19
      14
      14
      20
      24
      31
      43
      59
      39
      19
      22
      16
      16
      25
      14
      14
      17
      19
      17
      13
      21
      16
      14
      13
      18
      15
      13
      23
      19
      17
      18
      24
      16
      14
      18
      18
      25
      24
      11
      16
      10
      17
      20
      14
      17
      15
      19
      25
      16
      11
      11
      10
      25
      20
      14
      14
      19
      17
       9
      18
      13
      18
      16
      23
      17
      13
      15
      13
      16
      15
       9
      16
      19
      18
      19
      42
      31
      33
      19
      24
       9
      13
       9
      13
      16
      14
      16
      14
      12
      12
      16
      17
      19
      14
      21
      28
      16
      10
       7
      14
      10
      14
      10
       6
      10
       4
      13
       6
      14
       9
      11
      13
      14
      13
      19
      19
       6
      15
       9
       6
      11
       9
      10
      11
      15
      19
      16
      11
      11
      13
       9
      12
       7
       5
      14
      10
       8
       9
      11
      10
      10
      17
      15
       9
       8
      13
       5
      13
      12
      11
      10
      13
       9
       6
       6
      11
       7
      14
      12
       8
       6
       9
      17
      18
      11
       5
      10
       8
      12
      10
      18
       6
      15
       9
      10
      14
      12
      12
       9
      12
      13
       7
      12
      18
      24
      33
      39
      26
      20
      13
      13
      17
      21
      24
      35
      41
      24
      16
      16
      15
      22
      46
      95
     192
     429
     659
     710
     425
     128
      36
       8
       9
       7
       7
       4
       5
      11
       7
       3
       6
       5
      10
       7
       4
       7
       9
       8
       5
      10
      12
       5
       9
      11
       6
       8
       6
       4
       4
       8
       8
       5
       4
      13
       4
       9
       7
       7
       5
       5
      10
       5
       6
       9
       7
       5
       9
       7
       9
       8
       6
       5
       9
       9
       4
       6
       7
       6
      13
      33
      34
      36
      34
      23
      13
       6
       4
       7
       5
       5
      10
       7
       6
       8
       7
       6
      16
      20
      21
      18
      18
      18
      27
      64
     141
     263
     355
     272
     149
      37
      15
       7
       4
       0
       7
       6
       8
       7
       9
      20
      14
       7
      10
       8
      11
       5
      10
       6
       3
       4
       1
       4
       5
       5
       8
       6
       5
       8
       5
      14
      12
      12
      10
       6
       7
      10
       7
       7
       7
       6
       4
       6
       4
       5
       4
       7
       5
       6
       4
       3
       7
       6
       6
       2
       6
       7
       8
       4
       9
       8
       4
       5
       9
       3
       4
       7
       7
       4
       7
       6
       9
       7
      10
      11
       4
      12
       9
      14
      23
      47
      88
     154
     188
     175
      81
      23
      12
      13
      11
      18
      16
       4
      10
       3
       3
       8
       5
       6
       8
       4
       4
       9
       3
       7
       2
       6
       4
       3
       7
       7
       2
       6
       2
       2
       3
       3
       4
       7
       3
       2
       3
       5
       2
       4
       4
       5
       7
       3
       8
       5
       3
       5
       3
       4
       8
       4
       1
       2
      10
       4
       4
       9
       2
      10
      12
       6
      10
       7
      32
      51
      86
      87
      72
      38
      14
       9
       6
       3
       5
       5
       4
      11
       1
       4
       9
       5
       2
       1
       6
       7
       9
       5
       3
       2
       4
       6
       4
       9
       6
       6
       7
       8
       3
       5
       5
       7
       4
       6
       8
       8
      10
      13
       6
       5
       6
       5
       5
       2
       4
       4
       2
       3
       6
       3
       2
       5
       6
       5
       9
       7
      10
       5
       8
       4
       6
       5
       8
       6
       5
       3
       3
       8
       0
       5
       2
       3
       8
       6
       2
       7
       3
       3
       5
       6
       4
       4
       3
       5
       4
       5
       3
       4
       4
       4
       4
       0
       3
       5
       7
       6
       6
       4
       6
       6
       2
       3
       5
       4
       8
       2
       6
       8
       5
       2
       5
       4
       9
       9
      19
      21
      10
      12
       1
      10
       7
       3
       5
       4
       6
       4
       5
       5
       1
       3
       4
       2
       3
       0
       2
       3
       5
       2
       6
       6
       5
       3
       0
       6
       6
       5
       5
       4
       0
       6
       7
       0
       7
       7
       6
       7
       4
       2
       4
       2
       3
       4
       3
       3
       2
       3
       3
       1
       2
       4
       5
       9
       4
       3
       6
       7
       5
       1
       1
       1
       8
       1
       7
       3
       2
       3
       2
       3
       3
       4
       2
       4
       3
       1
       5
       3
       3
       6
       8
       2
       3
       3
       1
       3
       4
       6
       2
       4
       1
       3
       3
       5
       2
       1
       4
       3
       1
       1
       5
       3
       1
       4
       1
       2
       1
       4
       1
       1
       1
       1
       1
       4
       2
       2
       2
       3
       5
       3
       3
       3
       4
       4
       2
       5
       6
       3
       5
       2
       4
       1
       1
       0
       2
       2
       4
       1
       6
       3
       1
       1
       3
       3
       6
       3
       2
       3
       0
       3
       2
       3
       2
       5
       1
       6
       2
       4
       3
       3
       0
       1
       6
       3
       1
       3
       2
       2
       4
       3
       2
       3
       8
       5
       2
       1
       4
       2
       1
       0
       1
       4
       5
       4
       0
       1
       4
       2
       2
       2
       0
       3
       4
       2
       3
       6
       5
       2
       4
       2
       3
       2
       3
       1
       2
       5
       0
       0
       5
       1
       2
       2
       2
       0
       1
       2
       3
       1
       3
       3
       1
       0
       1
       1
       5
       0
       3
       0
       3
       4
       2
       2
       6
       3
       4
       3
       1
       1
       4
       2
       4
       2
       2
       2
       7
       1
       1
       1
       1
       1
       1
       2
       3
       2
       1
       5
       4
       0
       4
       0
       0
       1
       3
       1
       3
       4
       0
       1
       3
       3
       3
       0
       2
       4
       5
       1
       3
       1
       1
       1
       2
       2
       1
       1
       3
       3
       0
       5
       2
       2
       4
       0
       3
       2
       3
       1
       1
       2
       1
       0
       4
       1
       0
       6
       3
       3
       2
       0
       2
       2
       2
       5
       1
       4
       2
       3
       2
       1
       2
       2
       2
       4
       1
       4
       4
       1
       1
       2
       0
       4
       2
       3
       1
       1
       1
       4
       0
       2
       1
       3
       2
       2
       4
       0
       6
       9
       4
       5
       3
       2
       2
       2
       1
       0
       3
       1
       5
       3
       4
       2
       1
       3
       2
      11
       8
      23
      28
      29
      21
      16
       5
       3
       3
       1
       2
       1
       3
       1
       5
       6
       2
       3
       3
       5
       2
       0
       1
       1
       1
       4
       2
       3
       1
       4
       0
       3
       2
       1
       0
       2
       1
       3
       3
       1
       1
       4
       3
       3
       5
       9
       6
      10
       8
      13
       9
       6
       4
       6
       3
       1
       2
       3
       3
       2
       1
       2
       3
       5
       2
       4
       2
       7
      12
      17
      34
      32
      37
      31
      10
       7
       2
       0
       2
       3
       3
       2
       3
       2
       2
       0
       1
       1
       1
       3
       2
       1
       2
       1
       2
       1
       0
       2
       0
       2
       2
       3
       6
       3
       3
       2
       0
       0
       0
       2
       3
       3
       2
       1
       1
       1
       2
       0
       0
       1
       2
       1
       2
       1
       1
       2
       1
       4
       0
       5
       3
       7
       7
       8
       0
       2
       3
       3
       0
       2
       1
       2
       0
       3
       3
       1
       4
       2
       1
       3
       2
       0
       4
       3
       2
       1
       4
       2
       2
       2
       0
       2
       2
       2
       3
       2
       5
       5
       4
       9
       1
       6
       1
       2
       5
       3
       1
       2
       1
       0
       0
       4
       5
       2
       2
       0
       3
       4
       1
       3
       2
       4
       3
       2
       0
       1
       2
       1
       4
       4
       1
       2
       2
       0
       0
       1
       0
       0
       1
       2
       1
       3
       4
       1
       0
       4
       2
       4
       4
       1
       2
       1
       4
       1
       1
       0
       0
       4
       1
       0
       0
       1
       2
       0
       1
       4
       2
       3
       0
       0
       3
       2
       3
       0
       0
       1
       2
       2
       3
       1
       0
       2
       2
       0
       2
       5
       3
       2
       1
       1
       1
       1
       1
       1
       0
       2
       5
       0
       2
       1
       2
       3
       1
       1
       1
       4
       1
       6
       0
       4
       2
       3
       4
       4
       3
       3
       2
       5
       4
       3
       3
       1
       1
       1
       2
       3
       5
       5
       1
       6
       7
       3
       3
       5
       4
       2
       4
       1
       1
       1
       3
       0
       4
       2
       0
       4
       2
       2
       2
       3
       3
       1
       3
       2
       1
       2
       1
       1
       2
       1
       0
       1
       3
       3
       1
       1
       2
       2
       1
       7
       1
       2
       3
       2
       1
       0
       2
       1
       3
       0
       1
       0
       2
       0
       2
       4
       4
       3
       3
       1
       2
       1
       3
       2
       3
       2
       2
       4
       2
       3
       2
       3
       2
       2
       2
       2
       2
       2
       0
       1
       1
       4
       5
       0
       2
       5
       2
       4
       1
       2
       3
       3
       1
       1
       1
       3
       3
       2
       0
       1
       3
       1
       0
       6
       5
       3
       0
       3
       1
       1
       3
       5
       2
       3
       2
       0
       1
       3
       1
       5
       2
       2
       4
       0
       1
       1
       1
       0
       2
       2
       3
       1
       0
       1
       1
       2
       0
       4
       3
       0
       2
       1
       5
       1
       0
       2
       1
       0
       0
       0
       0
       2
       2
       3
       1
       1
       3
       1
       3
       2
       1
       2
       1
       3
       3
       2
       1
       0
       2
       2
       1
       0
       0
       2
       1
       2
       1
       3
       2
       4
       2
       1
       0
       3
       4
       1
       5
       1
       1
       1
       2
       3
       0
       1
       0
       0
       0
       3
       2
       3
       2
       1
       0
       2
       0
       3
       2
       1
       0
       2
       3
       2
       1
       0
       0
       1
       1
       0
       0
       1
       1
       0
       1
       0
       1
       1
       1
       1
       0
       2
       0
       4
       0
       1
       1
       4
       2
       2
       0
       1
       4
       3
       1
       1
       2
       2
       2
       0
       2
       1
       3
       1
       1
       0
       2
       1
       1
       2
       0
       1
       0
       1
       0
       1
       1
       1
       1
       2
       1
       1
       2
       2
       0
       1
       2
       0
       2
       3
       2
       5
       0
       1
       1
       1
       0
       0
       2
       1
       0
       2
       1
       1
       0
       0
       3
       2
       2
       1
       1
       1
       2
       0
       0
       1
       1
       1
       0
       2
       0
       1
       1
       2
       1
       0
       2
       1
       0
       3
       0
       0
       2
       1
       1
       2
       3
       4
       2
       1
       0
       2
       1
       1
       2
       1
       1
       1
       6
       4
       7
       3
       2
       1
       1
       1
       0
       2
       1
       0
       1
       0
       3
       0
       0
       0
       2
       0
       3
       0
       1
       1
       1
       0
       0
       1
       1
       1
       1
       0
       1
       2
       0
       1
       0
       1
       2
       1
       2
       0
       1
       0
       1
       1
       0
       0
       0
       1
       0
       1
       1
       0
       1
       1
       1
       1
       2
       2
       0
       0
       2
       1
       3
       0
       0
       2
       1
       4
       1
       1
       1
       0
       1
       0
       1
       0
       0
       1
       0
       1
       0
       1
       0
       0
       3
       0
       0
       0
       0
       0
       0
       2
       1
       0
       0
       1
       0
       1
       2
       1
       0
       0
       0
       0
       2
       2
       0
       0
       0
       0
       1
       0
       0
       0
       0
       0
       1
       0
       1
       0
       1
       0
       2
       0
       0
       4
       2
       3
       0
       0
       0
       3
       2
       0
       1
       0
       0
       1
       0
       0
       0
       1
       1
       0
       0
       0
       0
       1
       0
       0
       0
       0
       0
       0
       0
       2
       0
       0
       1
       1
       2
       0
       0
       1
       0
       1
       1
       0
       2
       0
       0
       0
       1
       0
       0
       1
       0
       0
       0
       0
       1
       1
       0
       1
       7
       3
       5
       1
       2
       4
       0
       0
       0
       1
       0
       0
       0
       0
       1
       0
       0
       0
       0
       0
       1
       1
       0
       0
       0
       1
       3
       0
       0
       0
       0
       0
       1
       0
       0
       2
       1
       0
       2
       0
       0
       0
       1
       1
       0
       1
       0
       0
       2
       0
       2
       0
       1
       1
       0
       3
       0
       0
       0
       1
       1
       1
       2
       1
       3
       1
       1
       7
       3
       9
      15
      25
      39
      52
      44
      48
      18
      13
       8
       1
       0
       1
       0
       0
       0
       1
       0
       0
       0
       1
       1
       0
       1
       0
       0
       0
       0
       1
       0
       0
       0
       0
       0
       0
       1
       0
       0
       0
       0
       0
       0
       0
       1
       0
       0
       0
       2
       0
       0
       0
       0
       0
       0
       0
       0
       0
       0
       0
       1
       0
       0
       0
       0
       0
       1
       1
       0
       0
       0
       0
       1
       0
       1
       0
       1
       0
       0
       0
       0
       0
       0
       0
       0
       0
       0
       0
       0
       0
       0
       0
       0
       2
       0
       0
       0
       1
       0
       0
       0
       0
       0
       0
       0
       0
       0
       0
       1
       0
       0
       1
       0
       0
       0
       1
       0
       1
       1
       0
       0
       0
       0
       1
       0
       0
       0
       0
       0
       0
       0
       1
       1
       0
       0
       0
       1
       0
       0
       0
       0
       2
       0
       0
       1
       0
       1
       0
       1
       1
       0
       0
       1
       1
       1
       0
       0
       0
       0
       0
       0
       0
       0
       0
       0
       0
       0
       1
       1
       0
       0
       0
       0
       0
       0
       0
       0
       2
       1
       0
       0
       0
       0
       0
       1
       0
       0
       1
       0
       1
       0
       2
       0
       0
       0
       0
       0
       0
       0
       1
       0
       0
       0
       1
       0
       0
       1
       1
       0
       0
       1
       0
       0
       1
       0
       0
       0
       1
       2
       0
       0
       0
       0
       0
       0
       0
       0
       2
       0
       1
       0
       1
       0
       0
       0
       0
       0
       0
       0
       0
       2
       0
       0
       0
       0
       0
       0
       0
       0
       0
       0
       0
       0
       1
       0
       0
       0
       0
       1
       0
       0
       1
       0
       0
       1
       0
       0
       0
       0
       0
       0
       0
       1
       0
       0
       0
       0
       0
       0
       0
       0
       0
       0
       0
       1
       0
       0
       0
       0
       0
       0
       0
       0
       0
       0
       0
       0
       1
       0
       0
       1
       0
       0
       0
       0
       1
       0
       0
       1
       1
       0
       1
       0
       0
       0
       1
       0
       0
       1
       0
       0
       2
       0
       0
       1
       0
       1
       2
       1
       0
       0
       1
       0
       0
       1
       1
       2
       1
       0
       0
       0
       0
       0
       0
       2
       2
       3
       3
       6
       1
       3
       0
       0
       0
       0
       0
       0
       1
       0
       0
       0
       0
       0
       0
       0
       0
       0
       0
       0
       0
       0
       0
       1
       0
       0
       0
       0
       1
       0
       0
       0
       1
       0
       0
       1
       0
       0
       2
       0
       0
       1
       0
       0
       0
       0
       0
       0
       1
       0
       1
       0
       0
       0
       0
       0
       0
       1
       0
       0
       2
       0
       0
       2
       0
       0
       0
       0
       0
       0
       0
       0
       0
       1
       1
       0
       0
       0
       0
       0
       0
       0
       0
       0
       0
       0
       0
       0
       0
       0
       0
       0
       0
       0
       0
       0
       0
       0
       0
       0
       0
       0
       1
       0
       1
       0
       1
       1
       0
       0
       0
       1
       0
       0
       0
       0
       0
       0
       0
       0
       0
       0
       0
       0
       0
       1
       0
       0
       0
       0
       0
       0
       1
       0
       1
       0
       0
       0
       0
       0
       1
       0
       0
       1
       0
       0
       0
       0
       0
       0
       0
       0
       0
       0
       0
       1
       0
       0
       0
       0
       0
       0
       0
       0
       0
       0
       0
       0
       0
       1
       1
       0
       1
       0
       0
       0
       0
       0
       0
       0
       0
       0
       2
       0
       0
       0
       0
       0
       0
       0
       0
       0
       0
       0
       0
       0
       0
       0
       1
       1
       0
       1
       0
       0
       0
       1
       0
       0
       0
       0
       0
       0
       0
       0
       0
       0
       0
       0
       0
       1
       0
       0
       0
       0
       0
       2
       0
       1
       0
       0
       1
       1
       0
       0
       0
       0
       0
       0
       0
       0
       0
       0
       0
       0
       0
       0
       0
       0
       0
       1
       0
       0
       0
       0
       0
       0
       0
       0
       0
       1
       1
       2
       0
       0
       1
       0
       0
       0
       0
       1
       1
       0
       0
       0
       0
       0
       0
       0
       0
       0
       0
       0
       0
       0
       0
       0
       0
       0
       0
       0
       0
       1
       0
       0
       0
       0
       0
       0
       1
       0
       0
       0
       0
       1
       0
       1
       1
       0
       0
       0
       0
       1
       0
       0
       0
       0
       0
       0
       0
       0
       0
       0
       0
       0
       0
       0
       0
       0
       0
       0
       0
       0
       0
       0
       0
       0
       1
       0
       0
       1
       0
       0
       0
       0
       1
       1
       0
       0
       0
       0
       1
       0
       0
       0
       1
       0
       0
       0
       1
       0
       0
       0
       1
       0
       0
       0
       0
       1
       0
       0
       0
       1
       0
       0
       0
       0
       0
       1
       0
       0
       0
       0
       0
       0
       0
       0
       0
       0
       0
       0
       0
       0
       0
       0
       0
       1
       1
       0
       0
       1
       1
       0
       0
       0
       0
       0
       0
       0
       0
       0
       0
       0
       0
       0
       0
       0
       1
       1
       0
       0
       0
       0
       0
       0
       1
       0
       0
       0
       0
       0
       0
       0
       0
       0
       1
       0
       1
       0
       0
       0
       1
       1
       0
       0
       0
       0
       0
       0
       0
       1
       0
       0
       0
       0
       0
       1
       1
       0
       0
       0
       0
       1
       0
       0
       0
       0
       0
       0
       0
       0
       0
       0
       0
       0
       0
       0
       1
       0
       0
       0
       0
       0
       0
       1
       0
       0
       0
       0
       0
       0
       0
       0
       0
       0
       0
       0
       0
       1
       0
       0
       0
       0
       0
       2
       1
       0
       0
       0
       1
       0
       0
       0
       0
       0
       0
       0
       0
       1
       0
       0
       0
       1
       1
       0
       1
       0
       0
       1
       0
       0
       1
       0
       0
       0
       0
       1
       0
       0
       0
       1
       0
       0
       0
       1
       1
       0
       0
       0
       0
       0
       0
       0
       0
       0
       0
       0
       0
       0
       0
       0
$ROI:
0
$PRESETS:
None
0
0
$ENER_FIT:
-0.17 0.50021
$MCA_CAL:
3
-0.17000 0.50021 0.00 keV
$SHAPE_CAL:
3
-0.898383546091 8.9526342793 -25.115346611
$META:
{'istp': ['133CEm', '133CEg', '133LA', '132CE', '132LA', '139CE', '137CEg', '137CEm', '137LA', '135CE', '135LA', '134LA', '132CS', '7BE', '133BAm', '133BAg'], 'res': 0.05, 'R': 0.2, 'unc_eff': [[0.028787930103945265, -0.2942980340858346, 0.7442515342308331], [-0.29429803408583455, 3.022016856655637, -7.675333967462559], [0.7442515342308331, -7.675333967462559, 19.577835672186247]], 'alpha': 0.9}
