$SPEC_ID:
No sample description was entered.
$SPEC_REM:
DET# 9480
DETDESC# HPGE
AP# Maestro Version 7.01
$DATE_MEA:
10/17/2018 08:47:54
$MEAS_TIM:
1800 1800
$DATA:
0 4095
     300
     300
       0
       0
       0
       0
       0
       0
       0
       0
       0
       0
       0
       0
       0
       0
       0
       0
       0
       0
       0
       0
       0
       0
       0
       0
       0
       0
       0
       0
       0
       0
       0
       0
       0
       0
       0
       0
       0
       0
       0
       0
       0
       0
       0
       0
       0
       0
       0
       0
       0
       0
       0
       0
       0
       0
       0
       0
       0
       0
       0
       0
       0
       0
       0
       0
       0
       0
       0
       0
       0
       0
       0
       0
       0
       0
       0
       0
       0
       0
       0
       0
       0
       0
      59
     182
     181
     194
     222
     207
     221
     191
     172
     214
     200
     196
     221
     183
     213
     173
     177
     188
     182
     184
     175
     192
     147
     202
     180
     191
     213
     188
     203
     187
     200
     190
     189
     189
     161
     195
     166
     188
     176
     164
     192
     180
     190
     172
     174
     189
     206
     180
     172
     196
     174
     168
     182
     177
     182
     198
     176
     193
     201
     166
     232
     203
     205
     209
     174
     203
     252
     238
     188
     187
     189
     215
     190
     197
     202
     200
     214
     181
     205
     209
     217
     200
     212
     218
     222
     235
     219
     202
     211
     243
     263
     268
     236
     256
     294
     222
     220
     214
     222
     194
     251
     225
     221
     232
     243
     214
     231
     211
     209
     210
     212
     225
     229
     241
     224
     237
     253
     251
     257
     238
     277
     220
     239
     251
     235
     263
     265
     262
     254
     269
     285
     245
     270
     279
     291
     266
     306
     321
     240
     299
     288
     288
     296
     260
     279
     304
     282
     272
     291
     298
     302
     308
     341
     313
     321
     432
     431
     357
     298
     303
     289
     304
     321
     317
     315
     308
     323
     307
     338
     281
     301
     319
     322
     316
     301
     289
     375
     312
     342
     347
     312
     324
     342
     344
     341
     319
     333
     366
     341
     306
     291
     299
     322
     316
     337
     343
     319
     322
     314
     310
     289
     288
     298
     307
     292
     296
     299
     251
     277
     283
     262
     271
     273
     263
     258
     258
     258
     264
     276
     255
     265
     260
     285
     253
     274
     285
     260
     235
     264
     257
     256
     248
     250
     250
     259
     251
     222
     247
     236
     238
     220
     229
     221
     210
     233
     222
     248
     237
     260
     218
     212
     239
     247
     224
     289
     360
     296
     209
     228
     198
     193
     222
     203
     234
     204
     235
     213
     221
     194
     214
     202
     231
     205
     177
     193
     212
     213
     188
     214
     206
     191
     197
     213
     184
     208
     173
     192
     194
     195
     200
     195
     179
     209
     185
     206
     181
     190
     185
     176
     189
     199
     211
     191
     181
     190
     165
     175
     194
     179
     167
     197
     194
     185
     202
     173
     192
     193
     190
     190
     164
     168
     165
     153
     167
     165
     175
     199
     195
     365
     873
     766
     300
     159
     163
     161
     159
     154
     130
     155
     150
     157
     168
     161
     138
     159
     146
     154
     151
     138
     126
     138
     152
     132
     133
     139
     126
     150
     133
     150
     120
     150
     168
     154
     130
     143
     130
     143
     149
     144
     141
     154
     157
     150
     138
     127
     132
     146
     122
     165
     159
     145
     119
     133
     154
     131
     139
     140
     163
     144
     141
     133
     129
     151
     145
     137
     138
     120
     119
     143
     124
     141
     127
     136
     118
     123
     128
     134
     125
     124
     123
     133
     134
     124
     146
     123
     126
     117
     119
     119
     127
     130
     146
     171
     391
    1446
    2507
    1361
     257
     120
     114
     111
     104
      82
      92
     114
      86
     101
      96
     103
      99
     106
     108
      99
     114
     155
     241
     994
    2745
    2851
     854
     135
     110
     145
     187
     104
      77
      74
      80
      75
      65
      74
      85
      79
      85
      75
      87
      77
     102
     168
     154
      89
      66
      61
      68
      60
      58
      59
      76
      60
      65
      64
      71
      77
      63
      85
      78
      65
      70
      64
      50
      68
      77
      54
      76
      53
      59
      51
      73
      45
      56
      66
      59
      59
      61
      61
      67
      59
      73
      62
      58
      69
      62
      72
     104
     188
     558
    1328
    1373
     449
      68
      68
      59
      63
      55
      55
      55
      72
      53
      54
      51
      52
      50
      42
      59
      59
      49
      54
      57
      57
      50
      39
      49
      51
      45
      67
      51
      47
      39
      43
      63
      56
      63
      49
      46
      62
      42
      52
      52
      39
      53
      43
      40
      38
      49
      63
      44
      42
      50
      49
      42
      56
      45
      65
     113
     151
      91
      47
      47
      56
      38
      35
      62
      49
      51
      42
      39
      44
      36
      41
      43
      50
      45
      53
      56
      40
      39
      51
      41
      52
      42
      59
      57
      50
      46
      30
      41
      34
      35
      45
      36
      48
      54
      44
      46
      35
      42
      33
      50
      36
      41
      46
      36
      37
      48
      42
      55
      39
      41
      43
      36
      40
      27
      34
      36
      44
      46
      43
      37
      40
      32
      47
      30
      42
      44
      38
      32
      36
      31
      30
      36
      40
      36
      46
      31
      41
      49
      49
      49
      33
      39
      42
      38
      45
      40
      43
      37
      41
      49
      41
      30
      43
      40
      39
      36
      60
      67
     118
      84
      48
      28
      39
      41
      27
      25
      34
      35
      32
      47
      38
      35
      55
      55
      58
      43
      45
      32
      32
      39
      38
      33
      39
      48
      25
      42
      37
      32
      38
      52
      46
      33
      48
      45
      48
      34
      37
      38
      50
      43
      36
      32
      44
      44
      38
      31
      33
      36
      34
      33
      31
      35
      25
      41
      41
      31
      30
      31
      35
      32
      44
      40
      36
      33
      27
      24
      26
      30
      33
      41
      37
      32
      42
      29
      37
      38
      33
      50
      29
      34
      36
      39
      27
      33
      30
      25
      31
      28
      24
      29
      27
      23
      30
      30
      25
      23
      23
      20
      37
      22
      33
      31
      26
      43
      47
      42
      35
      25
      23
      22
      45
      58
      54
      33
      25
      29
      28
      25
      19
      31
      19
      16
      29
      26
      34
      23
      24
      27
      24
      27
      47
      97
     225
     213
     120
      50
      30
      31
      24
      27
      22
      26
      23
      20
      28
      21
      26
      28
      20
      20
      20
      21
      23
      24
      22
      15
      19
      30
      26
      28
      18
      25
      23
      18
      16
      26
      18
      23
      16
      16
      19
      23
      24
      28
      22
      27
      33
      21
      18
      22
      16
      20
      25
      20
      22
      24
      31
      21
      26
      19
      19
      18
      31
      44
      28
      38
      24
      27
      53
      59
      61
      41
      31
      36
      67
      62
      86
      36
      31
      39
      41
      90
     134
     150
      58
      20
      13
      16
      14
      17
      14
      14
      23
      23
      23
      21
      18
      29
      23
      18
      17
      24
      23
      23
      21
      14
      18
      17
      14
      21
      10
      16
      22
      20
      16
      19
      15
      26
      19
      18
      22
      23
      22
      20
      14
      28
      25
      31
      36
      34
      33
      47
      35
      32
      19
      15
      16
      22
      22
      25
      25
      35
     106
     232
     397
     372
     158
      37
      15
      24
       8
      15
      16
      21
      14
      17
      20
      14
      14
      17
      16
      14
      16
       9
      24
      17
      12
      23
      20
      17
      18
      16
      13
      28
      13
      14
      18
      18
      12
       9
      20
      12
      14
      11
      11
      10
       5
      10
      15
      18
      13
      14
      16
      11
      19
      10
      16
      14
      13
      30
      28
      31
      21
      25
      15
      15
      18
      22
      13
      14
      12
      17
      12
      20
      22
      15
      14
      11
      11
      16
      16
      17
      14
      13
      11
      21
      17
      17
      17
      18
      12
      20
      12
      18
      23
      22
      22
       7
      27
      20
      14
      16
      29
      21
      25
      16
      12
      24
      15
      21
      64
     111
     206
     278
     177
      64
      22
      18
      16
      21
      38
      80
     125
     143
      59
      25
      10
      13
       6
      11
      13
      17
      20
      10
      23
      10
      14
      10
       8
      15
      14
      12
      11
      15
      12
      15
      14
      11
      11
       8
      10
      14
      10
      18
       8
      17
      16
      17
      14
      13
       5
      18
      11
      10
      12
      21
      11
      16
      14
      16
      15
       9
      16
      18
      15
      35
      59
      73
      91
     105
     190
     376
     419
     295
      98
      20
      10
       6
      12
       9
      10
      10
      19
       5
      16
       9
       5
      16
      14
       8
      11
      13
      13
      19
       8
      11
      10
      12
      10
      12
      11
      14
      16
      15
      14
      11
      10
      12
       8
       8
      12
      12
      10
       8
      10
       9
       9
       8
       9
      11
       7
       9
      13
      13
      12
      11
       8
      10
       6
       6
      18
      11
      11
      11
       5
       5
       8
      10
       9
       5
       8
      11
      10
       9
      12
       6
      14
      15
      12
      14
       7
       6
      12
       6
       8
       6
       8
      10
       8
       2
      14
       4
       8
       5
       6
       8
      10
       6
      11
       9
      10
      17
       2
      10
       9
       8
       4
       9
       4
       8
      12
       7
       4
      11
      14
       9
      14
      21
      38
      67
      77
      54
      15
       8
      11
      15
       7
       4
       9
       8
      10
       6
       8
       5
       4
       8
      12
       6
      10
       5
       9
       8
       9
       8
       9
      10
       6
      10
       5
       8
       9
       7
       6
       6
       9
       9
      10
       8
      17
      11
       6
      12
       6
       1
       4
       9
       5
       9
       5
       5
       3
       3
       9
       7
       7
       5
       3
      10
       4
       4
       2
       6
       7
       6
       6
       9
       6
       5
       8
       3
       8
       3
       8
       7
       9
       3
       6
       8
       2
       8
       6
       4
       9
       6
       5
       6
       5
       6
       3
       8
       8
       4
       7
       9
      10
      10
       6
       7
       2
       4
       4
       5
       5
       7
       8
       7
      16
      15
       9
       7
       1
       3
       5
       6
       5
       2
       4
       3
       4
       2
       3
      10
       6
       9
       9
       3
       4
       4
       3
       3
       5
       4
       4
       7
       3
       5
       6
       9
       3
       6
       2
       6
       1
       4
       5
       9
       3
       6
       6
       0
       4
       4
       2
       6
       6
       4
       1
       0
       3
       3
       5
       7
       2
       6
       4
       2
       1
       5
       9
       6
       7
       9
      12
      11
       3
       4
       0
       6
       4
       3
       6
       6
       1
       4
       5
       4
       6
       5
       5
       8
       6
       6
      16
      13
       9
       3
       9
       5
       2
       3
       6
       1
       5
       5
       5
       2
       3
       4
       3
       5
       2
       4
       6
      11
       8
      11
       6
      10
       6
       4
       2
      10
       7
       8
       7
       4
       4
       6
       5
       9
       9
      15
      26
      51
      90
     150
     160
      89
      40
       9
       4
       2
       1
       3
       5
       2
       5
       2
       2
       3
       1
       2
       4
       3
       3
       8
       5
       2
       1
       3
       2
       3
       0
       3
       2
       6
       1
       6
       1
       2
       3
       2
       3
       3
       4
       7
       2
       7
       6
       3
       3
       5
       5
       2
       2
       6
       3
       4
       4
       4
       7
       6
       4
       3
       4
       6
       8
      16
      20
      32
      39
      32
      13
       5
       2
       2
       2
       2
       3
       3
       2
       2
       3
       1
       2
      10
      10
      13
      13
      13
      11
       7
      14
      42
      69
      64
      49
      39
       8
       1
       2
       0
       4
       2
       4
       3
       4
      13
       2
      11
       6
       5
       4
       0
       3
       2
       0
       2
       0
       2
       3
       2
       3
       4
       4
       5
       2
       3
       3
       3
       4
       6
       7
       4
       3
       3
       4
       1
       1
       2
       5
       2
       4
       2
       5
       3
       2
       4
       3
       3
       2
       3
       4
       1
       2
       2
       2
       3
       2
       1
       4
       3
       3
       4
       2
       0
       3
       3
       1
       3
       4
       1
       5
       7
       7
      13
       2
       3
      19
      23
      33
      50
      38
      13
       8
       2
      10
      10
       4
       9
       1
       2
       3
       1
       2
       3
       5
       2
       0
       1
       2
       1
       2
       4
       2
       5
       2
       1
       4
       2
       2
       4
       3
       1
       1
       3
       0
       1
       5
       3
       2
       1
       2
       6
       1
       2
       5
      10
       0
       2
       1
       1
       1
       4
       2
       0
       4
       0
       2
       1
       3
       9
       2
       6
       2
       3
       3
       5
      13
      18
      18
      17
      16
       6
       3
       2
       3
       0
       1
       5
       1
       2
       3
       4
       4
       4
       0
       2
       3
       3
       8
       0
       5
       3
       6
       2
       6
       4
       7
       1
       2
       5
       2
       4
       1
       8
       7
       3
       9
      11
       8
       2
       4
       2
       3
       2
       3
       1
       2
       3
       2
       0
       4
       1
       3
       0
       3
       3
       1
       1
       4
       2
       0
       2
       2
       4
       3
       1
       2
       3
       1
       0
       2
       2
       2
       4
       1
       2
       1
       1
       2
       1
       3
       1
       0
       1
       2
       2
       4
       2
       2
       3
       2
       4
       1
       1
       2
       0
       2
       1
       3
       4
       4
       1
       5
       5
       2
       9
       0
       2
       3
       3
       3
       3
       6
       1
       3
       5
       2
       7
       1
       3
       1
       4
       4
       1
       4
       4
       0
       1
       2
       2
       1
       2
       2
       2
       2
       1
       1
       0
       0
       4
       4
       2
       0
       2
       0
       4
       1
       3
       1
       2
       3
       0
       1
       4
       4
       2
       1
       3
       5
       2
       4
       1
       0
       0
       1
       2
       2
       0
       2
       3
       2
       1
       2
       1
       1
       2
       0
       2
       3
       2
       2
       2
       1
       1
       1
       1
       2
       3
       2
       4
       2
       3
       4
       2
       1
       1
       3
       3
       3
       3
       2
       2
       2
       2
       3
       1
       0
       3
       2
       1
       1
       4
       0
       1
       1
       3
       5
       2
       0
       2
       1
       2
       1
       0
       0
       1
       3
       2
       1
       5
       1
       2
       1
       3
       2
       0
       2
       1
       3
       2
       4
       2
       0
       3
       1
       3
       5
       1
       3
       0
       0
       0
       2
       2
       2
       1
       3
       3
       0
       3
       2
       1
       2
       5
       0
       1
       4
       3
       4
       1
       3
       2
       0
       2
       1
       2
       0
       1
       1
       0
       1
       1
       3
       3
       2
       3
       1
       0
       3
       0
       2
       3
       4
       1
       2
       4
       1
       1
       3
       3
       4
       0
       1
       2
       1
       3
       1
       1
       2
       1
       1
       2
       2
       2
       1
       1
       1
       4
       0
       1
       3
       1
       0
       2
       1
       0
       2
       2
       1
       2
       2
       1
       1
       0
       1
       1
       3
       1
       2
       0
       3
       1
       1
       1
       1
       2
       2
       2
       1
       0
       1
       1
       0
       4
       5
       2
       3
       5
       5
       4
       1
       2
       1
       0
       2
       0
       0
       3
       2
       3
       2
       2
       0
       2
       1
       5
       1
       4
       1
       0
       1
       2
       1
       2
       0
       0
       1
       1
       2
       1
       1
       4
       4
       0
       3
       3
       3
       3
       1
       3
       2
       4
       1
       0
       2
       2
       2
       3
       1
       2
       1
       2
       3
       1
       0
       2
       2
       2
       3
       1
       1
       0
       2
       0
       2
       1
       2
       3
       1
       4
       1
       2
       1
       3
       1
       1
       2
       2
       2
       3
       0
       3
       3
       5
       0
       1
       5
       1
       0
       2
       1
       2
       1
       0
       1
       1
       3
       5
       0
       0
       2
       1
       3
       1
       1
       5
       1
       1
       0
       1
       3
       1
       1
       1
       0
       2
       3
       2
       1
       4
       2
       3
       1
       3
      11
      11
      10
       2
       2
       3
       2
       0
       3
       2
       1
       2
       0
       2
       0
       1
       1
       2
       1
       2
       0
       4
       2
       1
       0
       4
       0
       2
       0
       1
       1
       2
       1
       1
       1
       3
       2
       2
       2
       0
       1
       2
       3
       1
       1
       2
       8
       2
       4
       3
       3
       4
       3
       5
       1
       0
       2
       1
       3
       3
       0
       2
       1
       2
       1
       1
       7
       6
       4
       9
       8
       9
       4
       0
       3
       3
       0
       1
       2
       3
       0
       2
       2
       0
       1
       2
       1
       0
       3
       1
       3
       0
       2
       0
       1
       1
       1
       1
       1
       3
       3
       2
       2
       0
       2
       1
       4
       3
       3
       0
       1
       0
       2
       2
       0
       2
       3
       4
       1
       2
       4
       1
       1
       0
       1
       1
       1
       3
       4
       1
       4
       2
       1
       0
       2
       2
       0
       2
       7
       1
       2
       3
       1
       1
       4
       3
       4
       1
       0
       0
       2
       3
       1
       2
       0
       0
       2
       0
       1
       3
       3
       2
       1
       0
       1
       2
       0
       4
       2
       4
       1
       2
       3
       3
       0
       1
       2
       3
       3
       1
       1
       2
       1
       2
       3
       2
       1
       0
       2
       1
       3
       3
       1
       2
       1
       2
       1
       1
       1
       1
       3
       4
       1
       1
       2
       1
       2
       1
       5
       2
       2
       2
       3
       0
       5
       1
       5
       1
       3
       3
       2
       0
       4
       3
       1
       3
       0
       3
       3
       1
       2
       1
       2
       0
       2
       2
       2
       1
       1
       0
       2
       0
       0
       1
       1
       0
       0
       3
       1
       3
       3
       1
       1
       1
       0
       2
       3
       2
       1
       1
       3
       2
       1
       2
       0
       0
       6
       1
       0
       1
       3
       3
       1
       2
       2
       1
       3
       0
       0
       0
       2
       2
       0
       1
       0
       0
       1
       2
       1
       1
       4
       2
       2
       1
       2
       1
       2
       1
       3
       1
       1
       0
       5
       1
       0
       0
       2
       0
       0
       2
       1
       2
       0
       2
       2
       2
       4
       2
       1
       1
       0
       2
       2
       3
       1
       1
       1
       0
       1
       0
       1
       0
       3
       1
       2
       4
       0
       3
       1
       1
       0
       3
       3
       2
       1
       3
       1
       1
       1
       4
       1
       1
       0
       0
       4
       2
       2
       3
       1
       3
       2
       2
       4
       1
       2
       0
       4
       1
       2
       0
       2
       0
       1
       2
       0
       1
       1
       2
       0
       0
       2
       2
       5
       3
       2
       1
       3
       1
       2
       0
       3
       0
       2
       2
       4
       2
       2
       0
       3
       1
       3
       0
       3
       3
       0
       1
       1
       4
       1
       0
       3
       1
       1
       1
       0
       3
       2
       2
       1
       1
       2
       2
       5
       4
       2
       4
       2
       1
       1
       5
       1
       1
       1
       5
       0
       1
       2
       2
       0
       5
       1
       3
       0
       1
       4
       2
       2
       2
       2
       1
       1
       6
       1
       1
       1
       2
       3
       1
       1
       0
       1
       1
       3
       2
       0
       1
       1
       0
       2
       2
       1
       2
       0
       1
       4
       1
       0
       0
       1
       2
       0
       2
       1
       3
       3
       0
       0
       1
       2
       1
       2
       0
       4
       1
       0
       1
       2
       1
       0
       0
       1
       2
       2
       0
       0
       0
       0
       1
       2
       1
       1
       1
       1
       1
       2
       0
       2
       1
       3
       2
       0
       3
       3
       1
       0
       0
       2
       0
       2
       1
       1
       3
       0
       0
       2
       0
       2
       0
       0
       0
       0
       1
       1
       1
       1
       0
       1
       2
       0
       1
       0
       0
       2
       2
       1
       0
       0
       0
       0
       2
       3
       0
       0
       1
       3
       4
       1
       2
       0
       0
       1
       2
       0
       0
       0
       0
       0
       2
       2
       0
       1
       1
       1
       2
       1
       0
       2
       1
       1
       1
       2
       0
       0
       0
       1
       0
       2
       3
       0
       0
       1
       1
       1
       0
       0
       2
       2
       1
       1
       1
       1
       1
       1
       1
       1
       2
       0
       1
       2
       2
       1
       1
       2
       2
       1
       2
       3
       6
       1
       0
       1
       1
       0
       1
       2
       3
       1
       1
       1
       0
       0
       2
       0
       0
       0
       1
       0
       0
       1
       2
       0
       1
       0
       0
       1
       0
       1
       0
       2
       1
       0
       0
       0
       0
       0
       0
       1
       0
       1
       0
       0
       2
       0
       0
       2
       0
       0
       0
       0
       1
       0
       0
       2
       0
       0
       0
       0
       0
       0
       0
       1
       2
       0
       1
       0
       1
       2
       0
       0
       2
       0
       0
       0
       0
       2
       1
       2
       0
       0
       0
       0
       2
       0
       0
       0
       0
       1
       0
       0
       0
       0
       0
       1
       0
       0
       0
       1
       0
       0
       0
       0
       1
       0
       0
       0
       0
       0
       1
       0
       0
       2
       1
       0
       0
       0
       0
       1
       0
       0
       0
       1
       0
       0
       1
       1
       1
       0
       0
       0
       1
       0
       0
       1
       0
       1
       0
       1
       0
       1
       1
       0
       0
       0
       0
       0
       1
       1
       1
       0
       0
       0
       1
       0
       0
       0
       0
       1
       0
       0
       2
       0
       0
       0
       1
       0
       1
       0
       0
       0
       0
       0
       1
       0
       1
       0
       0
       1
       0
       1
       0
       0
       1
       0
       0
       0
       0
       0
       0
       1
       0
       2
       0
       1
       1
       0
       1
       1
       0
       2
       0
       2
       0
       2
       0
       1
       1
       0
       0
       2
       0
       0
       0
       0
       0
       0
       1
       1
       0
       0
       0
       0
       0
       0
       1
       1
       1
       1
       0
       3
       1
       0
       0
       0
       0
       2
       0
       0
       0
       1
       0
       1
       0
       0
       1
       1
       1
       0
       0
       1
       1
       0
       0
       0
       0
       1
       0
       3
       3
       6
      10
       8
      17
      27
      37
      44
      32
      43
      30
      12
       4
       1
       2
       1
       0
       0
       0
       0
       0
       2
       0
       0
       1
       0
       0
       0
       0
       0
       1
       0
       0
       0
       0
       0
       0
       0
       0
       0
       0
       0
       1
       0
       0
       0
       0
       0
       0
       0
       1
       0
       1
       1
       0
       0
       1
       1
       1
       0
       1
       0
       0
       0
       0
       0
       2
       0
       0
       0
       0
       0
       0
       0
       0
       0
       1
       0
       0
       1
       0
       0
       0
       0
       0
       0
       0
       0
       0
       0
       1
       1
       0
       0
       1
       0
       0
       0
       0
       0
       0
       0
       1
       0
       0
       0
       0
       0
       0
       0
       0
       0
       1
       1
       0
       0
       0
       0
       0
       0
       0
       1
       0
       0
       0
       0
       1
       0
       0
       1
       0
       0
       0
       0
       0
       0
       0
       0
       0
       0
       0
       0
       0
       0
       0
       0
       0
       0
       0
       0
       1
       0
       0
       0
       0
       0
       0
       0
       0
       0
       0
       0
       0
       0
       1
       1
       0
       0
       0
       0
       0
       0
       0
       0
       0
       1
       0
       0
       0
       0
       0
       0
       0
       0
       0
       0
       0
       1
       0
       1
       0
       0
       0
       0
       0
       0
       0
       0
       0
       1
       0
       0
       0
       0
       0
       1
       0
       0
       0
       0
       0
       0
       0
       0
       0
       0
       0
       0
       0
       0
       1
       0
       0
       0
       0
       0
       0
       1
       0
       0
       1
       0
       0
       0
       0
       0
       0
       0
       0
       0
       1
       0
       0
       0
       0
       0
       0
       0
       0
       0
       1
       0
       0
       0
       0
       1
       0
       0
       0
       1
       0
       0
       0
       0
       0
       0
       0
       0
       0
       1
       1
       0
       0
       0
       1
       0
       0
       0
       0
       0
       0
       0
       0
       0
       0
       0
       0
       1
       0
       0
       0
       0
       0
       0
       0
       0
       0
       0
       0
       0
       2
       0
       0
       0
       0
       0
       0
       0
       0
       1
       0
       0
       0
       0
       0
       0
       0
       0
       0
       0
       1
       0
       1
       0
       0
       1
       0
       0
       0
       0
       0
       0
       0
       0
       0
       0
       0
       0
       0
       2
       0
       0
       2
       0
       0
       0
       0
       0
       0
       1
       2
       0
       1
       0
       0
       0
       1
       2
       1
       0
       0
       1
       0
       0
       0
       0
       0
       0
       0
       0
       0
       1
       0
       0
       0
       0
       0
       0
       0
       0
       0
       0
       1
       0
       0
       0
       0
       0
       0
       0
       1
       0
       0
       0
       0
       3
       0
       0
       0
       0
       1
       1
       0
       0
       0
       0
       0
       0
       0
       0
       0
       1
       0
       0
       0
       0
       0
       1
       0
       0
       0
       0
       0
       0
       0
       0
       1
       0
       0
       1
       1
       0
       1
       0
       0
       0
       0
       0
       0
       0
       0
       0
       0
       0
       0
       0
       0
       0
       0
       0
       1
       0
       0
       0
       1
       0
       0
       0
       0
       0
       0
       0
       0
       1
       0
       0
       0
       0
       0
       0
       0
       2
       0
       0
       0
       0
       0
       0
       0
       0
       0
       0
       0
       0
       0
       0
       0
       0
       2
       0
       0
       0
       0
       1
       0
       0
       0
       1
       0
       0
       0
       0
       0
       0
       0
       0
       0
       0
       0
       1
       1
       1
       0
       1
       0
       1
       0
       0
       2
       0
       1
       0
       0
       0
       0
       1
       0
       1
       0
       0
       0
       0
       0
       0
       0
       0
       2
       0
       0
       0
       1
       0
       0
       0
       1
       0
       0
       0
       0
       0
       0
       0
       0
       1
       0
       0
       0
       0
       1
       0
       0
       0
       0
       0
       0
       0
       0
       0
       1
       0
       0
       0
       0
       0
       0
       0
       1
       1
       0
       0
       0
       0
       0
       0
       0
       0
       0
       0
       0
       0
       0
       0
       0
       0
       0
       0
       0
       0
       0
       0
       0
       0
       0
       0
       0
       0
       0
       0
       0
       0
       0
       0
       0
       0
       0
       0
       0
       0
       0
       0
       0
       0
       0
       0
       0
       0
       1
       0
       1
       0
       0
       0
       0
       0
       0
       0
       0
       0
       0
       0
       0
       0
       0
       0
       1
       0
       0
       1
       0
       0
       0
       0
       0
       0
       0
       0
       1
       1
       0
       1
       0
       0
       0
       0
       0
       0
       0
       1
       1
       0
       0
       0
       0
       1
       0
       2
       0
       0
       0
       0
       0
       0
       0
       0
       0
       0
       0
       1
       1
       0
       0
       0
       0
       0
       0
       0
       0
       0
       0
       0
       0
       0
       1
       1
       0
       0
       1
       1
       0
       0
       0
       0
       0
       0
       0
       0
       0
       0
       2
       0
       0
       0
       0
       0
       0
       0
       0
       0
       0
       0
       0
       0
       0
       1
       0
       0
       0
       0
       0
       0
       2
       0
       0
       0
       1
       0
       0
       0
       0
       0
       0
       0
       0
       0
       1
       0
       0
       0
       0
       0
       0
       0
       0
       0
       0
       0
       1
       0
       0
       1
       0
       0
       0
       0
       0
       0
       0
       0
       0
       1
       0
       1
       1
       0
       0
       0
       0
       0
       0
       0
       0
       0
       0
       0
       0
       0
       0
       0
       1
       0
       0
       0
       0
       0
       0
       0
       0
       1
       0
       0
       0
       0
       0
       1
       0
       0
       0
       0
       0
       0
       0
       0
       0
       0
       0
       0
       0
       1
       0
       0
       0
       0
       1
       0
       1
       0
       0
       0
       0
       0
       0
       0
       0
       0
       2
       0
       0
       1
       0
       0
       0
       0
       0
       0
       0
       0
       0
       0
       0
       0
       0
       0
       0
       1
       0
       0
       0
       0
       0
       1
       0
       0
       0
       0
       0
       0
       0
       0
       0
       0
       0
       0
       0
       0
       0
       0
       0
       1
       0
       1
       0
       0
       0
       0
       0
       1
       0
       0
       0
       0
       0
       0
       0
       0
       0
       1
       0
       1
       0
       0
       0
$ROI:
0
$PRESETS:
None
0
0
$ENER_FIT:
-0.17 0.50021
$MCA_CAL:
3
-0.17000 0.50021 0.00 keV
$SHAPE_CAL:
3
-0.898383546091 8.9526342793 -25.115346611
$META:
{'istp': ['133CEm', '133CEg', '133LA', '132CE', '132LA', '139CE', '137CEg', '137CEm', '137LA', '135CE', '135LA', '134LA', '132CS', '7BE', '133BAm', '133BAg'], 'res': 0.05, 'R': 0.2, 'unc_eff': [[0.028787930103945265, -0.2942980340858346, 0.7442515342308331], [-0.29429803408583455, 3.022016856655637, -7.675333967462559], [0.7442515342308331, -7.675333967462559, 19.577835672186247]], 'alpha': 0.9}
