$SPEC_ID:
No sample description was entered.
$SPEC_REM:
DET# 9480
DETDESC# HPGE
AP# Maestro Version 7.01
$DATE_MEA:
10/17/2018 09:19:52
$MEAS_TIM:
1800 1932
$DATA:
0 4095
     300
     322
       0
       0
       0
       0
       0
       0
       0
       0
       0
       0
       0
       0
       0
       0
       0
       0
       0
       0
       0
       0
       0
       0
       0
       0
       0
       0
       0
       0
       0
       0
       0
       0
       0
       0
       0
       0
       0
       0
       0
       0
       0
       0
       0
       0
       0
       0
       0
       0
       0
       0
       0
       0
       0
       0
       0
       0
       0
       0
       0
       0
       0
       0
       0
       0
       0
       0
       0
       0
       0
       0
       0
       0
       0
       0
       0
       0
       0
       0
      13
      79
     289
     852
    6742
   12344
   12373
   12382
   12217
   12037
   12255
   12100
   12024
   11809
   11858
   12082
   11893
   12002
   11732
   11635
   11785
   11699
   11712
   11628
   11399
   11520
   11599
   11296
   11404
   11450
   11295
   11393
   11083
   11327
   11352
   11693
   13572
   17300
   13002
   11221
   11203
   11082
   10978
   11127
   10986
   11055
   11140
   11167
   11159
   11246
   11244
   11192
   11029
   11048
   11049
   11027
   11041
   11125
   11194
   11062
   11182
   11068
   11091
   11014
   11121
   11555
   11878
   11198
   11128
   11703
   12621
   11846
   11029
   11048
   11100
   10923
   11131
   11144
   11188
   11322
   11181
   11632
   11307
   11322
   11486
   11363
   11574
   11558
   11839
   12155
   12576
   12055
   11945
   12301
   13097
   14639
   17888
   15014
   13062
   12363
   12166
   12552
   12179
   12444
   12540
   12649
   12682
   12805
   12680
   12673
   12762
   12774
   12856
   13261
   14562
   15248
   13808
   12993
   13511
   13262
   13749
   13572
   13642
   13724
   13542
   13815
   13761
   13848
   14111
   14121
   14135
   14515
   14520
   14599
   14559
   14562
   14992
   15047
   15028
   15106
   15333
   15123
   15169
   15312
   15511
   15422
   15662
   15725
   15552
   15956
   16146
   16039
   16294
   16033
   15972
   16232
   16720
   16868
   16882
   18520
   17685
   16531
   16523
   16354
   16256
   16380
   16295
   17251
   18082
   16667
   16201
   16305
   16304
   16171
   16405
   16559
   16828
   16569
   16750
   16623
   19070
   30955
   39426
   23196
   17162
   16694
   17063
   17056
   16805
   16699
   16673
   16596
   16595
   16767
   16704
   16640
   16480
   16497
   16738
   16650
   16623
   16813
   16543
   16505
   16430
   16504
   16489
   16312
   16512
   16325
   16573
   16429
   16455
   16463
   16230
   16342
   16055
   16110
   16128
   16243
   15982
   16265
   15896
   15822
   15902
   15675
   15967
   15899
   15915
   16048
   17494
   20416
   18742
   16092
   15344
   15444
   15470
   15473
   15223
   15375
   15190
   15301
   15212
   14951
   15067
   15348
   15044
   15016
   15049
   15044
   14818
   15108
   15165
   15273
   15063
   15073
   14853
   15082
   15349
   15320
   15461
   15336
   15575
   15328
   15486
   15453
   15489
   15587
   15733
   15481
   15401
   15584
   15437
   15313
   15436
   15530
   15646
   16518
   16336
   15374
   15313
   15166
   15669
   20357
   39568
   43901
   21796
   15214
   14622
   14550
   14178
   14354
   14330
   14361
   14240
   14168
   14116
   14061
   14079
   14298
   14755
   14775
   13922
   13807
   13825
   14641
   15676
   14450
   13470
   13407
   13474
   13266
   13205
   13190
   13152
   13072
   12867
   12954
   13051
   12964
   12959
   12927
   12849
   12674
   12824
   12566
   12706
   12540
   12533
   12490
   12389
   13057
   16860
   23999
   19957
   13168
   12346
   12245
   11882
   11973
   11662
   11624
   11809
   11793
   11687
   11570
   11585
   11448
   11525
   11489
   11426
   11628
   12080
   12655
   13211
   12323
   11214
   11162
   11133
   10896
   11201
   10901
   11365
   10949
   10813
   10701
   10617
   10560
   10654
   10607
   10373
   10439
   10332
   10440
   10383
   10379
   10307
   10584
   10399
   10098
   10085
    9880
    9903
   10066
    9877
    9919
    9792
    9800
   10029
    9642
    9576
    9629
    9597
    9625
    9678
    9800
    9577
    9461
    9392
    9491
    9479
    9484
    9339
    9261
    9422
    9254
    9296
    9437
    9177
    9293
    9272
    9234
    9086
    8950
    9199
    8955
    9010
    9436
   10111
    9876
    9156
    8758
    8925
    9359
    9312
    8833
    8861
    9519
   11604
   12976
   10470
    9011
    8735
    8779
    8860
    8626
    8540
    8634
    8645
    8617
    8576
    8718
    9285
   10080
    9457
    8656
    8610
    8751
    9008
   11650
   26134
   54457
   45702
   16626
    9418
    9442
   10731
   10714
    8979
    8546
    8392
    8356
    8416
    8089
    8104
    8142
    8139
    8152
    8177
    8151
    8249
    8932
    9661
    9238
    8296
    8247
    9129
   12546
   14887
   11078
    8339
    7955
    8024
    7977
    8135
    8258
    8171
    7902
    7854
    8043
    7928
    8237
    7757
    8202
    7963
    8166
    8133
    7939
    8211
    9387
   11203
   10852
    9255
    8995
    8074
    7881
    7870
    7917
    8102
    8197
    7915
    7959
    7921
    7937
    7922
    8335
    8185
    8473
    9799
   17294
   30129
   25821
   12287
    8682
   10246
   11780
   10011
    8314
    7555
    7474
    7731
    7784
    8080
    7654
    7897
    8017
    7574
    7363
    7290
    7379
    7192
    7254
    7282
    7166
    7253
    7092
    7140
    7120
    7152
    7304
    7087
    7151
    7153
    7052
    7280
    7276
    7140
    7270
    7175
    7099
    7035
    6904
    7154
    7183
    6899
    6886
    6953
    6937
    6917
    6912
    7034
    6928
    7023
    6919
    6960
    6888
    7035
    7194
    7610
    7283
    7323
    6856
    6835
    6766
    6602
    6629
    6647
    6763
    6777
    6669
    6516
    6432
    6658
    6522
    6410
    6431
    6515
    6584
    6753
    6575
    6328
    5824
    5998
    5753
    5639
    5683
    5565
    5669
    5479
    5402
    5437
    5618
    6512
    7440
    6545
    5404
    5089
    4881
    4826
    5026
    4908
    4954
    4893
    4891
    4681
    4678
    4845
    4629
    4527
    4540
    4492
    4572
    4569
    4493
    4368
    4385
    4368
    4454
    4378
    4403
    4291
    4459
    4393
    4455
    4272
    4309
    4198
    4275
    4675
    4691
    4301
    4099
    4039
    4123
    4129
    4157
    4171
    4166
    4078
    4008
    4001
    4030
    4163
    4953
    5890
    5030
    4402
    4132
    3998
    3845
    3785
    3679
    3658
    3768
    3698
    3661
    3519
    3677
    3703
    4349
    4468
    3880
    3567
    3527
    3456
    3465
    3565
    3571
    3488
    3341
    3434
    3506
    3359
    3239
    3511
    3513
    3669
    3566
    3411
    3447
    3460
    3357
    3180
    3248
    3300
    3323
    3192
    3178
    3068
    2999
    3047
    3032
    3013
    3005
    3061
    3248
    3415
    3319
    3069
    2965
    3134
    2870
    2856
    2887
    2800
    2822
    2711
    2834
    2893
    3322
    3509
    3116
    2873
    2764
    2741
    2781
    2769
    2771
    2586
    2634
    2826
    3069
    3407
    3757
    3466
    2774
    2617
    2516
    2567
    2543
    2551
    2487
    2522
    2491
    2516
    2532
    2507
    2443
    2652
    2610
    2596
    2357
    2453
    2492
    2457
    2549
    2694
    2544
    2517
    2538
    2391
    2469
    2297
    2256
    2297
    2264
    2252
    2282
    2360
    2353
    2445
    2387
    2383
    2536
    3007
    3673
    3454
    2682
    2299
    2211
    2185
    2217
    2267
    2299
    2297
    2283
    2220
    2218
    2131
    2179
    2188
    2058
    2132
    2117
    2115
    2197
    2271
    2585
    2805
    2878
    2497
    2316
    2189
    2326
    2509
    2529
    2197
    2078
    2088
    2043
    2025
    2173
    2220
    2175
    2166
    2118
    2429
    2432
    2183
    2135
    2042
    2089
    2075
    2002
    2040
    1905
    2004
    2046
    2073
    2056
    2056
    2233
    2211
    2174
    2300
    2532
    3388
    7852
   22311
   41047
   36223
   14513
    4034
    2346
    2111
    2041
    1948
    1925
    1977
    2094
    2009
    1891
    1941
    1994
    2079
    2030
    1939
    1878
    1961
    2283
    2663
    3441
    4029
    7267
   13807
   15521
    8617
    3583
    2938
    3179
    3355
    3697
    3353
    2400
    2005
    2022
    2399
    2661
    2585
    2107
    1918
    1891
    1912
    2152
    2428
    2197
    1792
    1748
    1716
    1669
    1717
    1693
    1728
    1704
    1724
    1741
    1739
    1702
    1796
    1844
    1955
    2184
    2413
    2507
    2225
    2012
    1907
    2037
    2134
    1886
    1832
    1818
    1847
    1800
    1903
    1912
    1917
    1888
    2036
    2190
    2323
    2351
    2570
    2900
    3575
    5164
    7898
   12930
   23485
   40512
   63315
   82027
   88730
   78766
   60999
   40094
   23048
   12307
    7258
    4609
    3661
    3884
    4313
    3656
    3225
    5060
    7541
    6735
    3343
    1686
    1372
    1395
    1315
    1290
    1367
    1378
    1612
    2088
    2144
    1680
    1265
    1188
    1131
    1176
    1174
    1200
    1210
    1224
    1096
    1100
    1117
    1096
    1090
    1070
    1038
    1069
    1076
    1091
    1020
    1123
    1121
    1176
    1082
    1067
    1042
    1011
    1064
    1103
    1208
    1947
    3565
    4711
    4140
    2512
    1556
    1088
    1006
     990
    1002
    1008
    1041
    1159
    1261
    1267
    1124
    1016
     976
    1020
    1086
    1041
     943
     974
     996
    1003
     932
     927
    1018
    1027
    1023
     940
     921
    1042
    1014
    1091
     967
     922
     951
     920
     958
     993
     998
    1106
     986
     900
     938
     972
    1023
    1047
    1102
    1168
    1585
    1787
    2253
    4125
    7120
    6815
    3800
    1677
    1294
    1249
    1075
    1048
    1448
    2524
    4237
    4887
    3144
    1505
    1005
     896
     909
     973
    1295
    1970
    2861
    2500
    1572
     999
     846
     857
     851
     968
     969
     958
     878
     880
     807
     824
     851
    1002
    1047
     926
     829
     820
     841
     872
     920
     876
     798
     780
     785
     806
     836
     843
     788
     791
     825
     792
     781
     783
     864
    1071
    1222
    1067
     919
     892
     822
     707
     767
     761
     749
     743
     834
     931
     921
     892
     956
    1150
    1732
    2594
    2693
    2516
    3686
    6534
    7519
    4730
    1851
     956
     762
     740
     705
     826
     975
    1265
    1317
    1156
     781
     721
     714
     722
     774
     785
     722
     822
    1076
    1582
    1993
    1842
    1256
     838
     706
     895
    1111
    1398
    1415
    1111
     814
     727
     697
     702
     672
     643
     681
     655
     612
     686
     635
     624
     700
     676
     726
     761
     791
     775
    1066
    1487
    1548
    1160
     798
     671
     642
     591
     577
     573
     650
     591
     605
     612
     681
     634
     628
     638
     599
     608
     607
     598
     642
     685
     858
    1075
    1117
     919
     709
     634
     624
     607
     582
     562
     566
     570
     573
     571
     572
     584
     601
     592
     660
     723
     738
     713
     611
     635
     560
     584
     595
     576
     522
     589
     566
     575
     587
     561
     620
     809
    1241
    2334
    3405
    3192
    1907
    1085
    1074
    1445
    1627
    1261
     906
     830
     812
     684
     602
     573
     545
     559
     558
     570
     591
     520
     536
     551
     506
     513
     530
     535
     548
     580
     590
     641
     668
     656
     628
     586
     557
     561
     552
     518
     504
     530
     546
     609
     675
     704
     645
     547
     554
     533
     518
     576
     638
     885
    1239
    1404
    1238
     757
     557
     546
     486
     458
     504
     446
     532
     455
     445
     462
     524
     618
     645
     747
     723
     623
     566
     516
     489
     486
     489
     429
     463
     484
     478
     431
     475
     468
     460
     464
     475
     439
     507
     556
     466
     457
     384
     473
     431
     444
     509
     512
     516
     475
     446
     449
     404
     431
     428
     420
     450
     443
     486
     452
     503
     507
     489
     507
     419
     435
     412
     388
     403
     383
     413
     409
     378
     384
     405
     421
     398
     428
     420
     411
     415
     402
     402
     434
     406
     429
     416
     420
     363
     370
     393
     361
     393
     407
     402
     444
     394
     399
     426
     407
     403
     440
     372
     376
     413
     453
     453
     400
     402
     393
     416
     373
     395
     392
     367
     397
     329
     387
     369
     415
     379
     404
     401
     380
     439
     403
     429
     439
     465
     414
     384
     408
     444
     417
     422
     374
     375
     373
     350
     380
     357
     368
     358
     359
     369
     344
     367
     404
     380
     374
     367
     358
     399
     398
     413
     399
     377
     370
     376
     397
     364
     368
     366
     394
     386
     361
     352
     409
     371
     393
     421
     432
     463
     417
     415
     397
     352
     372
     416
     447
     470
     456
     438
     365
     433
     409
     424
     447
     640
    1154
    2155
    3267
    3759
    3380
    2212
    1223
     569
     411
     376
     359
     367
     363
     361
     333
     331
     336
     363
     332
     339
     326
     343
     331
     320
     340
     327
     316
     315
     301
     332
     339
     326
     357
     334
     343
     303
     331
     332
     326
     354
     327
     368
     351
     347
     342
     313
     377
     322
     315
     346
     351
     307
     339
     348
     375
     371
     403
     362
     377
     337
     348
     313
     290
     332
     371
     423
     500
     546
     494
     459
     397
     389
     378
     393
     464
     464
     379
     358
     323
     305
     289
     297
     338
     349
     321
     371
     354
     358
     376
     474
     832
    1356
    1584
    1342
     806
     534
     396
     304
     311
     299
     282
     302
     316
     348
     366
     426
     352
     332
     274
     299
     328
     263
     357
     307
     284
     311
     329
     345
     375
     360
     319
     310
     332
     318
     392
     396
     525
     548
     581
     422
     327
     274
     259
     275
     288
     257
     280
     284
     297
     276
     270
     285
     264
     274
     279
     300
     290
     292
     270
     310
     384
     473
     535
     511
     415
     331
     322
     306
     338
     349
     372
     344
     302
     267
     271
     249
     252
     285
     296
     344
     340
     326
     266
     317
     333
     385
     587
     785
     956
     820
     506
     323
     313
     372
     369
     344
     332
     282
     290
     299
     306
     264
     278
     265
     296
     296
     346
     371
     457
     433
     348
     254
     230
     251
     222
     259
     228
     250
     292
     281
     313
     313
     283
     243
     246
     242
     243
     241
     279
     247
     266
     260
     228
     252
     219
     242
     240
     253
     261
     294
     284
     418
     682
    1111
    1198
     962
     557
     378
     281
     260
     277
     227
     231
     256
     317
     404
     538
     584
     556
     366
     272
     223
     212
     235
     251
     221
     228
     271
     261
     308
     284
     251
     268
     253
     250
     232
     260
     252
     218
     263
     225
     269
     267
     277
     257
     264
     275
     239
     231
     215
     228
     233
     243
     260
     266
     252
     267
     256
     232
     219
     219
     219
     243
     223
     251
     270
     279
     256
     260
     262
     225
     237
     230
     234
     221
     224
     216
     228
     186
     217
     223
     217
     246
     241
     198
     246
     260
     256
     264
     257
     255
     251
     273
     308
     272
     235
     195
     198
     225
     216
     207
     219
     231
     242
     249
     314
     315
     401
     350
     295
     212
     213
     214
     202
     204
     200
     182
     212
     204
     205
     205
     208
     216
     203
     209
     220
     209
     231
     257
     237
     236
     249
     250
     241
     264
     293
     286
     264
     269
     290
     267
     254
     238
     217
     231
     227
     258
     254
     286
     327
     339
     307
     238
     226
     234
     222
     234
     221
     219
     229
     243
     219
     215
     212
     216
     256
     218
     214
     200
     225
     209
     296
     325
     340
     324
     253
     220
     233
     220
     214
     237
     227
     265
     365
     470
     553
     497
     375
     293
     240
     247
     243
     219
     218
     229
     223
     240
     208
     192
     232
     233
     221
     212
     221
     213
     194
     201
     189
     228
     180
     196
     215
     231
     217
     216
     257
     202
     180
     198
     206
     198
     206
     214
     224
     225
     220
     204
     189
     181
     188
     199
     210
     191
     198
     206
     181
     230
     217
     241
     244
     199
     214
     190
     199
     206
     175
     180
     225
     252
     251
     233
     261
     213
     194
     185
     157
     172
     168
     179
     200
     200
     237
     200
     237
     277
     357
     585
     963
    1403
    1446
    1108
     622
     336
     188
     207
     187
     191
     192
     220
     227
     234
     227
     194
     189
     192
     174
     201
     178
     196
     177
     208
     201
     242
     224
     256
     334
     477
     615
     723
     684
     493
     295
     209
     184
     157
     162
     170
     176
     167
     183
     161
     186
     165
     172
     175
     169
     158
     166
     185
     164
     177
     158
     173
     167
     187
     173
     196
     220
     228
     199
     179
     164
     185
     173
     182
     163
     164
     202
     176
     183
     166
     160
     158
     167
     158
     180
     153
     169
     178
     177
     163
     171
     185
     185
     182
     175
     163
     177
     184
     174
     171
     157
     169
     155
     191
     200
     216
     202
     200
     190
     173
     158
     172
     152
     197
     195
     183
     202
     165
     177
     168
     147
     169
     149
     189
     185
     213
     229
     247
     280
     261
     201
     189
     177
     148
     165
     175
     174
     156
     170
     164
     148
     143
     181
     214
     219
     226
     188
     184
     202
     156
     170
     132
     134
     152
     112
     155
     147
     141
     123
     141
     153
     151
     178
     174
     152
     176
     159
     137
     137
     137
     135
     132
     145
     129
     146
     151
     146
     136
     176
     142
     172
     157
     145
     143
     170
     155
     163
     150
     149
     153
     133
     139
     158
     146
     159
     160
     162
     138
     161
     178
     186
     200
     200
     194
     211
     189
     153
     137
     147
     142
     115
     125
     148
     146
     148
     126
     152
     131
     140
     151
     146
     134
     148
     156
     160
     146
     144
     150
     128
     141
     138
     142
     144
     131
     144
     120
     123
     143
     135
     152
     182
     190
     206
     244
     235
     221
     222
     185
     216
     203
     186
     177
     175
     215
     203
     180
     172
     188
     150
     111
     124
     138
     146
     137
     140
     138
     153
     154
     129
     140
     158
     131
     172
     122
     149
     145
     139
     133
     153
     157
     142
     178
     155
     140
     164
     160
     183
     172
     232
     219
     195
     210
     190
     172
     163
     146
     155
     137
     144
     119
     144
     141
     142
     140
     141
     168
     175
     167
     194
     222
     279
     323
     339
     305
     237
     172
     153
     148
     151
     140
     184
     187
     147
     191
     203
     196
     207
     153
     162
     139
     151
     142
     143
     170
     197
     211
     198
     239
     196
     194
     182
     202
     235
     297
     311
     266
     269
     171
     145
     152
     129
     138
     130
     142
     151
     151
     173
     193
     183
     175
     214
     202
     188
     168
     163
     175
     203
     208
     208
     215
     226
     236
     183
     182
     157
     146
     159
     151
     145
     178
     158
     167
     154
     226
     269
     411
     531
     513
     407
     309
     201
     144
     156
     138
     163
     138
     163
     151
     136
     136
     132
     133
     145
     140
     120
     161
     114
     143
     148
     160
     195
     200
     201
     183
     149
     144
     137
     158
     164
     171
     157
     150
     150
     159
     143
     158
     163
     158
     175
     158
     184
     151
     162
     173
     187
     176
     170
     197
     173
     186
     191
     168
     133
     167
     148
     145
     156
     175
     163
     156
     149
     137
     138
     151
     135
     136
     145
     165
     158
     206
     208
     190
     171
     168
     179
     138
     156
     131
     140
     153
     163
     144
     149
     164
     158
     167
     172
     162
     142
     134
     123
     125
     146
     126
     152
     172
     145
     172
     176
     143
     150
     150
     154
     145
     123
     144
     129
     163
     153
     177
     156
     150
     150
     117
     133
     137
     135
     143
     152
     164
     146
     151
     149
     137
     142
     147
     154
     150
     159
     186
     219
     171
     145
     134
     139
     127
     129
     112
     138
     130
     129
     148
     140
     140
     134
     122
     131
     131
     126
     104
     132
     128
     139
     123
     128
     139
     135
     126
     144
     131
     122
     110
     128
     134
     110
     114
     142
     122
     132
     119
     122
     148
     158
     153
     139
     130
     126
     147
     132
     149
     112
     136
     127
     140
     140
     151
     145
     144
     138
     138
     131
     124
     119
     143
     114
     135
     119
     127
     141
     115
     107
     109
     127
     137
     114
     127
     116
     134
     115
     128
     124
     132
     130
     107
     127
     120
     122
     133
     128
     130
     130
     138
     123
     137
     142
     123
     129
     114
     119
     116
     106
     108
     117
     126
     114
     138
     128
     137
     150
     151
     154
     178
     120
     136
     130
     126
     138
     130
     118
     143
     145
     137
     112
     114
     138
     127
     118
     121
     108
     109
     114
     105
     120
     132
     129
     129
     113
     104
     108
      97
     112
     121
     115
     120
     101
     117
     142
     134
     155
     171
     172
     141
     143
     141
     107
     118
     113
     133
     113
     116
     112
     117
     112
     129
     117
     104
     111
     108
     120
     113
     106
      95
     127
     124
     141
     171
     167
     191
     234
     217
     180
     167
     129
      91
     130
     118
     118
     102
     106
     109
     112
      82
      99
      94
     101
     101
     105
      94
      98
      82
     113
      94
      84
     116
      93
      92
     102
      97
     107
     113
      93
     106
     113
     120
     119
     115
     113
     122
     140
     156
     144
     113
     149
     117
     111
     103
     126
     114
     123
     126
     106
     103
     122
     118
     110
     120
     130
     105
     141
     143
     140
     108
     120
      93
     118
     107
     106
     103
      89
      88
      92
      91
      76
     106
     118
     108
      99
      98
     105
     111
     107
      95
      93
     105
      99
     105
     106
     110
     112
     108
      89
     108
     104
     114
     111
      98
     103
      97
     123
      88
     102
      94
     100
      93
     111
     113
     128
     157
     158
     180
     161
     149
      88
     103
      80
      96
      89
     105
      96
     101
     102
     123
     115
     122
     124
     147
     102
     110
     114
      89
      92
      80
      79
      75
      77
      79
      78
      90
      92
      83
     103
      89
      95
      99
      87
      87
      93
      81
      78
      80
      91
      87
      90
      92
     106
      89
      80
      79
      91
      75
     107
      95
     104
      90
     109
      88
      84
      74
      74
      87
      92
      95
     125
     140
     135
     152
     134
     136
     102
     113
      96
     107
      94
      80
      84
      74
      90
     106
     111
     115
      92
      87
     104
      74
      77
      89
      67
      80
      87
      90
      70
      82
      70
      74
      76
      71
      75
      81
      79
      84
     104
      96
     100
      91
      85
      99
      78
      77
      92
     117
      80
      78
      93
      99
      97
      85
     102
      89
     106
     111
     173
     175
     225
     289
     343
     241
     235
     160
     118
     131
     143
     198
     237
     296
     387
     416
     378
     270
     195
     119
      93
      83
      93
      94
      95
     104
      85
      91
      88
      75
      83
      80
      66
      85
      79
      87
      81
      87
      74
      75
      74
      80
      78
      67
      86
      81
      79
      95
      90
      76
      95
      80
      90
     100
     124
     116
     136
     107
     115
      94
     106
      88
     102
     107
     120
     164
     206
     214
     214
     225
     148
      89
     101
      82
      99
      93
      71
      98
     115
     147
     192
     214
     205
     185
     160
     124
      92
      67
      76
      79
      85
      86
      93
      79
      77
      84
      86
      66
      86
      79
      75
      73
      79
      88
      81
      96
      82
      66
      80
      67
      79
      65
      78
      86
      70
      74
      83
      71
      86
      77
      82
      77
      88
      99
      93
      87
     103
     103
      92
     116
      99
      86
      87
      85
      90
      82
      87
      95
      64
      87
      95
      80
      88
      82
      91
      77
      75
      92
      83
      74
      83
      79
      74
      89
      98
      76
      75
      82
      88
      74
     110
      99
     120
      90
      76
      81
      70
      69
      86
      79
      74
      75
      84
      98
      87
     114
     146
     149
     160
     171
     190
     171
     199
     221
     220
     185
     146
     117
     106
      96
      89
      81
      85
      62
      76
     103
      90
     106
     123
     112
     125
     118
     127
     130
     213
     280
     272
     298
     279
     201
     138
      78
      89
      80
      98
      77
     103
     124
     155
     191
     250
     367
     371
     344
     294
     198
     118
      92
      73
      83
     104
      98
      81
      98
      82
      80
      77
      71
      71
      71
      74
      71
      89
      90
      92
      73
      76
      74
     105
      94
      89
      81
      84
      77
      86
      88
      69
      81
      89
      87
      95
      81
      72
      67
      78
      78
      54
      68
      76
      76
      57
      62
      85
      86
      80
      79
      72
      67
      80
      86
      63
      65
      82
      69
      91
      79
      84
      99
     100
      91
      80
      64
      74
      95
      76
      97
      86
      81
      74
      79
      74
      67
      81
      87
      92
      88
      77
      85
      89
      87
      87
      80
      77
      94
      90
      83
      88
      80
      88
      83
      98
      87
      99
      88
      78
      78
      55
      68
      77
      72
      81
      92
      83
      97
      70
      75
      75
      81
      67
      90
     100
      97
     103
     117
      88
      92
      73
      82
      78
      77
      79
      92
      63
      72
      76
      72
      91
      68
      80
      81
      78
      61
      73
      62
      78
      64
      71
      90
      77
      97
      88
      93
      71
      79
      84
      74
      75
      62
      62
      74
      76
      73
      78
      88
      81
      69
      80
      70
      75
      68
      66
      54
      65
      69
      67
      59
      61
      71
      53
      71
      73
      68
      69
      76
      67
      76
      72
      64
      83
      71
      83
      80
      73
      71
      65
      70
      60
      65
      76
      74
      61
      62
      55
      55
      73
      73
      66
      72
      65
      73
      66
      75
      71
      69
      75
      74
      83
      52
      69
      62
      59
      66
      60
      62
      55
      58
      64
      64
      62
      72
      66
      88
      95
     120
     134
     125
     123
      90
      89
      73
      77
      80
      61
      71
      55
      64
      68
      64
      71
      79
      63
      62
      59
      63
      55
      63
      69
     104
      81
      92
      81
      74
      70
      78
      56
      57
      53
      63
      59
      43
      66
      62
      76
      66
      66
      56
      61
      63
      55
      68
      59
      44
      62
      42
      42
      51
      64
      53
      53
      62
      56
      48
      57
      61
      49
      68
      56
      41
      46
      42
      57
      55
      58
      63
      78
      74
      69
      54
      51
      59
      44
      59
      54
      41
      58
      46
      57
      50
      57
      58
      62
      40
      50
      50
      63
      65
      57
      72
      67
      79
      78
      77
      96
     110
      99
      81
      87
      64
      53
      57
      65
      64
      71
      68
      52
      47
      45
      46
      57
      59
      45
      53
      62
      59
      59
      72
      67
      74
     102
      90
      84
      72
      46
      56
      64
      44
      49
      59
      42
      45
      52
      56
      55
      30
      54
      50
      51
      54
      59
      52
      59
      48
      50
      58
      56
      57
      54
      50
      48
      55
      48
      46
      46
      56
      63
      51
      76
      67
      63
      53
      74
      66
      71
      71
      64
      51
      57
      41
      39
      57
      45
      43
      54
      46
      59
      48
      42
      48
      52
      36
      47
      44
      49
      46
      45
      61
      34
      33
      44
      37
      47
      46
      52
      44
      54
      58
      49
      46
      72
      67
      60
      67
     100
      90
      78
      75
      64
      52
      42
      47
      46
      45
      51
      49
      41
      41
      29
      44
      51
      35
      52
      52
      43
      50
      63
      55
      50
      60
      59
      47
      54
      55
      38
      42
      35
      51
      51
      47
      37
      49
      52
      44
      56
      58
      49
      51
      50
      50
      41
      49
      34
      37
      41
      50
      45
      71
      68
      61
      68
      69
      68
      60
      52
      49
      46
      49
      38
      48
      44
      49
      38
      42
      51
      48
      37
      45
      43
      40
      38
      35
      49
      38
      39
      35
      37
      46
      34
      50
      42
      28
      44
      46
      34
      45
      50
      39
      47
      55
      40
      40
      52
      46
      42
      53
      47
      59
      58
      59
      59
      52
      50
      61
      55
      46
      49
      42
      46
      30
      38
      39
      24
      38
      36
      39
      39
      47
      68
      68
      85
      88
      83
      82
      50
      46
      55
      53
      50
      48
      32
      34
      51
      31
      54
      37
      39
      40
      53
      31
      38
      47
      36
      42
      52
      51
      38
      37
      49
      47
      41
      54
      49
      37
      48
      55
      61
      56
      76
      68
     104
     163
     214
     304
     450
     560
     634
     575
     424
     300
     152
     105
      57
      40
      29
      34
      39
      35
      48
      43
      42
      27
      38
      37
      54
      44
      50
      52
      64
      66
      58
      52
      42
      44
      36
      31
      34
      36
      39
      37
      36
      43
      48
      54
      46
      62
      49
      36
      47
      47
      42
      27
      29
      28
      33
      28
      32
      47
      37
      37
      34
      32
      33
      30
      29
      39
      40
      41
      45
      42
      43
      47
      47
      44
      38
      28
      31
      24
      36
      38
      26
      36
      55
      33
      31
      34
      34
      28
      43
      34
      28
      38
      27
      24
      25
      31
      23
      28
      21
      35
      28
      41
      33
      22
      26
      43
      37
      31
      32
      40
      33
      31
      31
      36
      35
      30
      32
      26
      30
      29
      28
      34
      26
      37
      37
      35
      34
      41
      40
      32
      37
      31
      24
      25
      28
      23
      19
      24
      28
      31
      33
      35
      32
      24
      26
      28
      35
      20
      21
      35
      24
      27
      26
      28
      36
      27
      22
      26
      24
      32
      31
      30
      32
      19
      28
      28
      21
      26
      25
      19
      29
      22
      19
      24
      26
      29
      27
      33
      45
      40
      46
      48
      55
      39
      42
      40
      34
      30
      34
      27
      29
      29
      23
      20
      28
      34
      34
      26
      29
      31
      30
      30
      36
      24
      24
      27
      24
      19
      17
      18
      26
      24
      24
      28
      20
      15
      18
      40
      34
      43
      53
      68
      82
      87
      82
      58
      40
      23
      25
      22
      24
      30
      20
      28
      25
      24
      34
      31
      24
      23
      22
      32
      26
      27
      25
      22
      33
      26
      26
      25
      23
      21
      16
      17
      21
      17
      23
      22
      22
      37
      24
      30
      29
      40
      46
      44
      68
      74
      74
      68
      66
      54
      49
      41
      58
      45
      53
      39
      44
      33
      28
      19
$ROI:
0
$PRESETS:
None
0
0
$ENER_FIT:
-0.17 0.50021
$MCA_CAL:
3
-0.17000 0.50021 0.00 keV
$SHAPE_CAL:
3
-0.745400338012 7.65204008958 -26.7731741705
$META:
{'istp': ['133CEm', '133CEg', '133LA', '132CE', '132LA', '139CE', '137CEg', '137CEm', '137LA', '135CE', '135LA', '134LA', '132CS', '7BE', '133BAm', '133BAg'], 'res': 0.05, 'R': 0.2, 'unc_eff': [[0.022038742051812752, -0.23165177067312645, 0.6005679933771606], [-0.2316517706731248, 2.449183052674086, -6.383802492714265], [0.6005679933771524, -6.3838024927142225, 16.725097801251202]], 'alpha': 0.9}
