$SPEC_ID:
No sample description was entered.
$SPEC_REM:
DET# 9480
DETDESC# HPGE
AP# Maestro Version 7.01
$DATE_MEA:
10/17/2018 09:54:51
$MEAS_TIM:
1800 1902
$DATA:
0 4095
     300
     317
       0
       0
       0
       0
       0
       0
       0
       0
       0
       0
       0
       0
       0
       0
       0
       0
       0
       0
       0
       0
       0
       0
       0
       0
       0
       0
       0
       0
       0
       0
       0
       0
       0
       0
       0
       0
       0
       0
       0
       0
       0
       0
       0
       0
       0
       0
       0
       0
       0
       0
       0
       0
       0
       0
       0
       0
       0
       0
       0
       0
       0
       0
       0
       0
       0
       0
       0
       0
       0
       0
       0
       0
       0
       0
       0
       0
       0
       1
       8
      39
     196
     592
    5358
   10205
   10446
   10291
   10378
   10137
   10141
   10206
   10018
   10136
   10099
    9892
    9984
   10010
    9662
    9774
    9881
    9673
    9704
    9782
    9678
    9645
    9646
    9752
    9519
    9593
    9556
    9546
    9407
    9671
    9372
    9720
   11655
   15116
   10659
    9335
    9201
    9156
    9231
    9205
    9284
    9215
    9127
    9087
    9354
    9461
    9273
    9304
    9181
    9323
    9265
    9296
    9439
    9220
    9276
    9024
    9549
    9268
    9409
    9266
    9128
    9855
   10144
    9590
    9293
    9712
   10554
    9814
    9422
    9370
    9206
    9372
    9367
    9499
    9433
    9346
    9410
    9407
    9671
    9499
    9591
    9663
    9515
    9783
    9794
   10183
   10637
   10100
    9844
   10467
   11303
   12701
   15759
   13239
   11424
   10247
   10336
   10541
   10171
   10288
   10505
   10645
   10572
   10415
   10726
   10598
   10767
   10816
   10675
   11011
   12465
   12642
   11248
   11008
   11064
   11317
   11226
   11231
   11386
   11344
   11542
   11538
   11645
   11699
   11873
   11711
   12029
   12017
   12192
   12087
   12226
   12104
   12291
   12248
   12329
   12510
   12479
   12496
   12710
   12578
   12806
   12974
   13007
   13038
   13178
   13333
   13401
   13177
   13258
   13323
   13496
   13697
   14246
   14200
   14578
   16842
   15710
   13716
   13431
   13566
   13435
   13613
   13819
   14744
   15467
   13889
   13417
   13371
   13602
   13592
   13572
   13706
   13751
   13880
   13797
   14125
   16038
   27898
   34983
   19277
   14427
   13877
   14277
   14103
   14087
   13840
   14004
   13824
   13694
   13632
   13749
   13835
   14007
   13695
   13660
   13922
   13978
   13806
   13708
   13658
   13870
   13744
   13556
   13613
   13501
   13478
   13574
   13467
   13536
   13254
   13358
   13217
   13463
   13118
   13141
   13145
   13086
   13035
   13034
   13204
   13195
   12910
   13107
   12822
   13066
   13070
   12990
   13062
   13028
   12710
   12788
   12965
   12899
   12871
   12635
   12794
   12742
   12568
   12391
   12575
   12729
   12745
   12676
   12534
   12271
   12261
   12404
   12265
   12402
   12283
   12376
   12287
   12513
   12561
   12828
   12932
   12866
   12765
   12690
   12897
   12903
   12865
   13032
   13003
   13050
   13049
   12950
   12912
   12821
   12770
   13044
   13208
   13069
   14008
   14005
   12793
   12448
   12573
   12647
   12811
   13682
   13765
   12524
   12196
   12077
   11975
   12015
   11974
   12116
   12029
   12189
   11935
   11557
   11849
   11992
   11671
   11905
   11805
   11560
   11522
   11353
   11786
   11704
   11654
   11647
   11190
   11124
   11187
   11265
   11113
   11234
   11131
   11236
   11108
   11043
   10894
   10649
   11040
   11080
   10814
   10935
   10722
   10702
   10601
   10701
   10773
   10809
   11511
   17091
   27387
   21125
   11706
   10376
   10139
   10119
   10101
    9800
    9909
   10073
   10101
   10168
    9835
    9895
    9699
    9770
    9734
    9673
    9960
   10553
   10181
    9768
    9445
    9457
    9314
    9225
    9224
    9135
    9151
    9320
    9245
    9163
    9133
    8781
    8842
    8912
    8717
    8638
    8550
    8586
    8531
    8527
    8648
    8614
    8758
    8704
    8183
    8211
    8060
    8162
    8185
    8031
    8030
    8049
    7981
    8003
    7886
    7820
    7921
    7892
    8061
    8062
    7759
    7873
    7796
    7782
    7798
    7742
    7535
    7467
    7713
    7537
    7636
    7531
    7453
    7520
    7421
    7349
    7500
    7332
    7210
    7270
    7341
    7372
    7808
    8380
    7853
    7455
    7284
    7219
    7022
    7107
    7108
    7297
    7783
   10689
   12168
    8788
    7144
    7006
    7047
    7000
    6902
    6926
    6953
    6765
    7014
    6897
    6955
    7648
    8235
    7619
    6991
    6959
    7176
    7656
   11161
   31961
   71062
   55758
   16783
    7743
    7923
    8826
    8426
    7155
    6540
    6418
    6476
    6606
    6337
    6377
    6375
    6479
    6485
    6606
    6482
    6486
    6913
    7383
    7121
    6405
    6597
    7369
   10331
   12152
    8792
    6531
    6164
    6437
    6366
    6356
    6329
    6265
    6183
    6142
    6327
    6169
    6311
    6336
    6343
    6353
    6262
    6314
    6224
    6359
    7514
    9371
    8859
    7625
    7020
    6422
    6081
    6021
    6232
    6463
    6482
    6272
    6222
    6161
    6188
    6266
    6357
    6492
    6813
    9052
   19275
   37599
   30588
   12011
    7200
    8237
    9612
    7595
    6364
    6227
    6209
    5847
    6050
    6048
    6072
    6494
    6712
    6242
    5956
    5993
    5816
    6069
    6010
    5790
    5949
    5865
    5788
    5766
    5883
    5915
    5819
    5844
    6035
    5912
    5903
    5829
    5863
    5771
    5900
    6005
    5864
    5878
    5921
    5782
    5707
    5930
    5669
    5709
    5856
    5728
    5826
    5679
    5872
    5812
    5772
    5916
    5751
    5933
    6225
    6241
    5996
    5696
    5629
    5622
    5665
    5740
    5545
    5674
    5495
    5524
    5461
    5410
    5460
    5489
    5317
    5459
    5459
    5457
    5491
    5759
    5488
    5289
    5019
    4875
    4868
    4724
    4677
    4711
    4646
    4570
    4463
    4427
    4645
    5593
    6618
    5588
    4454
    4160
    4021
    4005
    4040
    4166
    3856
    4066
    3907
    3826
    3930
    3873
    3855
    3766
    3690
    3791
    3737
    3778
    3847
    3669
    3625
    3649
    3565
    3578
    3626
    3478
    3520
    3554
    3577
    3417
    3546
    3561
    3740
    3912
    3904
    3601
    3343
    3299
    3490
    3423
    3301
    3307
    3253
    3373
    3327
    3273
    3426
    3291
    3221
    3271
    3361
    3500
    3609
    3304
    3255
    3096
    2987
    3043
    3120
    3103
    2982
    3036
    3176
    3413
    3991
    4358
    3618
    2999
    3010
    2850
    2862
    2774
    2841
    2881
    2804
    2865
    2799
    2721
    2804
    3014
    3020
    3273
    3041
    2749
    2805
    2732
    2679
    2655
    2651
    2725
    2678
    2643
    2593
    2549
    2530
    2477
    2552
    2465
    2538
    2444
    2782
    3117
    2904
    2526
    2506
    2488
    2554
    2401
    2306
    2392
    2258
    2353
    2330
    2437
    2818
    2877
    2556
    2301
    2277
    2315
    2263
    2162
    2163
    2090
    2125
    2310
    2360
    2344
    2205
    2132
    2141
    2019
    2172
    2138
    2075
    2100
    2131
    2032
    2090
    2068
    2027
    2073
    2068
    2147
    2164
    2043
    1976
    1948
    1969
    1995
    2170
    2205
    2090
    1964
    1926
    1912
    1922
    1835
    1837
    1913
    1838
    1900
    1919
    1914
    1883
    1795
    1791
    1870
    2008
    2426
    3137
    2932
    2191
    1919
    1809
    1781
    1734
    1788
    1816
    1846
    1822
    1734
    1748
    1747
    1639
    1652
    1719
    1755
    1650
    1622
    1742
    1768
    2018
    2368
    2339
    2061
    1777
    1812
    1934
    2185
    2145
    1823
    1652
    1604
    1564
    1653
    1552
    1649
    1737
    1653
    1716
    1766
    2000
    1673
    1644
    1520
    1554
    1508
    1574
    1604
    1509
    1504
    1672
    1656
    1692
    1578
    1576
    1620
    1573
    1515
    1682
    1555
    1869
    2823
    3952
    3751
    2301
    1683
    1552
    1446
    1490
    1537
    1490
    1555
    1534
    1536
    1449
    1446
    1577
    1485
    1509
    1502
    1671
    1623
    1846
    2287
    2879
    3468
    6608
   12918
   14040
    7355
    2696
    1853
    1902
    2768
    3657
    3102
    2093
    1600
    1760
    2109
    2801
    2583
    1866
    1610
    1567
    1591
    1883
    2104
    1963
    1538
    1392
    1427
    1371
    1361
    1432
    1423
    1420
    1379
    1415
    1454
    1440
    1401
    1508
    1663
    1835
    2206
    2251
    1950
    1601
    1503
    1574
    1505
    1469
    1563
    1539
    1540
    1571
    1578
    1603
    1600
    1637
    1697
    1888
    1927
    2109
    2384
    2744
    3466
    4915
    7541
   12771
   22800
   40367
   63216
   81022
   86694
   77822
   59025
   38470
   21416
   11593
    6356
    4066
    2686
    2162
    1938
    1937
    2850
    6332
    9640
    8121
    3594
    1448
    1065
     995
     930
     952
     922
    1085
    1255
    1706
    1768
    1322
    1009
     864
     870
     877
     935
     956
     950
     945
     875
     799
     834
     802
     759
     783
     781
     792
     805
     780
     798
     842
     851
     806
     813
     749
     727
     698
     745
     746
     813
     838
     964
    1258
    1612
    1642
    1130
     816
     756
     749
     719
     735
     775
     974
    1062
    1010
     842
     770
     723
     701
     696
     663
     698
     660
     698
     671
     701
     701
     704
     697
     669
     618
     744
     770
     799
     754
     746
     748
     662
     675
     719
     760
     818
     821
     705
     705
     721
     805
     887
     922
     842
     879
    1164
    1264
    1127
    1246
    1515
    1436
    1025
     753
     756
     734
     786
     895
    1347
    2940
    5538
    6068
    3635
    1433
     773
     720
     674
     814
    1107
    2187
    3240
    2926
    1590
     828
     620
     627
     577
     718
     757
     721
     681
     639
     629
     647
     671
     754
     740
     709
     619
     611
     645
     693
     682
     667
     588
     552
     603
     561
     635
     595
     617
     643
     591
     608
     619
     579
     667
     834
     952
     904
     744
     685
     588
     573
     550
     555
     610
     613
     596
     626
     637
     655
     772
    1123
    2218
    3691
    3853
    3192
    4706
    8666
    9930
    5729
    2010
     772
     585
     580
     567
     611
     753
    1005
    1146
     854
     594
     573
     549
     542
     597
     598
     536
     610
     869
    1270
    1767
    1519
     995
     603
     527
     603
     907
    1181
    1147
     846
     576
     496
     436
     502
     462
     525
     459
     418
     416
     449
     449
     430
     480
     469
     545
     571
     540
     622
     821
    1195
    1272
     903
     656
     468
     412
     445
     424
     421
     442
     431
     446
     435
     432
     447
     483
     424
     406
     433
     410
     462
     472
     489
     675
     829
     793
     586
     445
     415
     377
     374
     417
     381
     414
     430
     421
     394
     407
     422
     420
     423
     394
     471
     518
     458
     372
     389
     402
     416
     379
     403
     371
     360
     390
     378
     387
     367
     380
     427
     418
     514
     540
     590
     573
     661
     987
    1479
    1756
    1254
     762
     629
     652
     528
     438
     399
     382
     402
     378
     386
     374
     395
     392
     346
     334
     362
     354
     345
     357
     376
     466
     501
     466
     468
     416
     417
     372
     351
     369
     374
     354
     367
     387
     469
     557
     617
     489
     390
     315
     345
     352
     347
     394
     549
     923
    1114
     969
     547
     397
     349
     378
     335
     324
     297
     312
     312
     295
     313
     367
     344
     391
     370
     331
     352
     312
     357
     323
     331
     287
     312
     318
     294
     267
     272
     267
     274
     323
     294
     312
     354
     358
     325
     374
     321
     282
     267
     273
     305
     356
     402
     353
     315
     270
     276
     263
     273
     250
     283
     253
     293
     329
     307
     348
     419
     382
     367
     302
     300
     294
     280
     236
     264
     260
     259
     263
     255
     272
     281
     267
     247
     264
     289
     287
     295
     255
     256
     256
     296
     253
     283
     285
     272
     241
     253
     255
     261
     247
     239
     282
     259
     265
     273
     270
     267
     282
     250
     260
     285
     284
     276
     253
     272
     269
     264
     261
     252
     226
     222
     249
     255
     266
     258
     261
     231
     253
     235
     265
     259
     316
     287
     296
     258
     235
     275
     299
     295
     281
     266
     223
     233
     227
     243
     263
     239
     259
     238
     233
     251
     220
     218
     268
     235
     225
     242
     251
     243
     295
     248
     245
     224
     211
     206
     212
     192
     213
     245
     259
     244
     249
     218
     258
     259
     281
     356
     339
     331
     265
     241
     247
     230
     274
     323
     406
     324
     317
     287
     256
     270
     276
     347
     605
    1285
    2656
    4134
    4460
    3577
    2118
    1037
     409
     274
     224
     229
     210
     198
     200
     222
     208
     186
     208
     177
     208
     195
     210
     208
     190
     187
     214
     198
     175
     176
     194
     184
     174
     217
     181
     219
     177
     199
     195
     223
     230
     187
     204
     181
     187
     207
     208
     209
     219
     214
     193
     170
     173
     179
     209
     220
     265
     232
     255
     224
     238
     175
     196
     178
     198
     220
     289
     333
     370
     301
     240
     192
     175
     264
     275
     323
     314
     239
     201
     207
     176
     184
     179
     206
     208
     238
     246
     218
     271
     302
     457
     886
    1549
    1908
    1545
     874
     466
     254
     211
     186
     174
     204
     180
     189
     213
     263
     261
     252
     220
     186
     182
     175
     187
     196
     173
     192
     185
     175
     222
     253
     242
     222
     202
     216
     236
     265
     272
     363
     418
     417
     306
     215
     166
     182
     180
     189
     182
     163
     155
     173
     171
     155
     174
     172
     177
     175
     164
     177
     174
     179
     183
     251
     309
     395
     327
     219
     222
     206
     225
     219
     242
     242
     230
     193
     150
     173
     164
     140
     172
     243
     215
     241
     223
     197
     212
     228
     308
     592
     958
    1071
     841
     487
     256
     202
     252
     304
     273
     226
     197
     213
     165
     194
     194
     197
     186
     187
     173
     177
     187
     179
     185
     154
     123
     163
     146
     166
     148
     160
     139
     144
     153
     163
     181
     175
     143
     115
     121
     162
     141
     172
     162
     141
     140
     126
     135
     149
     148
     139
     139
     162
     140
     156
     145
     162
     186
     174
     191
     168
     159
     168
     142
     154
     140
     168
     169
     215
     355
     555
     628
     474
     306
     200
     160
     140
     135
     151
     135
     139
     150
     176
     180
     188
     163
     159
     123
     144
     146
     163
     141
     140
     124
     131
     136
     164
     162
     151
     151
     143
     154
     134
     164
     150
     152
     129
     147
     176
     162
     171
     160
     131
     124
     139
     144
     128
     149
     139
     144
     153
     143
     148
     141
     166
     158
     146
     147
     123
     147
     133
     153
     121
     141
     124
     133
     133
     136
     121
     134
     129
     122
     153
     161
     166
     169
     202
     192
     175
     118
     142
     131
     139
     154
     138
     146
     137
     139
     163
     201
     269
     282
     259
     177
     135
     124
     123
     123
     122
     136
     128
     128
     130
     128
     128
     137
     109
     114
     112
     127
     132
     157
     153
     152
     154
     133
     158
     181
     197
     201
     199
     164
     144
     156
     143
     137
     148
     138
     136
     146
     180
     160
     178
     237
     250
     194
     131
     160
     112
     139
     126
     117
     136
     141
     139
     128
     144
     127
     139
     119
     133
     136
     127
     138
     149
     170
     209
     251
     194
     188
     135
     117
     124
     157
     157
     145
     201
     294
     397
     436
     434
     280
     183
     134
     138
     132
     120
     114
     134
     112
     130
     116
     124
     126
     135
     111
     132
     124
     106
     119
     121
     113
     103
     113
     112
     111
     129
     139
     161
     155
     111
     105
     104
     114
     104
     104
     127
     123
     123
     152
     108
     116
     110
     115
     113
     131
     115
     105
     120
     126
     167
     165
     167
     144
     108
     106
     136
     122
     118
     119
     131
     129
     153
     162
     154
     127
     118
     112
     106
      93
     104
     104
      90
      81
     100
      99
      93
     102
      96
     118
     116
     147
     169
     206
     174
     121
     115
     103
     101
      84
     111
      95
     120
      97
      85
     103
     120
     102
      97
      91
      97
     111
     103
      93
     103
     118
     110
     140
     168
     138
     140
     130
     165
     161
     127
     111
     114
      93
      90
      91
     110
     105
     104
     115
     113
     100
      87
      90
      94
     109
     100
      89
      91
      83
      80
      98
      88
     111
      99
     104
     132
     122
     157
     131
     109
      95
     115
     100
     109
     103
      99
      88
     111
     106
     101
     104
      97
     104
      86
      91
      94
      92
      93
     108
     121
     111
      96
     108
     102
     122
     111
     112
     117
     107
     106
     100
      92
      78
     109
     121
     110
     116
     117
     111
      91
     112
      89
     110
      97
     133
     132
     125
     122
      97
      97
     109
      92
     115
      99
     118
     141
     156
     185
     182
     143
     134
     115
     109
      84
      87
      96
      87
      95
      82
     112
      91
     101
     127
     141
     145
     146
     133
     112
      95
      84
     102
      78
      84
      76
      81
      84
      91
     102
     100
      95
      83
     113
     108
     103
     108
     110
      98
      80
      88
      84
      81
     106
      61
      86
      83
      93
      91
      68
      89
      80
      72
      84
      75
      91
      86
      82
     108
      76
      92
      83
      81
      84
      75
      61
      76
      90
      76
      87
     107
     111
     126
     140
     146
     135
     140
     117
     100
      91
      80
      74
      95
      94
      95
      80
      93
      98
      89
      82
      99
      66
      92
      86
      98
     108
     105
      80
      82
      68
      83
      81
      84
     103
      89
      80
      76
      88
      70
      85
      74
      91
     115
     110
     185
     199
     190
     163
     138
     117
     125
     103
     131
     113
     125
     118
     136
     110
      82
      91
      84
      86
      83
      66
      89
      66
      66
      85
      82
      93
      70
      78
      73
      78
      94
      75
      86
      84
      63
      85
     102
      91
     102
     101
     100
     118
     106
     155
     130
     151
     151
     148
     149
     114
     126
     134
     100
     100
      88
      87
      68
      64
      72
      89
      93
     109
     100
     100
     105
     118
     120
     180
     242
     337
     363
     289
     246
     131
     117
      83
      87
      86
      78
      78
     102
      96
     108
     102
      95
      91
      97
      77
      90
      73
      88
     105
      88
      94
     117
     114
     122
     111
     122
     118
     168
     208
     209
     208
     156
      80
      78
      82
      69
      82
      66
      64
      84
      79
      99
     115
     129
     134
     100
      94
     104
      86
     112
      96
     107
     104
     154
     173
     170
     166
     144
     118
      89
      77
      92
      92
      97
      94
      78
      79
      69
      84
     109
      96
      95
     108
      90
      99
      83
      85
      86
      82
      81
      73
      73
      77
      81
      71
      78
      87
      81
      82
      92
      73
      77
      87
      77
     116
     117
     144
     143
     113
      81
      71
      72
      81
      73
      88
     109
     111
      88
      89
      85
      86
      92
      77
      80
      63
      93
      87
      90
      78
      99
      97
      86
      81
      81
      80
      81
      82
      95
     122
      98
      90
      95
     113
     127
      71
      71
      74
      85
      74
      72
      74
      89
      74
     111
     110
     128
     152
     120
      88
      82
      88
      89
     102
      95
      89
      79
      92
      76
      88
      92
      99
     107
      98
      79
      85
      72
      77
      73
      86
      74
     107
     102
      91
      94
      71
      85
      69
      93
      80
      90
      82
      78
     100
     127
     113
      89
      87
      90
      71
      82
      68
      72
      75
      76
      77
      88
      90
     108
      79
      75
      78
      84
     111
     107
     148
     128
     114
      77
      68
      51
      65
      69
      69
      75
      81
      66
      75
      85
      96
      78
      81
      66
      67
      72
      75
      79
      78
      70
      74
      94
      60
      82
      67
      73
      67
      64
      59
      86
      72
      98
      64
      73
      64
      60
      77
      69
      67
      52
      88
      80
      78
      67
      66
      74
      68
      74
      77
      85
      83
      84
      78
      84
      77
      75
      64
      71
      56
      80
      69
      71
      63
      92
      73
      65
      56
      60
      61
      58
      55
      63
      57
      52
      63
      50
      65
      70
      54
      61
      57
      62
      63
      57
      75
      74
      81
      64
      71
      66
      65
      63
      71
      61
      57
      61
      48
      46
      67
      74
      62
      51
      46
      52
      74
      59
      52
      71
      63
      80
      75
      61
      76
      49
      70
      77
      72
      82
      83
      82
      69
      60
      52
      51
      56
      74
      75
      73
      55
      50
      48
      57
      56
      53
      51
      56
      50
      71
      57
      62
      62
      54
      59
      79
      82
      86
     105
      96
      92
      70
      49
      72
      71
      59
      50
      57
      50
      60
      62
      60
      60
      58
      44
      56
      45
      45
      54
      49
      53
      61
      57
      61
      71
     123
     135
     208
     160
     134
     113
      63
      51
      65
      60
      55
      45
      46
      47
      48
      60
      43
      48
      37
      49
      40
      49
      43
      52
      44
      42
      44
      41
      34
      44
      46
      47
      55
      52
      39
      48
      48
      41
      49
      68
      58
      49
      59
      52
      56
      49
      60
      47
      50
      55
      50
      60
      52
      53
      51
      60
      65
      50
      52
      52
      49
      53
      50
      54
      43
      54
      40
      47
      52
      48
      43
      39
      52
      33
      39
      44
      48
      36
      45
      46
      38
      41
      48
      40
      51
      50
      42
      55
      46
      45
      50
      48
      45
      68
      62
      52
      56
      76
      63
      52
      44
      44
      52
      62
      48
      35
      41
      38
      48
      61
      71
      94
     122
     139
     121
      84
      58
      52
      47
      49
      38
      46
      47
      42
      44
      32
      55
      47
      49
      50
      45
      37
      39
      32
      36
      39
      32
      35
      44
      35
      29
      44
      38
      47
      34
      45
      35
      42
      38
      42
      38
      36
      32
      47
      39
      42
      47
      46
      45
      37
      48
      46
      37
      32
      43
      30
      35
      28
      38
      41
      42
      34
      37
      38
      43
      55
      62
      67
     106
      92
      89
      72
      87
      56
      48
      45
      44
      46
      36
      52
      35
      58
      56
      57
      40
      55
      46
      41
      40
      31
      36
      48
      28
      48
      41
      35
      34
      41
      40
      35
      48
      40
      34
      54
      52
      48
      56
      34
      51
      39
      44
      34
      37
      34
      37
      45
      34
      35
      28
      44
      46
      50
      42
      64
      90
     126
     156
     222
     252
     197
     143
      86
      53
      52
      80
     122
     177
     237
     311
     363
     303
     228
     134
      79
      51
      32
      39
      36
      42
      34
      37
      49
      44
      37
      31
      34
      27
      29
      30
      32
      41
      41
      25
      32
      36
      22
      25
      35
      35
      23
      36
      31
      36
      36
      34
      52
      44
      38
      62
      62
      80
      50
      52
      45
      47
      39
      45
      56
      80
     116
     147
     206
     178
     138
      72
      54
      53
      40
      26
      29
      35
      29
      32
      41
      39
      51
      38
      40
      42
      31
      25
      26
      28
      29
      29
      22
      29
      30
      25
      32
      29
      34
      34
      33
      40
      38
      32
      37
      41
      30
      27
      25
      34
      25
      26
      28
      37
      24
      33
      42
      25
      43
      27
      33
      33
      35
      50
      64
      59
      60
      62
      41
      36
      54
      51
      46
      42
      34
      28
      42
      43
      38
      29
      30
      43
      37
      32
      30
      28
      28
      30
      21
      26
      18
      32
      28
      28
      26
      30
      25
      32
      31
      38
      37
      40
      49
      45
      33
      28
      25
      19
      24
      24
      17
      31
      28
      30
      30
      26
      40
      30
      38
      43
      47
      65
      82
     127
     164
     155
     109
     102
      55
      37
      36
      37
      20
      29
      29
      33
      37
      42
      39
      56
      53
      38
      64
      85
     105
     158
     228
     300
     277
     244
     140
      89
      46
      26
      27
      27
      28
      30
      27
      34
      37
      30
      37
      40
      44
      31
      32
      26
      26
      29
      23
      35
      46
      38
      32
      30
      34
      37
      28
      21
      32
      24
      27
      24
      24
      23
      25
      21
      22
      29
      37
      22
      27
      25
      40
      45
      34
      35
      38
      26
      26
      27
      28
      21
      31
      31
      22
      18
      24
      22
      21
      16
      21
      13
      21
      24
      21
      15
      17
      26
      14
      27
      20
      16
      22
      37
      39
      36
      48
      45
      29
      26
      38
      26
      35
      18
      37
      32
      32
      17
      25
      25
      29
      17
      26
      21
      30
      31
      34
      35
      33
      24
      25
      26
      28
      28
      22
      31
      28
      37
      36
      44
      46
      37
      50
      27
      28
      19
       8
      19
      32
      38
      34
      34
      29
      24
      22
      25
      25
      27
      42
      31
      43
      62
      55
      56
      42
      32
      23
      14
      22
      21
      24
      21
      20
      17
      22
      10
      17
      16
      25
      15
      20
      23
      16
      20
      20
      16
      20
      31
      22
      40
      34
      32
      27
      22
      21
      22
      28
      21
      18
      23
      18
      35
      24
      34
      18
      28
      24
      21
      20
      22
      21
      16
      17
      13
      19
      19
      24
      19
      26
      32
      23
      25
      25
      21
      16
      18
      23
      28
      33
      29
      40
      30
      23
      13
      15
      21
      16
      15
      18
      15
      14
      21
      20
      22
      22
      24
      25
      27
      19
      13
      26
      19
      30
      20
      20
      15
      19
      18
      26
      21
      22
      23
      11
      10
      14
      20
      10
      24
      33
      31
      52
      51
      76
      78
      83
      67
      47
      39
      28
      39
      27
      15
      15
      22
      16
      16
      25
      23
      31
      19
      21
      13
      14
      23
      37
      29
      33
      34
      40
      28
      28
      21
      16
      14
      19
      20
      14
      12
      14
      15
      17
      16
      17
      18
      22
      20
      12
      18
      14
      10
      14
      16
      11
      11
      14
      16
      17
      13
      18
      10
      13
      20
      13
      18
      21
      15
      17
      16
      18
      21
      13
      15
      20
      21
      21
      17
      22
      15
       9
      10
      13
      11
      12
      15
      19
      13
      14
      15
      12
       9
      15
      17
      14
      21
      19
      25
      25
      26
      48
      36
      57
      72
      70
      68
      66
      42
      22
      20
      28
      16
      20
      13
      25
      17
      24
      11
      18
      15
      12
      26
      19
      12
      31
      18
      26
      30
      36
      48
      55
      33
      28
      27
      20
      16
      12
      17
      15
      19
      15
      14
      13
      14
      12
      15
       9
      12
      15
      16
      22
      14
      13
      14
       9
      13
      10
      14
       7
      18
      14
      17
      11
      15
      21
      16
       9
      12
      11
      14
      16
      19
      15
      14
      15
       9
      17
      10
      19
      19
       9
      14
       9
      14
      18
      13
      10
      10
      15
      12
      14
      14
      13
       5
      11
      11
      13
      15
      11
      10
      10
      11
      13
      13
      15
      20
      15
      11
      17
      12
      18
      14
      13
      13
      18
      17
      15
      13
      15
      19
      10
      11
      12
      13
      16
      10
       8
       8
      11
       7
      10
      10
      10
      12
      20
      27
      19
      18
      11
      22
      13
      18
      20
       7
      18
       4
      13
      13
      27
      11
      16
      18
      11
       9
      10
      14
      11
      18
      15
      22
      14
      16
      14
      15
      10
      12
      21
      25
      34
      29
      43
      32
      26
      16
       9
      14
      15
      14
      14
      12
      13
      12
      14
      18
       9
      10
      11
      10
      10
      13
      11
      10
      11
      17
      10
      13
       7
      16
      13
       5
      11
      10
      14
      12
      13
      13
      12
      16
       9
      10
      14
       6
      15
      11
       9
      13
      12
      12
      18
      19
      13
      16
      13
       8
       8
       5
       7
      11
       5
       6
      12
      17
      11
       7
      14
      15
      23
      36
      35
      41
      54
      50
      45
      24
      25
      11
      12
       6
       9
       8
       7
      17
       7
      10
       7
      13
       7
      10
       9
       9
       9
      13
      13
      13
      13
       6
      10
       9
      13
       8
       3
       4
      11
      11
      12
      12
      14
      15
      17
      17
      20
      30
      23
      36
      51
      48
      40
      39
      23
      20
       8
       7
       7
       7
       9
       5
       5
      12
       7
       4
       1
       8
       6
      11
       5
      11
      10
       4
      13
       5
       9
      14
      10
      12
       7
       9
       7
      12
      11
      13
       6
       3
       9
      11
      10
      11
      15
      22
      19
      16
      10
      17
      11
       6
       6
      11
       6
      10
       7
       7
       6
       9
       4
       9
       7
       5
      19
      13
      25
      13
      12
       7
      12
       9
       8
       3
       7
       5
       8
       6
       3
      10
       9
       7
       3
       5
      11
       5
       8
       8
       3
       7
       5
       9
       8
       8
       8
      10
       9
       4
       5
       0
      11
      11
      16
      10
      17
      16
      11
      15
      11
      11
      14
       9
      12
       8
       6
       9
       2
       7
      12
       5
       4
       5
       9
       7
       8
      12
       8
       8
       7
       6
       6
       9
       6
       4
       2
       9
       4
       6
       2
       2
       3
       7
       4
       2
       6
       4
       6
       5
       4
       8
       9
       4
       6
       6
       5
       3
       5
       7
       4
       6
       5
       7
       5
       4
       5
       5
       2
       9
       2
       9
       7
       9
      11
       8
      12
       4
      15
       3
       3
       9
       6
      11
       4
       8
       4
       5
       4
      10
       7
       4
       4
       4
       2
       4
       4
       2
       5
       2
       5
       2
       5
       3
       5
      12
       2
       6
       5
       6
       5
       6
       4
       9
       8
       6
       6
      22
      25
      29
      45
      56
      56
      45
      23
      22
      15
       5
       6
       2
       5
       5
      10
       3
       7
      11
       5
       4
       6
       6
       3
       6
       6
      10
      10
       9
       6
       6
       5
       6
       6
       5
       5
       0
       4
       3
       4
       5
       8
      10
       1
       7
       4
       7
      13
       7
       6
       9
      10
      14
      14
      25
      29
      36
      32
      19
      19
      23
       8
       6
       6
$ROI:
0
$PRESETS:
None
0
0
$ENER_FIT:
-0.17 0.50021
$MCA_CAL:
3
-0.17000 0.50021 0.00 keV
$SHAPE_CAL:
3
-0.745400338012 7.65204008958 -26.7731741705
$META:
{'istp': ['133CEm', '133CEg', '133LA', '132CE', '132LA', '139CE', '137CEg', '137CEm', '137LA', '135CE', '135LA', '134LA', '132CS', '7BE', '133BAm', '133BAg'], 'res': 0.05, 'R': 0.2, 'unc_eff': [[0.022038742051812752, -0.23165177067312645, 0.6005679933771606], [-0.2316517706731248, 2.449183052674086, -6.383802492714265], [0.6005679933771524, -6.3838024927142225, 16.725097801251202]], 'alpha': 0.9}
