$SPEC_ID:
No sample description was entered.
$SPEC_REM:
DET# 9480
DETDESC# HPGE
AP# Maestro Version 7.01
$DATE_MEA:
10/17/2018 10:28:50
$MEAS_TIM:
1800 2010
$DATA:
0 4095
     300
     335
       0
       0
       0
       0
       0
       0
       0
       0
       0
       0
       0
       0
       0
       0
       0
       0
       0
       0
       0
       0
       0
       0
       0
       0
       0
       0
       0
       0
       0
       0
       0
       0
       0
       0
       0
       0
       0
       0
       0
       0
       0
       0
       0
       0
       0
       0
       0
       0
       0
       0
       0
       0
       0
       0
       0
       0
       0
       0
       0
       0
       0
       0
       0
       0
       0
       0
       0
       0
       0
       0
       0
       0
       0
       0
       0
       0
       0
       0
      25
     189
     662
    2139
   12227
   19681
   19866
   19815
   19858
   19636
   19362
   19436
   19246
   19136
   19371
   18977
   18950
   18920
   18924
   18903
   18782
   18593
   18717
   18655
   18400
   18756
   18529
   18660
   18111
   18122
   18373
   17935
   18105
   18223
   18304
   18342
   19560
   21465
   19037
   18073
   17607
   17896
   17682
   17942
   17864
   17899
   18108
   17998
   17976
   17856
   17909
   17898
   17848
   18111
   17751
   17619
   17930
   17921
   17823
   17858
   17859
   17805
   17898
   17804
   18286
   18760
   19111
   18033
   17879
   18741
   20140
   18935
   17725
   17776
   17795
   17791
   17817
   17940
   17668
   18281
   18241
   18295
   18115
   18005
   18236
   18453
   18304
   18268
   19296
   19673
   19851
   19296
   19286
   20102
   21746
   21945
   22916
   22788
   22165
   19908
   19722
   19656
   19539
   19514
   19789
   19791
   19899
   19912
   20241
   19890
   20238
   20698
   20669
   20881
   21707
   21727
   20786
   21073
   21267
   21228
   21397
   21383
   21645
   21802
   21976
   22109
   22410
   22484
   22202
   22721
   22793
   22736
   22836
   22948
   23156
   23109
   23458
   23636
   23760
   23785
   23874
   24031
   24126
   23972
   24423
   24684
   24614
   24436
   24863
   24893
   25192
   25340
   25279
   25443
   25672
   26364
   28557
   27738
   29247
   35673
   31511
   26642
   26248
   26042
   26100
   26257
   26532
   28262
   29627
   27219
   26164
   26321
   26280
   26379
   26669
   26434
   26630
   26885
   26958
   27571
   29221
   37271
   39857
   31015
   28536
   28178
   29101
   28421
   28118
   27730
   27827
   27601
   27643
   27461
   27576
   27455
   27475
   27457
   27573
   27937
   27484
   27206
   27534
   27187
   27503
   27175
   27277
   26954
   26923
   26847
   26507
   26809
   26599
   26673
   26490
   26324
   26652
   26558
   26388
   26131
   26088
   25892
   26034
   25967
   25977
   25438
   25657
   25552
   25312
   25238
   25492
   25183
   25333
   25399
   25240
   24927
   24761
   24989
   24754
   24760
   24357
   24464
   24461
   24493
   25162
   25340
   24625
   23704
   24219
   24047
   24014
   24190
   24690
   23879
   24315
   24024
   24035
   24490
   25026
   25441
   24796
   25080
   25447
   25341
   25607
   25784
   25921
   25934
   25992
   25882
   26044
   26100
   25907
   25893
   26029
   26278
   26648
   26836
   26535
   26413
   25375
   25420
   25690
   25586
   25592
   25365
   25174
   24999
   25010
   25138
   24748
   24910
   24876
   24778
   24780
   24299
   24029
   24253
   23840
   23646
   23520
   23328
   23451
   22979
   23409
   23165
   22869
   22888
   22740
   22751
   22387
   22256
   22041
   21980
   21819
   21810
   21656
   21601
   21487
   21136
   21218
   21199
   21300
   20890
   20669
   20467
   20091
   20229
   20062
   20316
   20558
   22893
   39593
   65712
   47359
   23756
   19611
   19378
   19228
   18923
   18700
   18808
   18714
   18336
   18184
   18102
   17936
   17930
   17934
   17790
   17556
   18285
   19096
   18569
   17657
   17431
   16979
   17036
   16948
   16905
   16847
   17105
   17153
   16984
   16602
   16451
   16431
   16235
   16189
   16243
   16355
   16071
   15805
   16055
   15838
   15851
   15742
   15844
   15501
   15538
   15582
   15356
   15498
   15388
   15336
   15327
   15300
   15121
   15258
   15296
   15199
   15086
   14999
   15222
   15038
   14592
   14791
   14888
   14898
   14959
   14772
   14594
   14476
   14784
   14474
   14743
   14445
   14394
   14625
   14373
   14560
   14297
   14365
   14340
   14473
   14253
   14217
   14410
   15018
   14713
   14451
   14035
   14030
   14112
   14292
   14161
   14265
   16113
   22595
   25299
   18186
   14372
   14159
   14043
   13867
   13957
   13740
   13920
   13890
   13650
   13660
   14002
   14344
   14598
   14376
   14093
   14325
   14772
   16762
   27703
   88526
  190149
  143755
   42356
   17830
   17557
   18897
   16790
   14619
   13868
   13418
   13530
   13154
   12969
   13079
   13204
   13015
   12916
   12880
   13079
   12876
   13900
   14412
   13825
   13116
   12795
   13372
   15006
   16151
   14033
   12683
   12520
   12509
   12370
   12620
   12386
   12379
   12292
   12396
   12400
   12403
   12362
   12402
   12294
   12475
   12319
   12316
   12194
   12505
   13059
   13917
   13581
   13105
   12663
   12190
   11992
   12332
   12290
   12315
   12374
   12301
   12122
   12195
   12145
   12201
   12285
   12821
   14098
   20677
   50910
   98177
   76569
   27944
   14540
   14044
   14312
   12932
   12287
   12079
   12044
   12140
   11612
   11624
   11822
   11794
   11923
   11660
   11624
   11721
   11478
   11540
   11383
   11497
   11549
   11385
   11257
   11328
   11200
   11369
   11346
   11182
   11488
   11379
   11194
   11265
   11059
   11244
   11399
   11343
   11165
   11126
   11485
   11115
   11237
   10991
   11234
   11011
   11141
   10866
   11268
   11341
   11167
   11199
   10971
   11092
   11215
   11505
   12009
   11918
   11508
   10871
   10951
   10825
   10851
   10859
   10739
   10887
   10853
   10841
   10690
   10516
   10734
   10483
   10532
   10332
   10346
   10168
   10176
   10088
    9960
    9763
    9494
    9127
    9175
    8901
    8742
    8986
    8639
    8314
    8228
    8316
    8150
    8769
    9155
    8477
    8028
    7836
    7659
    7610
    7415
    7500
    7447
    7392
    7420
    7172
    7263
    7241
    7072
    6990
    6854
    6976
    6745
    6852
    6860
    6706
    6898
    6707
    6590
    6473
    6592
    6657
    6526
    6366
    6450
    6449
    6396
    6326
    6248
    6685
    6517
    6398
    6250
    6265
    6227
    6233
    6243
    6148
    5957
    6117
    6096
    6044
    6040
    5994
    5933
    5985
    6056
    6281
    6345
    6092
    5928
    5831
    5716
    5704
    5693
    5780
    5711
    5680
    5707
    6526
    8497
    9460
    7373
    5743
    5563
    5482
    5286
    5619
    5387
    5325
    5272
    5346
    5325
    5204
    5217
    5441
    6284
    6475
    5806
    5219
    5198
    5136
    5000
    5023
    4894
    4934
    4885
    4834
    4904
    4744
    4774
    4878
    4791
    4705
    4601
    4970
    5232
    5903
    5473
    4945
    4870
    5135
    4943
    4458
    4393
    4402
    4393
    4396
    4313
    4382
    4638
    4600
    4368
    4145
    4163
    4250
    4200
    4168
    4054
    4089
    4067
    4110
    4276
    4042
    4073
    4104
    4052
    4038
    3969
    4000
    3851
    3879
    3984
    3946
    3772
    3942
    3790
    3740
    3873
    3843
    3913
    3795
    3687
    3749
    3799
    3699
    3832
    3765
    3690
    3717
    3718
    3642
    3626
    3617
    3601
    3562
    3664
    3554
    3468
    3475
    3488
    3447
    3450
    3483
    3466
    3839
    4260
    4115
    3658
    3439
    3354
    3209
    3394
    3387
    3572
    3481
    3345
    3391
    3245
    3259
    3285
    3186
    3296
    3123
    3226
    3323
    3223
    3317
    3358
    3498
    3500
    3330
    3232
    3366
    3640
    4039
    4195
    3544
    3196
    3152
    3121
    3154
    3128
    3006
    3016
    2945
    3114
    3251
    3255
    3060
    3112
    2974
    2959
    3070
    2962
    3022
    2943
    3162
    3137
    3115
    3275
    3013
    2982
    2829
    2987
    2846
    3030
    2863
    2876
    3122
    3298
    3235
    3232
    2976
    2902
    2912
    2850
    2912
    2864
    2864
    2877
    2838
    2976
    2833
    2930
    2844
    2802
    2834
    2773
    2896
    3063
    3372
    3637
    4123
    5926
    9689
   10329
    6501
    3750
    3275
    3838
    5685
    7702
    6690
    4123
    3358
    3590
    4986
    6271
    5649
    4076
    3410
    3231
    3100
    3792
    4232
    4009
    3122
    2851
    2793
    2841
    2691
    2727
    2776
    2855
    2911
    2778
    2822
    2863
    2739
    3085
    3109
    3510
    4028
    4287
    3683
    3189
    3040
    2962
    2980
    2991
    3037
    3109
    3122
    3067
    3182
    3228
    3266
    3359
    3379
    3665
    3896
    4367
    4903
    5602
    7148
   10277
   16188
   27619
   49840
   86335
  132342
  171458
  187041
  170765
  132347
   86916
   49615
   27425
   16196
   10173
    7152
    5621
    4804
    5194
    8007
   17163
   27152
   21920
    9890
    4197
    3016
    2737
    2656
    2454
    2466
    2486
    2470
    2792
    2754
    2565
    2239
    2174
    2062
    2091
    2098
    2096
    2183
    2242
    2113
    2049
    1966
    1895
    1861
    1845
    1884
    1870
    1828
    1813
    1816
    1873
    1873
    1788
    1752
    1754
    1767
    1780
    1574
    1724
    1680
    1648
    1741
    1904
    2167
    2121
    1892
    1754
    1604
    1672
    1628
    1702
    1840
    2224
    2677
    2386
    1812
    1675
    1650
    1541
    1578
    1547
    1551
    1568
    1542
    1555
    1474
    1504
    1526
    1513
    1574
    1522
    1528
    1540
    1556
    1561
    1531
    1532
    1482
    1452
    1594
    1524
    1650
    1608
    1577
    1524
    1658
    1796
    2050
    2024
    1791
    1661
    1810
    1939
    1950
    2273
    2494
    2159
    1764
    1492
    1512
    1584
    1688
    1988
    3397
    7585
   14698
   16427
    9832
    3640
    1942
    1669
    1684
    1886
    2837
    5505
    8789
    7845
    4182
    2053
    1581
    1535
    1409
    1536
    1434
    1448
    1411
    1341
    1380
    1375
    1471
    1487
    1498
    1433
    1388
    1277
    1400
    1481
    1569
    1525
    1340
    1208
    1281
    1322
    1301
    1297
    1333
    1343
    1347
    1257
    1257
    1297
    1304
    1361
    1460
    1452
    1402
    1268
    1285
    1263
    1212
    1278
    1314
    1295
    1241
    1337
    1400
    1456
    1791
    2803
    5987
   10036
   10316
    8550
   13076
   23819
   26757
   15805
    5468
    2163
    1540
    1407
    1329
    1371
    1365
    1449
    1571
    1420
    1254
    1190
    1174
    1178
    1141
    1175
    1137
    1188
    1295
    1610
    1804
    1661
    1354
    1242
    1171
    1260
    1421
    1836
    1808
    1580
    1206
    1095
    1072
    1034
    1088
     992
    1028
    1036
     950
    1056
     991
     983
    1042
    1047
    1032
    1085
    1089
    1120
    1207
    1384
    1523
    1223
    1083
    1023
     986
     958
     931
     946
     938
     918
     939
     919
     893
     928
     896
     881
     855
     911
     866
     912
     909
     904
     992
    1147
    1084
     941
     883
     754
     829
     882
     865
     803
     801
     862
     880
     810
     875
     878
     843
     841
     932
     852
     901
     844
     840
     849
     797
     804
     778
     818
     830
     804
     753
     790
     779
     820
     801
     780
     808
     835
     854
     874
     1000
    1349
    2428
    3902
    4434
    3169
    1797
    1282
    1141
     978
     864
     761
     805
     841
     777
     782
     784
     801
     765
     736
     769
     758
     725
     739
     730
     741
     748
     808
     779
     816
     763
     819
     779
     765
     795
     749
     757
     782
     848
     955
    1126
    1215
    1011
     840
     723
     719
     650
     718
     809
     774
    1048
    1147
    1072
     799
     703
     690
     655
     621
     687
     656
     649
     630
     596
     614
     647
     687
     698
     624
     655
     585
     632
     633
     631
     642
     576
     623
     629
     589
     606
     619
     618
     584
     535
     613
     565
     616
     623
     621
     600
     599
     573
     565
     571
     588
     559
     659
     642
     659
     606
     523
     534
     537
     535
     524
     535
     541
     588
     631
     741
     930
     992
     782
     644
     536
     522
     519
     458
     465
     514
     505
     501
     500
     514
     521
     525
     506
     500
     569
     561
     612
     502
     480
     507
     449
     514
     480
     479
     482
     472
     479
     472
     501
     478
     475
     439
     508
     504
     487
     467
     473
     482
     492
     483
     482
     466
     415
     499
     445
     422
     471
     468
     478
     458
     456
     464
     438
     448
     448
     437
     448
     433
     461
     444
     487
     461
     529
     482
     496
     449
     453
     477
     487
     451
     409
     437
     416
     475
     438
     394
     420
     428
     422
     444
     398
     414
     492
     451
     509
     450
     412
     421
     452
     427
     469
     419
     374
     399
     405
     422
     418
     404
     427
     462
     466
     452
     451
     443
     496
     646
     757
     812
     689
     591
     474
     472
     469
     554
     684
     800
     724
     571
     496
     454
     558
     592
     806
    1361
    3036
    6592
   10161
    9958
    6025
    2687
    1188
     681
     469
     459
     458
     400
     434
     402
     422
     363
     383
     384
     377
     340
     375
     381
     392
     361
     366
     366
     361
     354
     354
     349
     381
     388
     345
     353
     334
     360
     347
     375
     343
     360
     324
     337
     347
     320
     338
     356
     381
     353
     346
     379
     356
     325
     306
     304
     344
     338
     344
     364
     364
     356
     340
     346
     331
     329
     413
     464
     608
     699
     506
     432
     350
     353
     333
     374
     387
     379
     341
     314
     325
     326
     292
     328
     349
     397
     388
     428
     422
     447
     582
    1125
    2152
    3848
    4836
    3910
    1907
     736
     421
     397
     359
     374
     340
     290
     371
     334
     466
     433
     408
     370
     307
     301
     303
     325
     286
     322
     278
     299
     278
     322
     306
     329
     306
     279
     324
     330
     399
     482
     466
     478
     418
     327
     314
     289
     288
     236
     270
     290
     258
     260
     235
     260
     288
     295
     256
     268
     293
     286
     282
     261
     276
     260
     321
     338
     359
     379
     294
     277
     296
     289
     298
     304
     347
     297
     280
     260
     247
     256
     242
     245
     282
     339
     378
     383
     325
     376
     441
     769
    1418
    2310
    2888
    2214
    1147
     564
     433
     480
     576
     449
     363
     296
     328
     266
     288
     279
     253
     217
     237
     237
     264
     214
     227
     214
     227
     238
     229
     216
     234
     230
     220
     234
     227
     230
     259
     261
     255
     217
     250
     232
     246
     211
     211
     213
     216
     243
     238
     216
     234
     254
     216
     212
     207
     191
     198
     204
     211
     192
     195
     224
     209
     223
     244
     254
     197
     253
     236
     277
     461
     837
    1256
    1499
    1198
     688
     369
     243
     226
     217
     199
     241
     258
     246
     213
     270
     252
     213
     206
     223
     204
     225
     262
     212
     229
     207
     197
     192
     210
     206
     227
     266
     226
     220
     215
     208
     208
     226
     213
     232
     258
     259
     286
     273
     237
     237
     204
     195
     228
     208
     203
     219
     203
     235
     212
     210
     194
     211
     220
     214
     212
     214
     200
     199
     186
     194
     213
     188
     198
     194
     193
     199
     186
     183
     190
     187
     217
     226
     230
     179
     212
     196
     219
     203
     217
     166
     176
     184
     180
     177
     221
     225
     265
     291
     239
     209
     209
     177
     172
     194
     178
     170
     203
     170
     162
     224
     182
     185
     198
     183
     164
     197
     174
     193
     185
     171
     184
     217
     236
     309
     365
     412
     364
     237
     235
     193
     193
     193
     211
     165
     191
     191
     185
     204
     191
     244
     259
     250
     162
     172
     184
     180
     171
     179
     191
     191
     170
     187
     169
     167
     168
     178
     167
     179
     172
     177
     186
     213
     229
     282
     239
     242
     197
     183
     174
     163
     171
     213
     220
     234
     331
     364
     291
     282
     232
     162
     159
     181
     186
     164
     150
     178
     166
     164
     168
     162
     170
     166
     143
     173
     157
     165
     157
     142
     171
     178
     168
     147
     184
     165
     182
     166
     158
     150
     151
     145
     166
     168
     143
     170
     181
     182
     151
     175
     177
     145
     132
     162
     154
     163
     156
     165
     183
     186
     184
     170
     175
     138
     173
     180
     196
     178
     179
     171
     181
     177
     190
     143
     139
     141
     143
     125
     142
     142
     134
     121
     133
     138
     154
     122
     132
     113
     128
     127
     139
     134
     137
     140
     117
     135
     145
     115
     128
     142
     149
     161
     140
     152
     170
     153
     170
     128
     113
     111
     121
     117
     137
     114
     141
     132
     151
     135
     133
     149
     129
     157
     151
     111
     156
     118
     108
     143
     121
     133
     159
     179
     162
     143
     126
     122
     121
     129
     108
     125
     110
     106
      99
     140
     126
     114
     122
     139
     133
     143
     141
     137
     122
     117
     127
     127
     114
     122
     134
     122
     117
     125
     113
     126
     136
      97
     103
     120
     141
     114
     124
     112
     108
     110
     120
     101
     107
     131
     122
      99
     126
     112
     117
     112
     110
     100
     111
     118
      97
     105
     126
     118
     131
     120
     128
     140
     130
     157
     145
     135
     132
     105
     109
      95
     113
     113
     115
     115
     119
     163
     150
     146
     158
     139
     124
     109
      99
     111
      93
     115
     104
     111
     112
     106
     122
     115
     142
     145
     127
     134
     116
     121
     106
     100
     109
      96
     120
     103
     104
     117
     129
      94
     103
     112
     113
     100
     109
     109
     119
     118
      76
     111
     102
      83
      96
      91
     118
     101
     126
     102
     104
      91
     107
      91
      95
      89
     104
      93
      87
      95
      98
      94
      99
     100
      95
      86
     104
      95
     109
      97
     104
     118
     107
     108
     104
     126
     133
     122
     134
      86
      81
      82
      97
     110
      96
      84
      87
      91
      94
      83
     108
      91
      96
     102
     102
     128
     158
     123
     113
     103
     105
      86
      99
      87
      84
     110
     114
     108
      99
     104
      88
      98
     122
     169
     235
     357
     397
     418
     298
     216
     156
     146
     108
     110
     110
     127
     148
     113
     109
     109
     100
      96
      98
      83
      85
      98
      98
      82
      96
      85
      93
     103
      79
      90
      92
      78
      85
      89
     101
      85
     101
     122
     135
     146
     129
     138
     116
     133
     170
     200
     241
     208
     209
     174
     208
     162
     203
     150
     134
      91
     100
      85
     113
     108
     110
     111
     108
     107
     109
     124
     123
     139
     241
     407
     542
     647
     640
     471
     293
     163
     112
      93
      98
     115
      85
      91
     119
      95
     108
     100
     101
      96
      86
      86
      90
      92
     105
     104
     122
     117
     116
     115
     102
     109
     119
     126
     162
     174
     160
     120
     111
      85
      94
      89
      75
      89
      88
      63
      88
      97
     112
     101
      90
     121
      97
      93
      88
     100
     142
     158
     170
     157
     185
     146
     188
     159
     178
     107
     104
      88
      87
      98
      86
     117
      76
      80
      74
      97
      97
      91
     104
      89
      88
      94
      79
      70
      84
      59
      82
      78
      79
      92
      69
      84
      89
      87
      72
      88
      86
      94
      99
     108
     118
     129
     166
     139
     113
     101
      84
      92
      77
      90
      83
      82
      86
      97
      82
      89
      79
      92
      71
      69
      80
      81
     105
      84
      90
      99
      85
      92
      89
      86
      80
      80
      87
      87
      82
      89
      89
      97
     109
      98
      98
      77
     103
      87
      63
      87
      96
      99
      73
      93
      94
     124
     105
     120
     110
      87
      97
      97
      96
      77
      81
      69
      83
      90
      92
      70
      95
      90
      82
      82
      80
      63
      64
      88
      83
      92
      86
      96
      94
      88
      90
      82
      88
      58
      80
     102
      79
      96
      85
      90
      89
     104
     107
      73
      73
      80
      72
      90
      83
      74
      73
      82
      81
      88
      93
      74
      91
      88
      89
     108
     140
     121
      99
      87
      75
      78
      90
      72
      77
      86
      77
     100
      89
      76
      92
      88
      80
      90
      70
      87
      84
      72
     102
     108
     106
     105
      94
      84
      85
      56
      70
      58
      66
      77
      73
      83
      81
      77
      83
      82
      73
      76
      71
      85
      80
     101
      74
      79
      70
      79
      81
      67
     100
      68
      90
      79
      82
      70
      89
      77
      85
      56
      65
      77
      72
      92
      81
      90
     100
      78
      77
      88
      71
      83
      68
      73
      67
      69
      60
      77
      60
      76
      62
      66
      74
      67
      82
      66
      63
      63
      75
      94
      72
      62
      79
      86
      94
      66
      76
      80
      59
      71
      64
      73
      65
      69
      77
      61
      61
      70
      52
      80
      61
      71
      70
      59
      65
      87
      84
      80
      79
      72
      83
      65
      73
      69
      71
      67
      60
      70
      63
      64
      83
      66
      74
      79
      62
      69
      54
      61
      68
      71
      76
      66
      80
      73
      77
      81
      74
      76
      87
      78
      83
      71
      69
      61
      58
      94
      67
      56
      69
      60
      69
      61
      70
      57
      67
      63
      61
      55
      55
      53
      49
      61
      58
      64
      76
     102
     116
     124
     128
     107
      91
      62
      68
      67
      70
      65
      60
      46
      61
      47
      62
      46
      52
      56
      60
      63
      68
      62
      46
      42
      52
      53
      54
      55
      44
      49
      52
      47
      55
      57
      56
      45
      51
      65
      69
      65
      62
      66
      56
      64
      52
      59
      49
      63
      50
      64
      56
      47
      57
      47
      60
      66
      57
      62
      52
      45
      44
      45
      53
      44
      50
      47
      46
      60
      58
      46
      46
      40
      48
      46
      41
      47
      39
      43
      57
      51
      59
      55
      39
      46
      55
      43
      50
      50
      49
      43
      64
      47
      54
      60
      71
      85
     108
      84
      80
      66
      54
      49
      54
      38
      53
      51
      56
      53
      71
      51
      70
     106
      90
      87
      67
      56
      48
      50
      55
      59
      38
      50
      54
      52
      46
      59
      48
      58
      46
      37
      37
      44
      55
      38
      42
      34
      47
      48
      44
      37
      42
      35
      51
      41
      46
      34
      47
      41
      45
      44
      46
      49
      34
      44
      44
      41
      47
      45
      45
      46
      39
      30
      44
      38
      44
      41
      50
      41
      44
      37
      40
      40
      46
      43
      33
      45
      60
      93
      96
     110
     126
     121
     124
      75
      59
      48
      44
      42
      28
      45
      50
      50
      44
      45
      43
      42
      27
      30
      39
      41
      39
      45
      37
      40
      39
      43
      35
      48
      39
      47
      47
      41
      63
      85
      79
      77
      74
      51
      41
      36
      35
      37
      36
      32
      39
      39
      33
      48
      56
      43
      48
      69
      57
      60
      89
     120
     147
     156
     131
      97
      69
      53
      53
      75
      55
     103
     132
     179
     220
     254
     149
     126
      84
      59
      39
      32
      33
      37
      48
      39
      31
      44
      46
      36
      34
      41
      30
      35
      33
      21
      34
      31
      32
      31
      32
      29
      33
      37
      33
      38
      27
      34
      27
      37
      32
      33
      38
      35
      59
      49
      42
      41
      48
      24
      32
      39
      47
      58
      70
      98
     115
      98
      96
      57
      52
      29
      34
      25
      35
      34
      31
      28
      40
      31
      30
      34
      29
      35
      28
      37
      24
      25
      21
      27
      31
      41
      27
      37
      31
      29
      27
      37
      28
      24
      36
      44
      35
      47
      30
      34
      22
      24
      27
      28
      26
      38
      34
      34
      42
      42
      43
      42
      36
      55
      73
     111
     112
     137
     122
      97
      69
      54
      49
      47
      38
      46
      46
      51
      52
      63
      51
      41
      39
      34
      24
      37
      26
      33
      17
      20
      24
      28
      29
      27
      39
      34
      20
      22
      31
      22
      26
      28
      30
      35
      49
      29
      46
      33
      28
      25
      22
      22
      27
      36
      27
      32
      28
      33
      33
      31
      30
      23
      40
      60
      63
      94
      92
      96
     101
      65
      59
      29
      40
      30
      31
      36
      32
      28
      35
      40
      42
      48
      45
      63
      77
      96
     168
     282
     432
     528
     570
     463
     295
     151
      67
      44
      31
      34
      34
      22
      31
      28
      28
      23
      24
      20
      23
      23
      24
      28
      25
      23
      30
      20
      23
      27
      31
      28
      27
      27
      27
      31
      25
      20
      23
      17
      20
      14
      22
      16
      21
      24
      24
      12
      25
      24
      23
      27
      23
      42
      26
      26
      34
      31
      21
      24
      18
      18
      17
      25
      13
      18
      17
      22
      15
      16
      19
      19
      21
      25
      17
      23
      25
      25
      20
      23
      20
      28
      30
      24
      38
      42
      20
      35
      19
      37
      37
      25
      21
      17
      12
      28
      22
      15
      17
      15
      25
      15
      22
      20
      35
      27
      26
      20
      27
      24
      19
      20
      22
      22
      20
      28
      31
      26
      29
      42
      29
      27
      22
      16
      22
      22
      18
      15
      22
      27
      32
      21
      28
      20
      21
      21
      20
      36
      36
      41
      46
      38
      35
      19
      16
      18
      27
      17
      15
      25
      17
      22
      16
      19
      23
      26
      21
      17
      17
      22
      19
      26
      16
      18
      20
      25
      22
      30
      31
      27
      17
      19
      17
      15
      22
      24
      19
      23
      26
      16
      17
      23
      16
      16
      21
      20
      19
      19
      16
       8
      19
      17
      16
      18
      16
      25
      14
      29
      25
      23
      24
      22
      14
      19
      25
      23
      27
      39
      26
      29
      19
       6
      22
      22
      13
      10
      13
      20
      16
      18
      18
      23
      15
      14
      11
      24
      17
      19
      23
      21
      16
      15
      14
      21
      28
      15
      21
      19
      21
      18
      16
      14
      14
      12
      22
      17
      25
      19
      26
      26
      45
      53
      54
      43
      32
      30
      26
      26
      21
      18
      15
      14
      20
      24
      18
      22
      10
      20
      21
      22
      26
      29
      38
      38
      53
      57
      61
      67
      43
      29
      15
      13
       8
      23
      17
      14
      16
      16
      15
      17
      16
      18
      19
      15
      14
      12
      16
      20
      16
      15
      12
      10
      12
      12
      16
      12
      19
      12
      15
      11
      14
      16
      18
       7
      19
      10
      18
      10
      17
      22
       7
      10
      17
      16
      12
      16
       7
      19
      13
      17
      15
      14
      13
       9
      15
      11
      14
      15
      21
      13
      15
      27
      35
      46
      48
      50
      61
      52
      56
      40
      48
      43
      56
      19
      26
      24
      21
      23
      28
      31
      26
      25
      17
      14
      22
      18
      17
      21
      15
      17
      22
      12
      18
      20
      34
      39
      25
      33
      23
      13
      15
      13
      14
       8
       8
      11
       7
       9
      11
       9
      15
      17
      13
      10
       6
       8
       8
      10
      11
      10
      17
      11
      10
      10
      12
      15
      12
      11
      10
      23
      14
      11
       8
      12
      14
      17
      12
      17
      12
      15
       7
      13
      16
       4
      11
      14
       7
      14
      10
      10
      13
      13
      12
       8
      12
      13
       7
      10
      13
      13
       9
       8
       9
       9
       7
      11
      10
      11
      15
       8
      10
      17
      14
      15
       9
      13
      13
       7
      15
      10
      10
      10
      12
       9
      13
      11
      15
       9
       5
      15
      13
      15
       8
      15
      15
      15
       8
       5
      16
      11
       8
       9
       9
      16
       9
      15
      13
      17
      14
      13
      11
      10
      13
       9
      14
      10
      10
      10
      11
      12
       9
      18
       8
      12
      13
      15
      17
       9
      12
      11
       8
      13
       7
      13
      20
      24
      27
      27
      24
      18
       9
      12
       7
      15
      10
       3
      19
       9
      16
       7
      10
      12
       8
      13
      11
      13
       3
      11
      10
      13
       8
      11
       5
       6
       9
      15
      10
      11
       7
      10
      15
       8
      12
      14
       9
      11
      11
       7
       9
       6
       5
       6
       5
      16
       7
      15
      10
      11
       8
      10
       9
       7
      12
       9
      13
       9
       7
       9
       8
      13
       7
      11
      15
      16
      34
      37
      32
      41
      29
      24
      15
      21
       4
       7
      11
       6
       6
       4
       7
       8
       7
       4
       9
      10
       5
      15
      11
       8
       6
       9
      13
      12
      12
       6
       9
       8
       9
       7
      13
       5
      10
       6
       9
       6
      10
       6
       9
       8
       9
      11
      11
      10
      11
      10
       4
       4
       5
       7
       6
       6
      12
       4
       7
       5
       8
       7
       6
       6
       9
      10
      11
       6
       5
       6
       7
       9
       7
      16
       5
      10
      12
       8
       6
       4
       9
      11
       5
      11
       5
       8
       6
       7
      14
      10
      12
      18
      14
       9
       5
       5
       6
       6
       7
       7
       6
       4
       6
       7
       5
       2
       7
       4
      11
       7
      11
       7
      19
       9
       7
       7
       5
       6
       4
       2
       8
       6
       6
      11
       7
       7
      11
       9
      12
       8
       5
       9
       7
       5
       9
       6
       5
       6
      14
       7
       8
       9
       2
      11
       8
      24
      18
      18
      15
      16
      20
      14
      12
       7
      12
       8
      10
      12
       7
      10
       8
       5
       6
       3
       6
       5
       5
       5
       5
       6
       4
       2
       8
       4
       5
      10
       7
       7
       4
       8
      11
       2
       3
       2
       3
       2
       6
       3
       8
       3
       1
       6
       5
       6
       5
       3
       5
       2
       4
       4
       4
       7
       7
       3
       2
       9
       1
       3
       2
       3
       5
       3
       2
       9
       6
      12
      21
      12
      22
      10
      14
      16
       7
       6
       6
       7
       5
       6
       6
       2
       3
      12
       7
       6
       6
       2
       2
       3
       5
       6
       3
       5
       4
       4
       7
       5
       5
       8
       5
       8
       5
       7
       7
       2
       7
       7
       5
       8
      10
      11
      15
      29
      28
      37
      27
      29
      31
      22
      11
      12
       2
       6
       1
       2
       5
       4
       4
       7
       5
       6
       3
       5
       8
      11
      15
      14
      10
       8
      11
      15
       5
       6
       5
       1
       4
       6
       5
       7
       6
       8
       4
       8
       4
       6
       5
       5
       3
       1
       9
       5
       5
      13
       6
      15
      10
      19
      24
      23
      15
       6
       7
       5
       1
$ROI:
0
$PRESETS:
None
0
0
$ENER_FIT:
-0.17 0.50021
$MCA_CAL:
3
-0.17000 0.50021 0.00 keV
$SHAPE_CAL:
3
-0.765948053477 7.83958431117 -26.4079756712
$META:
{'istp': ['133CEm', '133CEg', '133LA', '132CE', '132LA', '139CE', '137CEg', '137CEm', '137LA', '135CE', '135LA', '134LA', '132CS', '7BE', '133BAm', '133BAg'], 'res': 0.05, 'R': 0.2, 'unc_eff': [[0.024053508436386758, -0.2517435071854035, 0.6502498581753428], [-0.25174350718540356, 2.65027007823169, -6.882714286693032], [0.6502498581753429, -6.882714286693032, 17.966849727438788]], 'alpha': 0.9}
