$SPEC_ID:
No sample description was entered.
$SPEC_REM:
DET# 9480
DETDESC# HPGE
AP# Maestro Version 7.01
$DATE_MEA:
10/17/2018 11:04:59
$MEAS_TIM:
1800 2027
$DATA:
0 4095
     300
     338
       0
       0
       0
       0
       0
       0
       0
       0
       0
       0
       0
       0
       0
       0
       0
       0
       0
       0
       0
       0
       0
       0
       0
       0
       0
       0
       0
       0
       0
       0
       0
       0
       0
       0
       0
       0
       0
       0
       0
       0
       0
       0
       0
       0
       0
       0
       0
       0
       0
       0
       0
       0
       0
       0
       0
       0
       0
       0
       0
       0
       0
       0
       0
       0
       0
       0
       0
       0
       0
       0
       0
       0
       0
       0
       0
       0
       0
       1
      25
     178
     819
    2421
   13420
   21544
   21165
   21438
   21465
   21340
   21553
   21006
   20950
   21179
   20904
   20824
   20883
   20761
   20699
   20746
   20334
   20284
   20440
   19910
   20091
   20344
   20143
   20029
   19837
   19940
   20116
   19712
   19613
   19739
   19713
   19523
   19843
   20062
   19915
   19662
   19822
   19400
   19672
   19439
   19304
   19638
   19539
   19442
   19489
   19426
   19402
   19539
   19369
   19636
   19251
   19510
   19648
   19709
   19290
   19650
   19521
   19589
   19672
   19649
   19694
   20465
   20878
   20007
   19589
   20376
   22339
   20805
   19406
   19350
   19261
   19297
   19368
   19564
   19724
   19698
   20143
   19503
   19972
   20097
   20059
   20359
   20371
   20659
   20832
   21585
   22190
   21359
   20798
   22276
   24698
   23167
   22464
   25003
   25381
   22053
   21410
   21431
   21657
   21871
   21674
   22047
   21629
   22126
   22242
   22348
   22322
   22586
   22766
   22654
   22867
   23058
   23217
   23611
   23571
   23648
   24005
   23926
   24040
   24129
   24306
   24446
   24603
   24933
   25112
   25075
   25326
   24963
   25430
   25384
   26082
   25840
   25913
   26022
   26191
   26419
   26698
   26664
   26537
   26903
   26925
   27377
   27438
   27542
   27742
   27632
   28233
   28023
   28455
   28431
   29237
   29736
   32725
   32040
   33793
   43458
   37816
   30025
   29278
   29185
   29463
   29234
   29410
   30052
   30872
   30129
   29816
   29607
   29565
   29539
   29676
   29663
   29940
   30079
   30456
   30371
   30910
   32360
   32355
   31755
   31633
   32241
   33354
   32354
   31893
   31911
   31823
   31457
   31288
   31270
   31197
   31565
   31220
   31126
   31311
   31324
   31286
   31455
   31036
   30920
   31219
   31025
   30981
   30603
   30861
   30590
   30282
   30576
   30383
   30063
   30037
   30002
   29907
   29576
   29488
   29483
   29477
   29213
   29140
   29054
   28885
   28798
   28773
   28490
   28823
   28284
   28765
   28338
   28192
   28017
   28139
   27974
   27567
   27694
   27858
   27347
   27504
   27438
   27011
   27314
   27573
   27842
   27166
   26827
   26568
   26400
   26712
   26402
   26736
   26754
   26447
   26481
   26899
   26818
   27035
   27640
   27194
   27338
   27174
   27605
   27698
   27823
   27854
   28212
   27948
   27936
   27891
   28346
   28103
   27778
   27900
   28335
   28600
   28487
   28496
   28400
   27741
   27836
   27627
   27993
   27575
   27590
   27506
   27150
   27432
   27046
   27321
   27000
   26769
   26968
   26863
   26520
   26433
   25935
   25869
   25686
   25599
   25664
   25107
   25020
   25079
   25092
   24825
   24590
   24452
   24005
   24207
   23754
   23811
   23767
   23388
   23478
   23277
   23283
   22935
   22531
   22655
   22825
   22716
   22477
   22184
   22088
   21895
   21810
   21604
   21818
   22090
   25873
   50537
   91469
   65402
   28136
   21491
   20600
   20489
   19982
   20138
   19916
   19532
   19483
   19448
   18988
   19126
   18588
   18578
   18809
   18734
   18471
   19083
   18754
   18210
   18002
   18200
   17857
   17695
   17615
   17705
   17730
   17998
   17628
   17286
   17149
   17033
   17073
   16935
   16651
   16779
   16716
   16458
   16459
   16551
   16429
   16392
   16273
   16397
   16140
   15930
   16312
   16170
   15519
   15878
   15793
   15637
   15449
   15715
   15666
   15375
   15573
   15531
   15485
   15433
   15421
   15373
   15476
   15265
   15290
   15126
   15253
   15243
   15236
   15231
   15206
   15074
   14831
   14843
   14764
   14859
   14825
   14709
   14872
   14881
   14639
   14769
   14590
   14704
   14561
   14776
   14664
   14626
   14512
   14619
   14915
   14730
   17057
   23717
   27213
   19280
   15057
   14597
   14557
   14387
   14589
   14498
   14158
   14528
   14335
   14505
   14366
   14411
   14740
   14774
   14722
   15442
   15941
   18548
   34418
  125754
  285161
  220981
   61298
   21682
   20147
   21154
   18175
   15388
   14434
   14176
   14032
   13969
   13757
   13694
   13599
   13465
   13448
   13498
   13359
   13549
   14000
   15037
   14511
   13491
   13243
   13093
   13204
   13004
   13173
   12619
   12778
   12888
   12820
   12851
   12832
   12739
   12711
   12695
   12703
   12571
   12475
   12472
   12613
   12546
   12379
   12540
   12291
   12551
   12431
   12652
   12544
   12305
   12558
   12274
   12461
   12631
   12565
   12675
   12566
   12435
   12530
   12428
   12704
   12515
   12950
   13291
   15248
   24913
   70448
  144493
  115072
   38388
   16016
   13536
   13196
   12860
   12505
   12513
   12842
   12101
   12072
   12063
   11736
   11674
   11646
   11740
   11479
   11553
   11521
   11758
   11599
   11436
   11640
   11503
   11388
   11446
   11380
   11315
   11425
   11223
   11433
   11337
   11325
   11440
   11227
   11416
   11544
   11309
   11259
   11153
   11063
   11181
   11288
   10985
   11043
   11081
   11169
   11300
   11036
   11116
   10965
   10927
   10891
   11089
   11078
   11409
   11867
   12098
   11427
   10945
   10760
   10838
   11116
   10757
   10706
   10719
   10762
   10587
   10588
   10576
   10660
   10377
   10494
   10374
   10280
   10249
   10145
    9953
   10038
    9733
    9459
    9415
    9217
    9012
    9123
    9152
    9072
    8721
    8506
    8347
    8307
    8192
    8125
    8086
    7818
    7812
    7722
    7821
    7877
    7596
    7626
    7652
    7454
    7311
    7420
    7532
    7376
    7283
    7139
    7288
    7313
    7135
    6941
    6927
    7070
    7015
    6804
    6786
    6895
    6722
    6810
    6878
    6808
    6681
    6518
    6607
    6530
    6532
    6443
    6420
    6591
    6479
    6584
    6603
    6385
    6330
    6357
    6598
    6341
    6306
    6203
    6296
    6305
    6136
    6234
    6347
    6423
    6280
    6250
    6162
    6002
    6050
    6028
    6130
    5692
    6013
    6197
    7246
   10480
   11875
    8721
    6292
    5951
    5831
    5830
    5667
    5724
    5919
    5667
    5650
    5582
    5597
    5729
    6183
    7044
    7589
    6537
    5783
    5490
    5427
    5413
    5293
    5316
    5404
    5254
    5287
    5213
    5183
    5060
    5227
    5159
    5057
    5183
    5280
    5787
    6702
    6408
    5615
    5383
    6058
    5548
    5138
    4751
    4721
    4695
    4673
    4774
    4799
    4743
    4722
    4604
    4574
    4476
    4623
    4507
    4332
    4340
    4451
    4516
    4471
    4428
    4408
    4378
    4185
    4215
    4338
    4193
    4298
    4400
    4265
    4288
    4366
    4166
    4282
    4241
    4267
    4271
    4180
    4218
    4045
    4098
    4072
    4104
    4012
    4103
    4110
    4033
    4057
    3953
    3981
    3829
    3813
    3839
    3821
    3743
    3768
    3701
    3634
    3567
    3616
    3661
    3668
    3596
    3652
    3804
    3840
    3597
    3787
    3555
    3610
    3515
    3577
    3658
    3593
    3494
    3491
    3538
    3493
    3419
    3466
    3518
    3505
    3438
    3420
    3409
    3411
    3393
    3400
    3292
    3355
    3304
    3423
    3826
    4545
    4511
    3720
    3308
    3219
    3224
    3284
    3241
    3166
    3116
    3230
    3211
    3224
    3181
    3184
    3199
    3210
    3100
    3225
    3124
    3173
    2964
    3249
    3298
    3618
    3440
    3231
    3018
    3121
    3083
    2960
    3031
    3015
    3070
    3013
    3254
    3344
    3260
    3107
    2973
    3052
    2943
    2947
    3003
    3011
    2978
    2865
    2947
    2901
    2959
    2990
    2989
    2989
    2964
    2928
    2940
    2979
    2944
    3131
    3129
    3405
    3838
    3339
    3041
    3282
    4109
    6275
    8965
    7681
    4702
    3423
    3897
    5976
    8347
    7319
    4775
    3836
    3479
    3383
    3862
    4384
    4137
    3271
    2943
    2893
    2930
    2903
    2899
    2837
    2906
    2845
    2865
    2929
    2878
    2871
    2959
    3091
    3167
    3457
    3457
    3277
    3018
    2943
    2999
    3043
    2987
    3002
    3031
    2919
    3114
    3174
    3212
    3318
    3332
    3346
    3552
    3689
    4124
    4682
    5294
    6487
    9229
   14121
   23791
   41895
   72183
  110260
  144190
  159235
  147651
  115447
   76793
   44250
   25017
   14518
    9586
    6961
    5573
    4911
    5811
   10341
   24328
   39650
   33318
   14520
    5204
    3444
    3010
    3047
    2766
    2639
    2734
    2514
    2487
    2502
    2419
    2334
    2382
    2348
    2349
    2315
    2290
    2506
    2550
    2368
    2259
    2145
    2092
    2073
    2100
    2056
    2074
    2089
    2042
    1990
    1995
    1919
    2040
    1989
    1899
    1909
    1926
    1945
    1954
    1895
    1914
    1929
    1842
    1946
    1888
    1893
    1776
    1890
    1812
    1899
    1966
    2034
    2777
    3371
    3028
    2250
    1755
    1838
    1784
    1838
    1701
    1755
    1781
    1805
    1770
    1684
    1690
    1746
    1656
    1721
    1683
    1724
    1742
    1760
    1758
    1655
    1682
    1706
    1653
    1699
    1759
    1759
    1688
    1817
    1771
    1815
    2167
    2360
    2291
    1984
    1807
    1798
    1823
    2127
    2705
    2942
    2408
    1988
    1723
    1715
    1850
    2023
    2557
    4503
   10630
   21872
   25486
   14903
    5471
    2483
    2088
    2128
    2324
    3833
    7953
   12574
   11645
    6270
    2754
    1818
    1742
    1660
    1625
    1612
    1683
    1666
    1603
    1596
    1574
    1595
    1609
    1589
    1606
    1610
    1626
    1603
    1783
    1871
    1753
    1489
    1525
    1414
    1479
    1487
    1482
    1502
    1501
    1383
    1442
    1447
    1420
    1491
    1460
    1391
    1386
    1367
    1419
    1387
    1404
    1413
    1396
    1454
    1444
    1495
    1513
    1573
    1716
    2019
    3461
    7038
   11572
   12071
   10844
   18411
   35863
   41157
   24926
    8450
    2875
    1921
    1695
    1609
    1650
    1525
    1523
    1481
    1399
    1386
    1362
    1349
    1374
    1283
    1352
    1272
    1330
    1264
    1341
    1302
    1272
    1235
    1284
    1299
    1276
    1544
    1853
    2069
    1820
    1404
    1234
    1142
    1233
    1189
    1198
    1166
    1101
    1228
    1169
    1265
    1165
    1098
    1091
    1147
    1111
    1086
    1133
    1145
    1138
    1119
    1181
    1127
    1109
    1068
    1072
    1118
    1061
    1069
    1040
    1068
    1043
    1033
    1026
     979
    1032
    1006
     961
    1039
     979
     946
     981
     966
     987
    1004
     963
     984
     976
     928
     897
     940
     908
     950
     981
     953
    1031
     977
     952
     988
     986
     923
     878
     897
     946
     903
     916
     914
     860
     932
     903
     881
     862
     936
     924
     914
     916
     905
     905
     854
     940
    1009
     996
    1147
    1743
    3164
    5633
    6668
    4808
    2326
    1324
    1128
     991
     898
     874
     842
     855
     861
     810
     849
     860
     770
     812
     810
     856
     816
     765
     771
     811
     818
     761
     789
     777
     816
     797
     832
     840
     808
     805
     753
     763
     847
    1033
    1305
    1373
    1203
     949
     774
     742
     713
     739
     744
     703
     767
     733
     756
     744
     755
     710
     659
     696
     695
     670
     662
     713
     687
     701
     699
     752
     713
     693
     651
     656
     661
     713
     615
     645
     663
     642
     617
     643
     614
     632
     633
     568
     575
     642
     629
     598
     566
     619
     619
     576
     611
     578
     581
     629
     580
     613
     631
     649
     614
     603
     573
     568
     537
     607
     575
     568
     619
     637
     811
    1073
    1282
     997
     735
     585
     548
     538
     536
     547
     499
     507
     552
     484
     502
     553
     500
     553
     566
     638
     666
     613
     568
     549
     489
     539
     505
     495
     526
     467
     493
     487
     474
     475
     458
     489
     491
     471
     543
     508
     548
     548
     523
     502
     508
     457
     479
     481
     434
     457
     450
     505
     505
     460
     477
     463
     450
     497
     478
     424
     468
     429
     459
     435
     480
     513
     493
     503
     513
     465
     460
     459
     479
     442
     469
     457
     426
     443
     470
     440
     452
     387
     417
     418
     466
     452
     469
     473
     449
     466
     464
     415
     465
     445
     426
     442
     440
     430
     422
     430
     402
     441
     448
     445
     461
     515
     502
     516
     523
     616
     757
     922
    1066
     877
     679
     533
     468
     524
     705
     817
     943
     844
     659
     513
     510
     551
     683
     920
    1785
    4292
    9431
   15069
   14411
    8341
    3053
    1015
     625
     549
     488
     475
     452
     454
     424
     411
     365
     417
     396
     400
     381
     376
     372
     375
     351
     346
     337
     364
     345
     393
     369
     357
     352
     333
     385
     365
     343
     348
     399
     378
     359
     364
     342
     357
     394
     336
     323
     344
     319
     318
     361
     340
     343
     336
     341
     354
     336
     322
     319
     338
     355
     340
     323
     329
     331
     376
     530
     662
     696
     589
     438
     326
     316
     322
     307
     307
     276
     320
     301
     310
     303
     314
     322
     329
     399
     419
     479
     466
     514
     645
    1360
    3124
    5843
    7273
    5576
    2837
    1031
     479
     400
     362
     401
     386
     359
     320
     421
     450
     508
     434
     380
     300
     290
     298
     255
     310
     284
     260
     285
     252
     248
     277
     251
     273
     287
     306
     302
     381
     463
     417
     361
     350
     282
     241
     253
     267
     247
     252
     249
     244
     262
     260
     260
     241
     258
     242
     277
     261
     287
     266
     261
     228
     262
     248
     245
     251
     246
     245
     223
     235
     227
     273
     291
     227
     244
     246
     231
     252
     222
     236
     263
     253
     296
     375
     348
     345
     388
     497
     958
    1954
    3521
    4256
    3350
    1713
     787
     482
     487
     625
     549
     451
     306
     254
     236
     239
     212
     220
     210
     240
     215
     255
     253
     232
     214
     212
     228
     245
     236
     205
     192
     194
     225
     194
     227
     224
     221
     200
     228
     227
     209
     204
     236
     216
     198
     228
     233
     219
     242
     259
     275
     227
     230
     191
     211
     218
     204
     217
     176
     241
     219
     200
     220
     228
     230
     244
     249
     283
     357
     579
    1060
    1709
    2175
    1665
     948
     458
     292
     283
     194
     206
     213
     181
     224
     178
     196
     184
     196
     201
     207
     205
     225
     189
     192
     217
     212
     173
     190
     216
     195
     245
     240
     204
     224
     222
     186
     210
     187
     204
     216
     217
     288
     293
     251
     240
     183
     202
     207
     192
     213
     179
     194
     245
     198
     192
     189
     189
     209
     212
     241
     217
     198
     174
     183
     175
     194
     178
     190
     188
     170
     168
     179
     163
     154
     187
     161
     147
     193
     184
     172
     185
     165
     164
     168
     173
     174
     176
     160
     167
     154
     163
     164
     165
     195
     185
     162
     181
     171
     150
     184
     159
     170
     167
     181
     150
     166
     158
     154
     146
     164
     143
     154
     181
     184
     163
     163
     166
     182
     235
     315
     441
     538
     466
     313
     222
     170
     159
     145
     180
     175
     163
     153
     147
     158
     139
     166
     172
     159
     151
     151
     133
     141
     157
     128
     113
     150
     144
     135
     136
     142
     165
     162
     142
     145
     155
     147
     159
     159
     185
     196
     229
     192
     186
     164
     144
     131
     111
     117
     149
     122
     128
     137
     182
     164
     137
     127
     133
     150
     162
     166
     152
     171
     131
     139
     127
     132
     151
     120
     145
     128
     121
     120
     123
     124
     148
     129
     120
     131
     154
     132
     148
     128
     138
     130
     121
     132
     138
     118
     144
     114
     124
     118
     124
     132
     106
     136
     116
     130
     127
     116
     106
     117
     143
     148
     124
     132
     139
     138
     139
     125
     123
     133
     135
     147
     152
     111
     127
     136
     137
     119
     123
     109
     124
     113
     102
      97
     113
     120
     106
     106
     124
      94
     100
      82
      99
      95
      88
      91
      84
     111
      95
      89
     102
     104
     103
     114
     128
     136
     120
     158
     143
     105
      95
      94
      95
     102
     104
      98
      94
     108
      90
     112
      87
     102
      93
      89
     113
      88
     103
     105
     108
     112
     119
     112
     164
     173
     141
     137
      98
      89
      95
      90
      82
      92
     105
      65
      95
      88
      96
      81
      83
      95
      84
      73
      95
      83
     103
      73
      89
      72
      72
      81
      93
     100
     102
      89
      88
      87
      82
     100
      80
      79
      93
      69
      77
      82
      89
     102
      78
      80
      91
      85
      93
      77
      96
      95
      97
      91
      91
      71
      85
      75
      91
      74
      85
      80
      73
      92
      87
     103
      80
      83
      72
     100
      81
      94
      75
      80
      80
      77
      65
      78
      68
      68
      79
      63
      76
      62
      74
      88
      82
      83
      91
      71
      71
      77
      65
      81
      76
      75
      64
      86
      84
      89
      97
      87
      94
      82
      72
      67
      73
      75
      81
      64
      68
      65
      54
      61
      66
      76
      84
      66
      67
      66
      82
      89
      69
      65
      77
      70
      70
      86
      85
      71
      67
      68
      74
      72
      83
      58
      68
      56
      75
      64
      57
      70
      58
     100
      64
      71
      79
      48
      63
      73
      66
      62
      66
      72
      73
      76
      72
      62
      81
      75
      77
      75
      75
      73
      64
      69
      57
      61
      72
      68
      72
      68
      64
      74
     103
     115
     148
     137
      98
     102
      70
      63
      78
      60
      61
      79
      65
      79
      74
      77
      74
      68
     100
     158
     257
     411
     586
     573
     408
     254
     132
      94
      68
      70
      75
      82
      72
      76
      84
      82
      63
      70
      69
      65
      62
      65
      74
      66
      59
      62
      64
      53
      60
      73
      62
      72
      62
      59
      73
      65
      62
      84
     102
     116
     103
     100
      88
     118
     155
     208
     233
     207
     184
     150
     207
     228
     218
     150
     108
      86
      76
      78
      68
      77
      74
      83
      90
      97
     102
      94
     101
     151
     223
     401
     654
     830
     896
     591
     295
     161
      99
      64
      70
      58
      67
      64
      74
      59
      68
      70
      43
      64
      69
      60
      65
      56
      70
      53
      54
      61
      66
      78
      55
      52
      57
      52
      63
      69
      64
      56
      58
      65
      65
      50
      43
      59
      67
      59
      62
      69
      63
      52
      64
      54
      62
      56
      72
      76
      93
      85
     121
      97
      95
     103
      93
     126
     120
      98
      91
      61
      63
      58
      52
      59
      51
      58
      53
      39
      56
      54
      62
      62
      62
      58
      48
      63
      54
      53
      53
      55
      40
      53
      60
      54
      55
      49
      40
      69
      57
      61
      65
      85
     120
     140
     120
      93
      90
      58
      45
      51
      47
      55
      47
      49
      69
      55
      48
      50
      48
      47
      54
      55
      61
      44
      55
      48
      56
      43
      57
      51
      42
      56
      47
      57
      51
      46
      35
      74
      57
      55
      55
      68
      56
      49
      41
      54
      45
      47
      57
      57
      41
      46
      59
      55
      50
      50
      39
      49
      48
      44
      35
      41
      45
      61
      53
      61
      46
      42
      50
      54
      45
      51
      47
      58
      65
      40
      42
      55
      40
      47
      48
      43
      59
      54
      56
      50
      43
      50
      45
      50
      45
      57
      46
      48
      55
      47
      55
      55
      50
      49
      40
      50
      56
      48
      50
      48
      40
      47
      45
      48
      61
      54
      46
      51
      50
      41
      56
      57
      53
      38
      50
      73
      53
      58
      44
      42
      43
      57
      55
      49
      54
      55
      53
      56
      95
     102
      93
      74
      57
      54
      58
      54
      46
      44
      45
      50
      46
      58
      51
      39
      51
      40
      50
      47
      43
      37
      50
      54
      43
      54
      53
      44
      46
      58
      44
      39
      44
      45
      55
      54
      46
      43
      50
      52
      52
      52
      62
      56
      58
      73
      62
      53
      58
      47
      34
      44
      49
      46
      42
      50
      41
      54
      45
      42
      23
      35
      54
      45
      49
      44
      38
      48
      47
      49
      45
      38
      61
      48
      53
      42
      49
      53
      50
      42
      48
      48
      40
      52
      52
      48
      41
      45
      47
      45
      44
      59
      51
      43
      40
      44
      53
      47
      39
      36
      50
      39
      40
      49
      55
      35
      49
      50
      51
      49
      42
      41
      35
      36
      37
      39
      35
      36
      43
      38
      45
      42
      42
      39
      30
      42
      43
      48
      45
      45
      45
      43
      29
      54
      32
      38
      41
      33
      41
      45
      47
      33
      40
      44
      38
      46
      36
      47
      41
      33
      34
      46
      48
      30
      24
      46
      35
      40
      35
      38
      30
      45
      36
      38
      40
      46
      27
      38
      29
      33
      39
      31
      37
      32
      31
      35
      36
      37
      36
      38
      36
      29
      32
      22
      33
      30
      41
      34
      25
      41
      47
      33
      30
      35
      33
      32
      46
      46
      34
      32
      31
      29
      28
      32
      27
      30
      27
      25
      39
      29
      31
      40
      34
      25
      28
      33
      24
      31
      34
      28
      34
      30
      34
      20
      33
      18
      28
      28
      15
      34
      28
      31
      33
      19
      24
      37
      30
      19
      28
      30
      37
      22
      32
      24
      34
      31
      33
      31
      42
      49
      70
      55
      64
      83
      66
      49
      24
      24
      31
      33
      25
      28
      29
      27
      26
      34
      29
      35
      25
      35
      23
      29
      40
      25
      31
      29
      25
      32
      31
      51
      38
      49
      54
      47
      47
      37
      32
      26
      22
      31
      21
      34
      24
      25
      24
      23
      32
      28
      30
      19
      30
      34
      31
      32
      31
      23
      18
      28
      19
      28
      22
      28
      25
      24
      21
      33
      29
      26
      23
      24
      21
      22
      23
      24
      22
      20
      21
      14
      19
      23
      32
      31
      44
      48
      63
      99
     134
     143
     146
     105
      56
      40
      29
      28
      24
      19
       9
      17
      22
      17
      22
      26
      23
      21
      25
      22
      18
      27
      27
      20
      13
      23
      27
      32
      25
      30
      24
      37
      39
      47
      55
      55
      50
      27
      29
      23
      25
      17
      30
      15
      26
      29
      21
      15
      25
      19
      18
      23
      17
      21
      19
      27
      22
      37
      32
      28
      22
      31
      30
      22
      23
      27
      37
      40
      45
      57
      45
      47
      34
      33
      18
      23
      24
      20
      16
      17
      21
      16
      20
      15
      12
      23
      21
      20
      13
      16
      22
      12
      20
      21
      19
      22
      26
      19
      22
      17
      16
      13
      19
      22
      13
      15
      27
      20
      15
      19
      15
      16
       9
      14
      12
      17
      20
      20
      20
      23
      19
      16
      18
      20
      17
      20
      20
      15
      25
      29
      28
      33
      26
      28
      19
      20
      16
      12
      13
      13
      14
      22
      13
      15
      10
      18
      16
      25
      15
      24
      14
      14
      16
      11
      12
      18
      14
      22
      14
      16
      16
      15
      16
      17
      19
      27
      13
      23
      26
      21
      20
      16
      25
      38
      52
      61
      73
     106
     117
      78
      73
      30
      37
      23
      35
      38
      33
      54
      62
      64
      38
      36
      23
      15
      12
      14
      18
      21
      11
      17
      11
      18
      13
      12
      15
      17
      12
      16
      20
      16
      13
      13
      20
      20
      13
      18
      19
      20
      20
      13
      14
      14
      12
       9
      17
      18
       9
      23
      11
      16
      13
      16
      16
      19
      21
      19
      29
      26
      37
      33
      24
      14
      17
      12
      22
      16
      18
      29
      18
      16
      17
      30
      39
      38
      54
      73
     153
     278
     430
     545
     575
     528
     312
     170
      73
      30
      29
      29
      22
      22
      12
      23
      11
      20
      16
      20
      15
      13
      15
      14
      16
      14
      13
      14
      16
      15
      12
      14
      14
      13
      12
      15
      15
       9
      14
      14
      12
      11
      14
      10
      11
      21
      10
      10
      15
      16
       7
      10
      14
       8
      17
      14
      19
      10
      12
      10
      15
       9
       8
       8
      15
      14
      11
      11
       9
       5
      10
      12
       9
      12
      12
      19
       6
      12
      17
      11
      14
      21
      19
      10
      11
       7
       9
      12
       5
      13
      11
       9
       9
       9
      14
       9
      11
       8
       8
       7
      12
       9
       9
      10
       5
      14
       7
       9
      15
      14
       7
      12
      10
       8
       9
      12
      13
       9
       9
      14
       6
       6
       9
       7
      12
      10
       9
       9
       9
      12
       8
      14
      13
      15
       6
      12
      11
      13
       8
      11
      15
       8
      10
       8
       9
      11
       8
       6
       8
       7
       9
       6
      11
      12
      13
      14
      16
       8
       3
       8
       9
       8
      11
       8
       9
      10
      12
      10
       9
       5
       9
      12
       5
      10
       3
       5
       8
      12
       9
      11
       9
       5
       5
       7
       5
       9
       7
      10
       8
       8
       9
      14
       9
       9
      10
       6
      11
      10
      10
      10
      15
       8
      12
       7
       8
       9
       6
       4
       9
       9
      12
       7
       3
      10
       6
      12
       4
       7
       9
       9
      10
      16
      12
      14
       6
       7
      14
       7
      10
       2
       8
      10
       8
       7
       9
       8
      11
      16
       6
       8
      12
      11
      12
      10
       8
      11
       9
      12
       9
      11
       9
       9
       6
      12
       7
      11
       9
       7
       6
      14
       8
       9
       2
       8
       8
      10
      11
       8
       7
      15
      12
      22
      39
      33
      43
      56
      57
      38
      36
      27
      12
      14
       7
      11
       6
       8
       7
       9
       9
      10
       4
       5
      10
       8
       8
       7
       9
       4
       5
       8
       3
       5
       3
      10
       5
       9
      10
       9
       8
       6
       5
       5
       7
       5
      10
       7
       3
       7
       2
       6
       6
       6
       6
      11
      10
       5
       6
       9
       6
       4
      11
       4
       6
       7
       6
      10
      10
       8
      13
       7
      16
      22
      28
      45
      38
      54
      55
      39
      31
      27
      21
      10
      11
      11
      12
       6
      10
       6
       8
      18
      20
      12
      14
      11
       6
       4
      10
       6
       8
       4
       6
       7
       9
       8
      12
       5
      12
       8
       5
      10
       3
      10
       5
       5
       8
       9
       9
       7
       7
       8
       6
       5
       6
       8
       9
       5
      11
       7
       5
      11
       8
       5
       6
       4
       7
      15
      13
      12
      10
       9
      10
       6
       2
       5
       9
       8
       7
       8
       8
       3
       7
      11
       2
       8
       5
       6
       3
       3
      11
       4
       4
       3
       5
       9
      10
       6
       7
       6
       6
       3
      10
       5
       5
       3
       8
       5
       6
       4
       4
       4
       7
       4
       2
       7
       7
       1
       5
       7
       6
       5
       3
       5
       4
       6
       3
       6
       3
       6
       3
       3
       7
       4
       4
       9
       3
       8
       5
       4
       7
       4
       6
       2
       8
       4
       3
       6
       5
       7
       3
       2
       2
       1
       7
       4
       4
       3
       5
       6
       4
       4
       4
       3
       5
       3
       1
       5
       5
       0
       6
       6
       5
       5
       6
       7
       3
       5
      11
       7
       5
       6
       7
       7
       5
       3
       4
       4
       3
       4
       4
       3
       3
       5
       4
       8
       5
       4
       5
       2
       0
       4
       3
       1
       4
       6
       4
       2
       5
       8
       6
       6
       6
       4
       4
       3
       6
       4
       1
       5
       3
       6
       5
       3
       4
       2
       7
       6
       4
       5
       4
       4
       3
       3
       8
       3
       6
       4
       6
       5
       3
       2
       2
       5
       4
       3
       5
       9
       4
       2
      10
       3
       5
       4
       5
       0
       4
       3
       4
       5
       4
       8
       3
       4
       6
       3
       4
       1
       6
       1
       2
       5
       4
       3
       1
       2
       3
       3
       1
       7
       3
       6
       3
       4
       4
       4
       4
       1
       4
       3
       3
       2
       4
       4
       7
       3
       4
       7
       4
       4
       3
       2
       4
       4
       4
       4
       3
       1
       1
       4
       5
       2
       7
       1
       3
       4
       4
       3
       4
       6
       2
       4
       5
       4
       2
       4
       5
       3
       6
       4
       4
       3
       4
       4
       5
       3
       5
       4
       7
       8
       6
       2
       1
       4
       3
       3
       4
       9
       2
       4
       1
       3
       2
       0
       4
       4
       5
       4
       7
       2
       7
       1
       5
       1
       3
       2
       4
       3
       1
       1
       4
       3
       6
       3
       1
       3
       2
       2
       1
       4
       1
       7
       5
       3
       7
       2
       5
       3
       4
       6
       9
      13
      19
      18
      15
      15
      11
       3
       6
       6
       2
       2
       3
       4
       4
       6
       5
       2
       1
       2
       1
       4
       2
       3
       2
       3
       5
       2
       5
       3
       5
       3
       0
       3
       3
       1
       2
       2
       4
       3
       4
       9
       3
       0
       0
       6
       4
       1
       4
       3
       2
       4
       2
       3
       3
       3
       5
       2
       0
       0
       2
       4
       3
       3
       4
       5
       6
       3
       5
      10
       5
       6
      18
      19
       9
      19
       5
       6
       7
       4
       1
       3
       3
       0
       1
       0
       3
       0
       2
       5
       1
       7
       3
       6
       5
       7
       1
       3
       1
       2
       2
       4
       3
       5
       3
       5
       6
       0
       2
       2
       4
       2
       3
       2
       4
       5
       5
       3
       1
       6
       5
       4
       5
       1
       2
       2
       4
       1
       1
       1
       4
       6
       5
       0
       1
       2
       6
       9
       5
       4
       9
       7
       7
       8
       2
       9
       2
       5
       4
       2
       1
       0
       2
       2
       0
       4
       4
       4
       6
       5
       2
       4
       3
       4
       6
       2
       1
       1
       1
       3
       0
       2
       2
       3
       5
       2
       3
       4
       4
$ROI:
0
$PRESETS:
None
0
0
$ENER_FIT:
-0.17 0.50021
$MCA_CAL:
3
-0.17000 0.50021 0.00 keV
$SHAPE_CAL:
3
-0.765948053477 7.83958431117 -26.4079756712
$META:
{'istp': ['133CEm', '133CEg', '133LA', '132CE', '132LA', '139CE', '137CEg', '137CEm', '137LA', '135CE', '135LA', '134LA', '132CS', '7BE', '133BAm', '133BAg'], 'res': 0.05, 'R': 0.2, 'unc_eff': [[0.024053508436386758, -0.2517435071854035, 0.6502498581753428], [-0.25174350718540356, 2.65027007823169, -6.882714286693032], [0.6502498581753429, -6.882714286693032, 17.966849727438788]], 'alpha': 0.9}
