$SPEC_ID:
No sample description was entered.
$SPEC_REM:
DET# 9480
DETDESC# HPGE
AP# Maestro Version 7.01
$DATE_MEA:
10/17/2018 00:04:53
$MEAS_TIM:
900 900
$DATA:
0 4095
     150
     150
       0
       0
       0
       0
       0
       0
       0
       0
       0
       0
       0
       0
       0
       0
       0
       0
       0
       0
       0
       0
       0
       0
       0
       0
       0
       0
       0
       0
       0
       0
       0
       0
       0
       0
       0
       0
       0
       0
       0
       0
       0
       0
       0
       0
       0
       0
       0
       0
       0
       0
       0
       0
       0
       0
       0
       0
       0
       0
       0
       0
       0
       0
       0
       0
       0
       0
       0
       0
       0
       0
       0
       0
       0
       0
       0
       0
       0
       0
       0
       0
       0
       2
      43
     127
     118
     111
     130
     165
     140
     137
     121
     116
     140
     108
     151
     126
     123
     130
     133
     136
     109
     112
     136
     135
     140
     130
     120
     116
     139
     113
     108
     129
     120
     125
     111
     112
     122
     137
     111
     127
     125
     111
     124
     124
     123
     116
     132
     119
     109
     132
     115
     120
     111
     125
     124
     138
     120
     146
     148
     115
     137
     117
     112
     140
     136
     140
     134
     145
     136
     159
     123
     122
     117
     116
     123
     126
     128
     145
     135
     155
     146
     120
     152
     131
     134
     140
     142
     136
     140
     163
     144
     155
     166
     143
     150
     155
     158
     139
     157
     119
     153
     145
     123
     135
     154
     167
     133
     129
     193
     139
     150
     154
     167
     162
     173
     167
     149
     164
     153
     161
     156
     172
     152
     182
     159
     177
     165
     184
     182
     194
     181
     185
     166
     164
     188
     203
     179
     170
     182
     174
     181
     205
     198
     206
     201
     193
     180
     188
     214
     188
     190
     188
     184
     200
     241
     237
     199
     267
     299
     196
     198
     202
     212
     183
     192
     239
     220
     214
     213
     187
     215
     224
     188
     190
     214
     204
     215
     219
     231
     209
     227
     229
     224
     222
     230
     227
     234
     205
     204
     190
     231
     216
     208
     210
     229
     221
     204
     182
     218
     206
     179
     215
     201
     198
     212
     194
     185
     211
     175
     203
     186
     197
     192
     189
     187
     170
     185
     192
     210
     191
     168
     172
     173
     194
     190
     163
     202
     176
     171
     162
     180
     188
     164
     166
     156
     173
     194
     197
     145
     166
     159
     162
     153
     166
     152
     153
     144
     161
     162
     146
     171
     186
     155
     155
     165
     153
     184
     232
     183
     148
     158
     137
     159
     141
     144
     160
     148
     121
     136
     136
     117
     138
     130
     148
     136
     142
     132
     145
     133
     167
     129
     127
     120
     134
     152
     137
     150
     145
     133
     126
     134
     125
     104
     133
     137
     144
     150
     112
     141
     116
     131
     117
     122
     113
     145
     130
     111
     138
     125
     119
     122
     110
      98
     131
     132
     115
     127
     118
     123
     137
     131
     105
     106
     112
     124
     107
     129
     114
     117
     148
     251
     657
     566
     192
      95
      83
     115
      87
      86
      90
     114
     110
     107
      96
     110
     118
     107
      90
      90
      68
     107
     101
     114
     101
     120
      86
     116
      95
     107
      95
     104
      97
      88
     103
      93
      86
      91
      88
      79
      93
      91
     100
      92
      89
     105
      89
      76
      91
      96
      88
     107
     102
      79
      86
      88
      78
      85
      82
      79
      99
      91
     103
      94
      84
     102
      77
      98
      76
      90
      93
     103
      84
      83
      81
      71
      84
      80
      78
      97
      90
      92
      71
      80
      76
      94
      93
      71
      86
      90
      77
      93
      86
     110
      93
      85
     213
     872
    1609
     850
     151
      79
      77
      60
      79
      56
      62
      59
      56
      63
      62
      58
      63
      53
      71
      57
      76
      87
     170
     642
    1927
    2069
     547
      81
      89
     115
     106
      84
      61
      63
      47
      54
      60
      54
      49
      37
      57
      55
      58
      45
      55
      88
      97
      62
      46
      43
      45
      54
      36
      43
      52
      58
      52
      58
      47
      46
      37
      42
      34
      50
      44
      52
      39
      41
      43
      34
      46
      42
      36
      39
      42
      44
      48
      43
      40
      50
      44
      33
      35
      44
      43
      48
      57
      39
      42
      56
      48
     103
     391
    1004
     934
     300
      50
      36
      43
      49
      37
      45
      36
      34
      26
      40
      33
      35
      39
      34
      34
      34
      30
      29
      41
      39
      38
      35
      24
      40
      42
      29
      41
      37
      46
      38
      38
      35
      30
      41
      34
      34
      34
      33
      37
      30
      42
      26
      34
      35
      21
      24
      27
      33
      35
      34
      26
      33
      34
      43
      75
      75
      57
      49
      26
      23
      30
      27
      44
      35
      31
      25
      25
      32
      28
      25
      27
      38
      31
      25
      25
      31
      37
      29
      34
      29
      36
      32
      37
      29
      26
      41
      39
      27
      29
      27
      35
      19
      28
      37
      24
      23
      21
      28
      24
      29
      17
      21
      28
      21
      36
      28
      34
      31
      25
      25
      18
      33
      27
      26
      21
      30
      23
      31
      27
      20
      21
      28
      33
      30
      31
      35
      29
      16
      32
      31
      21
      29
      30
      20
      29
      31
      22
      30
      25
      20
      27
      27
      31
      25
      31
      31
      24
      27
      23
      22
      31
      20
      25
      19
      28
      34
      59
      72
      43
      37
      27
      28
      19
      22
      27
      23
      32
      27
      25
      27
      32
      36
      36
      41
      46
      23
      27
      23
      26
      20
      25
      29
      26
      23
      26
      30
      29
      27
      21
      27
      24
      29
      36
      31
      40
      31
      31
      26
      29
      19
      22
      17
      18
      24
      22
      25
      17
      13
      23
      18
      22
      16
      21
      24
      17
      22
      27
      26
      27
      21
      16
      20
      21
      16
      17
      19
      30
      19
      26
      21
      30
      25
      24
      15
      17
      25
      20
      19
      10
      26
      21
      18
      23
      21
      14
      16
      15
      16
      14
      16
      17
      15
      29
      13
      27
      19
       9
      29
      14
      15
      24
      25
      22
      26
      23
      25
      20
      17
      19
      24
      22
      33
      24
      29
      17
      13
      20
      11
      12
      17
      10
      20
      16
      19
      22
      16
      16
      15
      22
      21
      57
     115
     146
      84
      27
      19
       7
      18
      17
      21
      16
      14
      17
      10
      19
      12
      14
      20
      22
      18
      15
      25
      14
      16
      22
      27
      12
      11
      14
      10
      11
      19
      14
      14
      13
      13
      14
       7
      17
      21
      17
       7
      13
      13
      14
      13
      14
      10
      15
      15
      10
      15
      14
      14
       9
       8
      15
      14
      17
       8
      17
      12
      24
      26
      13
      20
      25
      18
      27
      31
      25
      14
      20
      31
      56
      64
      27
      25
      25
      25
      51
      92
      90
      35
      16
      13
      18
      14
      10
       9
      18
      14
      13
      11
       6
      12
       9
       7
       5
      22
      11
      15
      16
      16
       7
      14
      15
      14
      17
      16
      15
      16
      10
      11
      15
      11
      10
      13
       9
      13
      12
      12
      13
      14
       5
      18
      17
      27
      24
      33
      29
      20
      16
      15
      13
       7
      12
      12
      11
      20
      19
      61
     161
     294
     295
     109
      27
      15
      10
      10
      10
       9
       8
       6
       3
      11
      11
      13
      12
      12
       4
      14
      10
       5
      13
      10
      12
      11
       8
      11
       9
       9
      10
       5
       5
       7
      12
       9
       7
       7
      11
      10
      14
       7
       6
      10
       9
      11
       9
      13
      11
      13
       7
       7
      14
      15
      14
      10
      20
      25
      25
      13
      11
      10
      12
       9
       8
       8
      12
       8
      13
       5
      11
      15
      10
       7
       8
      14
      14
      10
       9
      14
       9
       6
       3
       9
      12
       9
       9
       6
       6
       8
       8
      16
      11
      10
      14
      16
       7
      19
      28
      12
      15
      15
       8
      12
      19
      18
      24
      33
      85
     190
     198
     100
      50
      22
      10
      13
       9
      17
      45
      80
      98
      60
      21
       5
       8
      10
       7
      10
       9
       6
       7
       7
      10
      12
       8
      16
      13
       9
       8
       8
      18
       7
      10
      11
      13
      11
       7
      10
      12
       6
      11
       6
       8
      12
       6
       8
       7
       6
       8
      11
      10
      11
       7
       8
      13
       8
       8
       9
      14
       5
       5
      15
      20
      29
      50
      63
      66
     140
     264
     308
     222
      78
      11
       8
       8
       5
      13
       9
      15
       9
      10
       5
      10
       6
      10
       8
       8
       6
       4
       9
       5
       5
       6
       2
       6
       7
       9
       7
      12
      11
      12
      13
       5
       8
      11
       5
       6
       4
       8
       9
       5
       9
       4
       6
       5
       5
       1
      10
       6
       6
       3
       4
       3
       6
       4
       9
       8
       3
       7
       2
       6
       4
       5
       6
       3
       6
       6
       5
       2
       5
       6
       4
       9
       9
       7
       5
      11
       8
       4
       2
       4
       5
       3
       5
       7
       6
       8
       3
       6
       4
       6
       3
       2
       2
       5
       7
       6
       3
       4
       4
       4
       3
       8
       7
       0
      10
       6
       4
       4
       4
       6
      10
       7
       7
      12
      27
      34
      45
      25
       8
      13
       6
       4
       5
       3
       7
       2
       6
       5
       6
       5
       4
       5
       5
       9
       5
       1
       4
       7
       5
       1
       6
       4
       6
       5
       1
       8
       4
       3
       3
       5
       7
       8
       6
       9
       9
       5
       8
       5
       4
       4
       5
       2
       3
       7
       6
       2
       2
       5
       2
       1
       4
       3
       3
       2
       5
       6
       8
       4
       5
       6
       5
       9
       6
       4
       4
       5
       5
       4
       8
       4
       3
       2
       3
       2
       3
       2
       2
       7
       4
       2
       2
       2
       5
       3
       6
       1
       2
       5
       6
       4
       5
       3
       2
       2
       3
       3
       3
       7
       3
       3
       4
       6
       7
       7
       5
       3
       1
       3
       1
       1
       2
       3
       2
       8
       3
       3
       4
       0
       4
       6
       2
       3
       2
       5
       2
       0
       5
       1
       2
       2
       1
       2
       4
       3
       2
       2
       0
       5
       2
       4
       2
       3
       2
       3
       4
       5
       0
       4
       1
       4
       6
       2
       0
       2
       3
       2
       2
       1
       0
       2
       5
       2
       3
       0
       1
       2
       4
       6
       5
       3
       2
       4
       1
       5
       2
       2
       2
       1
       1
       4
       5
       0
       3
       3
       3
       3
       7
       7
      14
       5
       5
       5
       0
       4
       2
       4
       3
       4
       1
       1
       3
       3
       5
       2
       5
       1
       3
       3
       4
       3
       7
       3
       8
       8
       3
       0
       4
       1
       4
       6
       5
       6
       4
       4
       6
       4
       5
      13
      12
      30
      82
     115
     115
      45
      18
       4
       2
       2
       5
       3
       2
       1
       3
       1
       2
       0
       1
       0
       0
       2
       1
       1
       3
       1
       0
       3
       2
       3
       2
       0
       4
       2
       2
       2
       2
       3
       0
       1
       0
       2
       3
       2
       1
       1
       4
       5
       3
       1
       2
       1
       3
       2
       3
       1
       1
       1
       3
       2
       3
       3
       2
       3
       6
       7
      10
      15
      19
      13
       7
       2
       1
       1
       1
       1
       1
       4
       3
       5
       0
       2
       3
       6
       9
       9
      10
       8
       5
       7
      13
      18
      31
      61
      41
      21
       7
       2
       2
       3
       1
       1
       2
       4
       3
       3
       9
       3
       3
       4
       2
       1
       2
       1
       1
       2
       1
       0
       2
       4
       2
       0
       1
       2
       1
       3
       0
       3
       1
       2
       2
       2
       2
       2
       0
       1
       2
       4
       1
       1
       2
       2
       1
       3
       0
       2
       3
       1
       1
       0
       1
       2
       4
       1
       1
       1
       0
       1
       1
       0
       0
       0
       1
       1
       1
       1
       1
       4
       1
       0
       4
       6
       4
       5
       4
       6
       4
      18
      19
      22
      30
       9
       5
       1
       3
       5
       1
       0
       2
       0
       0
       1
       1
       1
       2
       3
       2
       1
       0
       0
       1
       1
       3
       2
       1
       1
       3
       1
       1
       4
       0
       0
       2
       3
       4
       1
       1
       3
       0
       3
       1
       0
       1
       1
       1
       2
       3
       2
       2
       1
       0
       1
       3
       2
       4
       1
       1
       2
       0
       1
       3
       1
       0
       3
       1
       8
       9
      13
      18
      18
       3
       3
       2
       2
       1
       1
       4
       3
       1
       2
       3
       1
       1
       3
       0
       1
       8
       6
       4
       2
       3
       0
       0
       0
       1
       4
       2
       2
       0
       0
       1
       2
       3
       0
       4
       4
       7
       8
       3
       3
       1
       4
       1
       1
       0
       1
       1
       1
       0
       1
       0
       2
       1
       2
       1
       0
       4
       2
       1
       1
       2
       2
       1
       5
       1
       0
       2
       2
       4
       0
       1
       1
       1
       2
       0
       0
       0
       1
       0
       1
       1
       3
       2
       2
       0
       1
       1
       3
       2
       0
       1
       3
       2
       2
       0
       2
       2
       2
       1
       1
       1
       0
       0
       2
       1
       1
       1
       2
       2
       1
       0
       0
       1
       1
       3
       3
       4
       3
       4
       0
       0
       1
       1
       2
       0
       1
       1
       0
       2
       1
       0
       0
       2
       0
       1
       1
       0
       1
       5
       1
       0
       2
       2
       1
       1
       1
       3
       0
       2
       1
       0
       2
       1
       3
       2
       4
       2
       2
       1
       0
       0
       2
       0
       1
       1
       1
       1
       0
       1
       1
       1
       1
       2
       2
       0
       2
       0
       2
       4
       1
       1
       0
       2
       2
       2
       0
       1
       0
       1
       2
       3
       0
       0
       0
       2
       2
       1
       2
       1
       0
       1
       1
       1
       2
       0
       3
       0
       2
       2
       0
       0
       1
       2
       0
       2
       0
       1
       0
       2
       2
       3
       0
       0
       4
       1
       1
       2
       1
       1
       2
       2
       2
       2
       0
       0
       2
       0
       1
       0
       2
       0
       2
       0
       2
       3
       0
       0
       1
       1
       2
       4
       0
       2
       0
       0
       0
       0
       1
       0
       0
       1
       3
       0
       0
       1
       1
       0
       0
       3
       1
       1
       0
       1
       0
       0
       1
       0
       0
       0
       2
       2
       0
       3
       0
       1
       1
       0
       1
       1
       2
       3
       2
       1
       3
       2
       2
       2
       1
       0
       1
       2
       0
       0
       1
       1
       1
       0
       1
       3
       0
       0
       2
       1
       0
       0
       1
       1
       1
       2
       0
       1
       4
       1
       0
       0
       0
       1
       0
       0
       0
       0
       2
       1
       2
       1
       1
       1
       4
       1
       1
       0
       1
       0
       1
       1
       0
       0
       1
       1
       1
       1
       3
       0
       1
       2
       1
       1
       0
       1
       1
       0
       1
       0
       1
       1
       0
       1
       0
       0
       2
       0
       2
       0
       0
       2
       2
       2
       2
       1
       0
       3
       2
       1
       2
       0
       2
       2
       0
       1
       0
       0
       0
       0
       0
       0
       2
       0
       0
       1
       1
       2
       1
       1
       1
       1
       0
       3
       0
       1
       1
       0
       0
       1
       1
       0
       3
       2
       0
       1
       2
       2
       0
       0
       0
       0
       2
       3
       4
       0
       1
       0
       2
       1
       1
       2
       0
       0
       0
       0
       0
       0
       0
       1
       1
       2
       0
       0
       0
       1
       1
       1
       0
       1
       0
       2
       2
       0
       1
       0
       1
       1
       1
       0
       0
       3
       1
       0
       2
       0
       0
       0
       0
       1
       0
       0
       1
       0
       1
       0
       1
       2
       2
       1
       2
       3
       5
       6
       2
       3
       2
       1
       2
       1
       0
       0
       0
       1
       1
       0
       1
       0
       4
       2
       1
       2
       0
       1
       2
       1
       2
       1
       1
       1
       1
       2
       3
       2
       1
       1
       0
       0
       1
       2
       1
       0
       1
       2
       2
       0
       1
       2
       2
       2
       0
       0
       7
       0
       0
       1
       1
       2
       0
       0
       0
       0
       0
       3
       1
       2
       3
       2
       3
       2
       7
       5
       3
       3
       5
       0
       1
       0
       1
       2
       0
       1
       1
       2
       0
       1
       1
       0
       0
       0
       1
       1
       1
       1
       0
       2
       0
       4
       1
       0
       0
       1
       1
       0
       0
       4
       1
       3
       2
       0
       1
       0
       1
       0
       1
       0
       1
       3
       0
       1
       0
       2
       0
       1
       2
       1
       1
       0
       1
       0
       2
       1
       2
       2
       1
       1
       0
       0
       1
       0
       1
       2
       1
       0
       0
       1
       2
       0
       0
       2
       0
       2
       0
       1
       1
       0
       2
       0
       1
       0
       2
       0
       0
       1
       0
       0
       1
       0
       2
       4
       1
       1
       2
       0
       0
       2
       3
       2
       0
       0
       0
       3
       1
       1
       0
       0
       1
       3
       0
       1
       0
       2
       1
       0
       0
       0
       2
       3
       0
       2
       1
       1
       3
       0
       2
       1
       2
       3
       1
       0
       1
       2
       2
       0
       1
       1
       2
       1
       1
       0
       1
       2
       0
       1
       0
       0
       0
       0
       0
       1
       2
       2
       2
       1
       0
       0
       0
       2
       1
       2
       2
       0
       1
       0
       2
       2
       1
       1
       4
       1
       0
       1
       1
       0
       0
       2
       2
       1
       4
       1
       2
       2
       1
       1
       0
       1
       1
       0
       5
       0
       4
       3
       0
       1
       2
       0
       1
       0
       1
       1
       0
       1
       1
       1
       0
       0
       4
       3
       2
       0
       0
       1
       1
       1
       0
       1
       0
       0
       0
       1
       0
       2
       3
       1
       6
       0
       1
       1
       0
       1
       1
       1
       3
       1
       1
       5
       0
       3
       3
       1
       0
       0
       1
       0
       1
       1
       0
       1
       1
       0
       2
       0
       0
       1
       2
       0
       0
       0
       0
       2
       2
       1
       2
       0
       2
       1
       1
       3
       0
       0
       1
       0
       0
       5
       0
       1
       2
       2
       1
       1
       2
       1
       0
       0
       0
       2
       0
       5
       0
       1
       1
       2
       1
       0
       2
       3
       3
       0
       1
       0
       0
       0
       2
       1
       1
       1
       1
       3
       0
       0
       1
       0
       2
       2
       1
       0
       3
       2
       1
       2
       1
       3
       0
       3
       1
       0
       0
       0
       1
       1
       0
       2
       0
       3
       2
       1
       1
       0
       0
       0
       1
       1
       2
       1
       4
       0
       0
       1
       0
       2
       0
       1
       0
       2
       1
       3
       2
       2
       0
       1
       2
       0
       1
       2
       1
       0
       1
       1
       1
       2
       0
       0
       1
       2
       0
       2
       2
       0
       0
       1
       0
       0
       0
       1
       0
       0
       0
       1
       1
       0
       0
       2
       0
       0
       1
       1
       1
       0
       0
       1
       0
       0
       1
       0
       1
       1
       0
       0
       1
       0
       0
       0
       0
       0
       1
       0
       0
       2
       0
       0
       1
       0
       0
       0
       2
       0
       0
       0
       1
       0
       0
       1
       1
       1
       0
       1
       0
       1
       0
       0
       0
       0
       0
       1
       0
       1
       1
       0
       1
       0
       0
       0
       0
       1
       1
       1
       2
       2
       0
       1
       2
       1
       0
       2
       1
       0
       2
       1
       2
       1
       1
       0
       1
       0
       1
       0
       0
       0
       0
       1
       1
       1
       0
       0
       3
       0
       1
       0
       1
       0
       0
       1
       0
       0
       1
       1
       0
       0
       3
       1
       2
       0
       2
       1
       1
       1
       0
       1
       1
       1
       1
       2
       0
       1
       0
       0
       1
       0
       1
       2
       2
       1
       1
       3
       0
       0
       1
       0
       0
       1
       0
       0
       0
       0
       1
       1
       0
       0
       0
       0
       0
       0
       2
       0
       2
       2
       0
       0
       0
       0
       2
       0
       1
       0
       1
       0
       1
       0
       1
       1
       1
       0
       1
       1
       0
       0
       0
       1
       1
       1
       0
       0
       1
       0
       2
       0
       1
       0
       1
       1
       0
       0
       0
       0
       1
       0
       0
       1
       0
       0
       0
       0
       0
       0
       0
       0
       0
       0
       0
       0
       0
       1
       0
       0
       2
       0
       1
       1
       1
       1
       0
       0
       0
       1
       1
       0
       0
       0
       1
       1
       0
       0
       0
       0
       0
       0
       0
       0
       0
       0
       1
       1
       0
       0
       0
       0
       0
       0
       0
       0
       0
       0
       0
       0
       0
       1
       0
       0
       0
       0
       0
       0
       0
       0
       1
       0
       0
       0
       0
       0
       0
       0
       0
       0
       0
       0
       0
       0
       1
       0
       0
       0
       0
       0
       0
       0
       0
       0
       0
       0
       0
       0
       1
       2
       0
       0
       0
       0
       1
       0
       0
       0
       0
       0
       0
       1
       0
       0
       0
       0
       0
       0
       0
       1
       0
       1
       1
       0
       0
       0
       0
       0
       0
       0
       0
       0
       0
       2
       2
       1
       0
       0
       1
       0
       2
       0
       0
       0
       0
       0
       0
       0
       0
       0
       0
       1
       1
       0
       0
       1
       0
       0
       0
       0
       0
       1
       0
       1
       1
       0
       0
       0
       0
       0
       0
       0
       0
       0
       0
       2
       2
       0
       0
       0
       1
       0
       1
       0
       1
       0
       0
       0
       0
       0
       1
       1
       1
       0
       0
       1
       0
       0
       0
       0
       0
       0
       0
       0
       0
       0
       0
       0
       0
       0
       0
       0
       0
       1
       0
       0
       2
       0
       0
       2
       1
       0
       0
       3
       0
       2
       6
       5
       7
      16
      13
      22
      22
      18
      12
       5
       0
       1
       0
       0
       0
       0
       0
       0
       0
       1
       0
       0
       0
       0
       0
       0
       0
       0
       0
       0
       0
       0
       0
       0
       0
       0
       0
       1
       0
       0
       0
       0
       0
       0
       0
       1
       0
       0
       0
       0
       0
       0
       0
       0
       0
       0
       0
       0
       2
       0
       0
       0
       0
       0
       0
       0
       0
       1
       0
       0
       0
       0
       0
       0
       0
       0
       0
       0
       0
       0
       0
       0
       0
       0
       0
       0
       0
       0
       0
       0
       0
       0
       0
       0
       0
       0
       0
       0
       0
       0
       0
       0
       0
       0
       0
       0
       0
       1
       0
       0
       0
       0
       1
       0
       0
       0
       0
       0
       0
       0
       0
       0
       0
       0
       0
       0
       0
       0
       0
       0
       0
       0
       0
       1
       0
       0
       0
       0
       0
       0
       0
       0
       0
       0
       0
       0
       0
       0
       0
       0
       0
       0
       0
       0
       0
       0
       0
       0
       0
       0
       0
       1
       0
       0
       1
       0
       0
       0
       0
       0
       0
       0
       0
       0
       1
       0
       0
       1
       1
       0
       0
       0
       0
       0
       0
       0
       0
       0
       1
       0
       0
       0
       0
       0
       0
       0
       0
       0
       0
       0
       0
       0
       0
       0
       0
       0
       0
       0
       0
       0
       0
       0
       0
       0
       0
       0
       0
       0
       0
       0
       0
       1
       0
       0
       0
       0
       0
       0
       0
       0
       0
       0
       0
       0
       0
       0
       0
       0
       0
       1
       0
       0
       0
       1
       0
       0
       0
       0
       1
       0
       0
       0
       0
       0
       0
       0
       0
       0
       0
       0
       0
       0
       0
       0
       0
       0
       0
       1
       0
       1
       1
       0
       1
       0
       0
       0
       0
       0
       0
       0
       0
       0
       0
       1
       0
       0
       0
       0
       1
       0
       0
       0
       0
       0
       0
       0
       0
       0
       0
       0
       0
       0
       0
       0
       0
       0
       0
       0
       0
       0
       0
       0
       0
       0
       0
       1
       0
       0
       0
       0
       0
       1
       0
       0
       0
       0
       0
       1
       0
       0
       0
       0
       0
       0
       0
       0
       0
       0
       0
       0
       1
       0
       1
       1
       0
       0
       0
       0
       0
       0
       1
       1
       0
       0
       0
       0
       0
       0
       0
       0
       0
       0
       0
       0
       0
       1
       0
       0
       0
       0
       0
       0
       0
       0
       1
       0
       0
       0
       0
       0
       0
       0
       0
       0
       0
       0
       0
       2
       0
       0
       0
       1
       0
       0
       0
       0
       0
       0
       0
       0
       0
       0
       0
       0
       0
       0
       0
       0
       0
       0
       0
       0
       0
       0
       0
       0
       0
       0
       0
       1
       0
       0
       1
       0
       0
       0
       0
       0
       0
       0
       0
       0
       0
       0
       0
       0
       0
       0
       0
       0
       0
       0
       0
       0
       0
       0
       0
       0
       0
       0
       0
       0
       0
       0
       0
       0
       0
       1
       0
       0
       0
       0
       1
       0
       0
       0
       0
       0
       0
       0
       1
       1
       0
       0
       0
       0
       1
       0
       0
       0
       0
       0
       0
       0
       0
       0
       0
       0
       0
       0
       0
       0
       1
       0
       0
       0
       0
       0
       0
       0
       0
       1
       0
       0
       0
       0
       0
       0
       0
       1
       0
       1
       1
       0
       0
       0
       0
       0
       0
       0
       0
       0
       0
       0
       0
       0
       0
       0
       0
       0
       0
       0
       0
       0
       0
       1
       1
       0
       0
       0
       0
       0
       0
       0
       0
       0
       0
       0
       0
       1
       0
       0
       0
       0
       0
       0
       0
       0
       0
       0
       0
       0
       0
       0
       0
       0
       0
       0
       0
       0
       0
       0
       0
       1
       0
       1
       0
       0
       0
       0
       0
       0
       0
       0
       0
       0
       0
       1
       0
       0
       1
       0
       0
       0
       0
       0
       0
       0
       0
       0
       0
       0
       0
       0
       1
       0
       0
       0
       0
       0
       0
       0
       0
       0
       0
       1
       0
       0
       1
       0
       0
       0
       0
       0
       0
       0
       0
       0
       0
       0
       0
       0
       0
       0
       0
       0
       0
       0
       0
       0
       0
       0
       0
       0
       0
       0
       0
       0
       0
       0
       0
       0
       0
       0
       0
       0
       0
       0
       0
       0
       1
       0
       1
       0
       0
       0
       0
       0
       0
       0
       0
       0
       0
       1
       0
       0
       0
       0
       0
       1
       0
       0
       0
       0
       0
       1
       0
       0
       0
       0
       0
       0
       0
       0
       0
       0
       0
       0
       0
       0
       0
       0
       1
       0
       0
       0
       0
       0
       0
       0
       1
       0
       0
       0
       0
       0
       0
       0
       1
       1
       0
       0
       0
       0
       0
       1
       0
       0
       0
       0
       0
       0
       0
       0
       0
       0
       0
       0
       0
       0
       0
       0
       0
       1
       0
       0
       0
       0
       0
       0
       0
       0
       0
       0
       0
       0
       0
       0
       0
       0
       0
       0
       0
       1
       0
       0
       1
       0
       0
       0
       0
       0
       0
       1
       0
       0
       0
       0
       0
       0
       0
       0
       0
       0
       1
       0
       0
       0
       0
       0
       0
       1
       0
       0
       0
       0
       0
       0
       0
       0
       0
       0
       0
       0
       0
       0
       0
       1
       0
       1
       1
       0
       0
       0
       0
       0
       0
       1
       0
       0
       0
       0
       0
       0
       0
       0
       0
       0
       0
       0
       1
       0
       0
       0
       0
       0
       0
       0
       0
       0
       0
       0
       0
       0
       0
       0
       0
       0
       0
       0
       0
       0
       1
       0
       0
       0
       0
       0
       0
       0
       0
       0
       0
       0
       0
       0
       0
       0
       0
       0
       0
       0
       0
       0
       0
       0
       0
       0
       0
       0
       0
       0
       0
       1
       0
       0
       0
       0
       0
       1
       0
       0
       0
       0
       0
       0
       0
       1
       0
       0
       0
       0
       0
       0
       0
       0
       1
       0
       0
$ROI:
0
$PRESETS:
None
0
0
$ENER_FIT:
-0.17 0.50021
$MCA_CAL:
3
-0.17000 0.50021 0.00 keV
$SHAPE_CAL:
3
-0.771653241514 7.84064787929 -25.0040164561
$META:
{'istp': ['133CEm', '133CEg', '133LA', '132CE', '132LA', '139CE', '137CEg', '137CEm', '137LA', '135CE', '135LA', '134LA', '132CS', '7BE', '133BAm', '133BAg'], 'res': 0.05, 'R': 0.2, 'unc_eff': [[0.025303059741514932, -0.26283048604031406, 0.6742139436192397], [-0.26283048604031417, 2.7466817820238867, -7.085190256833623], [0.6742139436192399, -7.085190256833623, 18.373955239224127]], 'alpha': 0.9}
