$SPEC_ID:
No sample description was entered.
$SPEC_REM:
DET# 9480
DETDESC# HPGE
AP# Maestro Version 7.01
$DATE_MEA:
10/17/2018 11:40:59
$MEAS_TIM:
1800 2034
$DATA:
0 4095
     300
     339
       0
       0
       0
       0
       0
       0
       0
       0
       0
       0
       0
       0
       0
       0
       0
       0
       0
       0
       0
       0
       0
       0
       0
       0
       0
       0
       0
       0
       0
       0
       0
       0
       0
       0
       0
       0
       0
       0
       0
       0
       0
       0
       0
       0
       0
       0
       0
       0
       0
       0
       0
       0
       0
       0
       0
       0
       0
       0
       0
       0
       0
       0
       0
       0
       0
       0
       0
       0
       0
       0
       0
       0
       0
       0
       0
       0
       0
       0
      20
     236
     881
    2767
   14460
   23022
   22885
   22720
   22464
   22295
   22571
   22602
   22275
   22321
   21887
   22026
   21916
   21835
   22084
   21894
   21612
   21609
   21581
   21415
   21094
   21133
   21027
   21153
   20887
   21214
   20650
   21044
   20910
   21034
   20579
   20554
   20591
   21027
   20952
   20837
   20458
   20475
   20481
   20524
   20631
   20461
   20165
   20484
   20286
   20692
   20429
   20413
   20564
   20493
   20161
   20403
   20514
   20546
   20701
   20473
   20499
   20414
   20665
   20805
   20805
   21349
   22307
   20993
   20673
   21742
   23579
   22220
   20695
   20409
   20677
   20845
   20492
   20737
   20905
   20936
   20990
   21151
   21308
   21454
   21583
   21452
   21467
   21682
   22377
   22960
   23300
   22854
   22818
   24445
   27756
   25071
   23969
   28597
   28793
   23824
   23185
   23103
   23223
   23322
   23348
   23305
   23815
   23926
   23567
   23795
   24258
   24129
   24412
   24838
   25033
   25175
   25120
   25129
   25369
   25672
   25529
   25976
   26034
   26494
   26637
   26841
   26692
   26772
   27233
   27260
   27214
   27595
   27517
   27955
   28052
   28273
   28264
   28234
   28778
   28693
   28890
   29118
   29335
   29293
   29946
   29352
   30201
   30047
   30316
   30283
   30728
   30643
   31184
   31578
   31527
   33678
   37736
   36426
   39388
   52616
   44297
   33392
   32380
   32199
   31930
   32185
   32367
   32132
   32881
   32386
   32315
   32430
   32437
   32641
   32404
   32831
   32977
   33136
   33080
   34010
   33926
   34700
   35114
   35093
   35351
   36021
   37325
   36507
   35544
   35811
   35435
   35160
   35152
   34795
   35065
   35015
   34732
   34507
   35011
   34995
   35127
   34765
   34883
   34550
   34755
   34321
   34247
   34150
   33725
   33469
   33655
   33799
   33635
   33757
   32874
   33270
   33096
   33005
   32919
   32520
   32290
   32373
   32294
   31759
   31852
   31439
   31635
   31570
   31154
   31139
   31290
   30703
   31038
   30733
   30544
   30708
   30412
   30220
   30157
   29723
   29597
   29523
   29360
   29285
   29509
   29785
   29030
   28947
   28417
   28398
   28704
   28641
   28570
   28616
   28005
   28042
   27870
   28205
   28992
   29031
   28318
   28486
   28196
   28561
   28532
   28696
   28571
   29260
   28871
   28838
   29051
   28877
   28839
   28742
   28705
   28939
   29575
   29406
   29416
   29407
   28738
   28628
   28852
   28550
   28704
   28588
   28403
   28188
   28414
   27909
   27970
   28146
   27963
   27968
   27659
   27492
   27218
   26969
   27058
   26799
   26301
   26360
   26377
   26123
   26027
   25589
   25544
   25608
   25314
   24810
   24806
   24776
   24316
   24362
   24373
   24278
   24134
   24056
   23270
   23451
   23242
   23478
   23518
   22659
   22392
   22531
   22450
   22161
   22071
   22199
   22855
   28441
   64692
  121753
   83893
   31677
   22033
   21209
   20732
   20202
   20011
   19826
   19781
   19476
   19081
   18893
   18884
   18937
   18537
   18604
   18341
   18429
   18041
   17999
   18008
   17853
   17609
   17439
   17420
   17352
   17336
   17434
   17710
   17356
   16629
   16823
   16703
   16984
   16706
   16454
   16673
   16377
   15923
   16065
   16244
   16066
   15913
   15818
   15763
   15749
   15594
   15470
   15534
   15553
   15386
   15611
   15611
   15370
   15284
   15292
   14983
   15188
   15072
   14901
   15009
   14904
   15120
   14824
   14518
   14684
   15062
   14783
   14786
   14548
   14769
   14723
   14437
   14667
   14353
   14415
   14239
   14658
   14479
   14213
   14216
   14160
   14305
   14345
   14494
   14467
   14256
   14138
   13928
   14205
   14078
   14328
   14649
   16777
   24606
   28000
   19476
   14915
   14180
   14371
   14406
   14458
   14152
   14192
   14215
   14354
   14296
   14288
   14469
   14313
   14453
   14769
   15182
   16357
   20032
   43811
  175811
  399802
  303970
   81038
   25190
   22914
   22937
   18484
   15415
   14548
   14019
   13756
   13483
   13705
   13094
   13128
   12963
   12807
   13050
   12831
   12771
   14024
   15130
   14317
   12735
   12767
   12535
   12690
   12494
   12207
   12232
   12337
   12285
   12090
   12240
   12118
   12083
   12019
   12045
   12096
   11819
   12006
   11925
   11734
   11706
   11809
   11859
   11818
   12012
   11747
   11747
   11692
   11790
   11773
   11538
   11698
   11911
   11522
   11604
   11700
   11686
   11736
   11679
   11502
   11784
   12194
   12946
   15791
   29872
   95505
  199348
  155881
   48206
   17050
   13453
   12693
   12043
   11927
   11953
   12008
   11588
   11060
   11109
   10886
   10865
   10738
   10731
   10657
   10740
   10712
   10343
   10459
   10379
   10583
   10298
   10196
   10190
   10310
   10128
   10315
   10323
   10225
   10199
   10142
    9881
   10058
   10212
   10188
   10071
   10107
    9771
    9865
    9886
    9761
    9771
    9709
    9712
    9711
    9822
    9716
    9484
    9569
    9654
    9682
    9558
    9618
    9985
   10578
   10656
    9849
    9664
    9364
    9479
    9450
    9515
    9348
    9425
    9218
    9154
    9155
    9060
    9205
    9313
    9045
    9068
    9071
    9081
    8809
    8664
    8795
    8640
    8432
    8497
    8543
    8246
    8438
    8643
    8356
    8033
    7962
    7781
    7668
    7601
    7673
    7535
    7386
    7432
    7223
    7196
    7377
    7129
    7134
    7077
    7088
    7061
    6952
    6901
    6915
    6916
    6921
    6833
    6807
    6877
    6794
    6751
    6450
    6614
    6701
    6643
    6610
    6553
    6670
    6624
    6544
    6561
    6402
    6340
    6377
    6450
    6295
    6309
    6246
    6301
    6328
    6496
    6372
    6127
    6241
    6300
    6345
    5988
    6132
    6096
    6117
    6065
    6054
    6165
    6087
    6152
    6146
    6004
    6076
    6095
    6056
    5851
    5882
    6044
    6234
    8092
   12386
   14439
   10162
    6673
    5859
    5800
    5909
    5882
    5855
    5759
    5764
    5552
    5615
    5742
    5763
    6303
    7763
    8653
    7302
    5883
    5518
    5552
    5534
    5535
    5518
    5308
    5378
    5425
    5353
    5289
    5270
    5190
    5082
    5282
    5212
    5507
    6447
    7607
    7163
    5747
    5858
    6444
    6077
    5318
    4912
    4822
    4686
    4854
    4751
    4741
    4635
    4758
    4870
    4675
    4599
    4688
    4595
    4579
    4652
    4583
    4588
    4539
    4498
    4578
    4611
    4511
    4547
    4464
    4465
    4409
    4489
    4414
    4428
    4492
    4508
    4437
    4363
    4392
    4388
    4337
    4265
    4308
    4432
    4197
    4311
    4280
    4162
    4235
    4149
    4208
    4152
    4101
    4039
    3951
    3949
    3961
    3971
    3846
    3836
    3792
    3796
    3647
    3781
    3620
    3752
    3742
    3850
    3785
    3745
    3728
    3617
    3543
    3613
    3600
    3672
    3636
    3627
    3278
    3506
    3468
    3393
    3436
    3472
    3319
    3412
    3393
    3425
    3245
    3453
    3243
    3373
    3381
    3392
    3373
    3918
    4606
    4531
    3732
    3302
    3280
    3263
    3225
    3245
    3189
    3200
    3284
    3094
    3209
    3148
    3260
    3173
    3027
    3141
    3154
    3126
    3162
    3076
    3166
    3344
    3557
    3470
    3129
    3074
    3036
    3099
    3059
    3089
    2941
    3018
    3037
    3182
    3355
    3348
    3208
    3031
    2898
    3063
    2972
    2912
    2874
    2955
    2912
    2883
    2869
    2851
    3041
    2952
    2902
    2867
    2842
    2862
    2816
    2924
    2868
    2830
    3021
    3083
    3077
    3101
    3158
    4094
    7123
   10161
    8657
    4908
    3520
    4268
    7345
   10675
    9191
    5484
    4015
    3538
    3341
    3768
    4362
    3966
    3156
    2798
    2743
    2703
    2761
    2707
    2677
    2732
    2705
    2632
    2754
    2709
    2625
    2745
    2692
    2825
    2830
    2839
    2676
    2659
    2660
    2694
    2681
    2783
    2659
    2601
    2683
    2657
    2855
    2726
    2813
    2879
    3008
    2918
    3000
    3320
    3928
    4057
    4538
    5916
    8510
   13532
   22929
   39183
   59296
   76465
   84464
   78040
   61462
   41400
   24474
   14346
    8938
    6293
    4982
    4291
    4355
    5852
   12470
   33030
   55023
   46138
   18983
    6026
    3561
    3124
    2943
    2904
    2546
    2600
    2623
    2482
    2462
    2323
    2375
    2384
    2311
    2357
    2282
    2474
    2542
    2679
    2570
    2294
    2249
    2213
    2151
    2170
    2098
    2170
    2110
    2038
    2045
    2111
    2044
    2038
    2040
    2064
    1979
    1952
    2002
    1997
    2013
    2029
    1954
    2082
    1945
    1966
    2014
    1927
    2021
    1943
    1923
    2027
    2461
    3394
    4281
    3735
    2604
    2079
    1852
    2012
    1948
    1911
    1895
    1927
    1913
    1902
    1873
    1909
    1799
    1846
    1889
    1844
    1946
    1867
    1871
    1862
    1975
    1928
    1906
    1877
    1868
    1881
    1826
    1946
    1920
    2025
    2041
    2229
    2559
    2390
    2107
    1995
    1958
    2125
    2512
    3379
    3712
    3128
    2337
    2099
    2146
    2154
    2367
    3092
    5720
   15131
   30657
   35222
   20980
    7440
    3126
    2492
    2408
    2913
    4965
   10982
   17973
   16261
    8408
    3464
    2323
    2081
    2039
    1947
    1900
    1900
    1892
    1910
    1867
    1824
    1865
    1843
    1872
    1756
    1780
    1833
    1859
    2122
    2232
    2007
    1782
    1682
    1742
    1698
    1617
    1691
    1792
    1661
    1661
    1575
    1618
    1649
    1659
    1618
    1639
    1654
    1602
    1634
    1590
    1551
    1670
    1684
    1683
    1580
    1670
    1711
    1780
    1962
    2247
    3904
    7744
   12131
   12627
   13058
   25695
   50701
   57972
   35002
   11597
    3733
    2459
    2129
    2098
    1970
    1920
    1726
    1734
    1701
    1604
    1555
    1608
    1604
    1594
    1547
    1531
    1434
    1525
    1433
    1500
    1560
    1429
    1475
    1413
    1544
    1794
    2357
    2539
    2252
    1639
    1445
    1422
    1357
    1301
    1341
    1291
    1304
    1327
    1260
    1293
    1249
    1241
    1354
    1221
    1341
    1229
    1245
    1267
    1258
    1232
    1282
    1265
    1251
    1209
    1205
    1211
    1205
    1139
    1187
    1121
    1128
    1158
    1100
    1173
    1159
    1105
    1213
    1146
    1079
    1093
    1099
    1112
    1107
    1069
    1115
    1038
    1095
    1090
    1083
    1108
    1029
    1066
    1021
    1107
    1056
    1072
    1095
    1068
     980
    1035
    1042
    1024
    1009
    1046
     996
     997
     957
     987
    1070
    1036
    1026
    1016
     954
    1002
     944
     1000
     990
     998
    1031
    1049
    1220
    1365
    2173
    4282
    7767
    9188
    6321
    2925
    1547
    1139
    1058
    1026
     978
     948
     977
     977
     947
     855
     949
     918
     934
     912
     894
     844
     923
     891
     873
     880
     879
     834
     792
     881
     876
     890
     860
     843
     883
     871
     883
     969
    1127
    1622
    1785
    1441
    1058
     891
     776
     797
     821
     791
     793
     772
     782
     766
     761
     777
     733
     746
     727
     740
     713
     739
     757
     744
     715
     805
     799
     787
     799
     726
     752
     691
     750
     726
     698
     721
     659
     700
     711
     682
     671
     685
     685
     627
     685
     668
     722
     639
     630
     661
     633
     612
     643
     628
     673
     628
     667
     694
     672
     704
     648
     615
     663
     583
     658
     619
     661
     727
     725
     997
    1407
    1641
    1177
     806
     681
     622
     580
     545
     588
     581
     563
     578
     595
     544
     594
     587
     617
     654
     723
     743
     773
     693
     575
     586
     519
     545
     546
     557
     519
     559
     539
     516
     525
     515
     519
     561
     510
     520
     483
     584
     666
     580
     558
     521
     473
     506
     531
     499
     500
     486
     482
     507
     500
     543
     507
     518
     475
     500
     475
     489
     505
     490
     489
     489
     472
     495
     564
     538
     510
     494
     509
     500
     471
     454
     495
     495
     502
     498
     490
     486
     465
     493
     474
     472
     475
     474
     538
     495
     492
     463
     462
     453
     464
     445
     438
     486
     430
     474
     453
     474
     487
     514
     446
     531
     557
     536
     576
     608
     660
     894
    1142
    1232
    1114
     790
     615
     555
     635
     842
    1062
    1293
    1067
     821
     600
     679
     689
     802
    1272
    2510
    6051
   13546
   21303
   20364
   11351
    4065
    1411
     813
     694
     654
     554
     539
     553
     499
     428
     504
     462
     434
     397
     433
     453
     399
     391
     434
     412
     407
     432
     386
     397
     425
     394
     350
     367
     401
     362
     374
     400
     327
     356
     388
     385
     363
     359
     379
     371
     365
     372
     349
     349
     346
     344
     329
     389
     391
     336
     398
     368
     346
     362
     368
     383
     361
     379
     387
     427
     543
     733
     810
     591
     469
     383
     388
     328
     333
     350
     350
     356
     321
     355
     320
     333
     320
     374
     439
     442
     507
     559
     575
     861
    1864
    4217
    8142
   10260
    8243
    3874
    1349
     638
     475
     479
     468
     435
     405
     431
     448
     563
     643
     569
     460
     348
     370
     374
     353
     327
     313
     350
     294
     307
     295
     303
     308
     316
     288
     337
     354
     488
     551
     517
     398
     344
     263
     284
     279
     280
     296
     276
     286
     251
     260
     283
     248
     278
     277
     284
     296
     301
     307
     284
     272
     262
     281
     260
     275
     281
     261
     252
     280
     281
     261
     284
     274
     255
     281
     295
     265
     290
     266
     267
     277
     300
     315
     359
     411
     399
     473
     715
    1248
    2692
    4921
    6076
    4676
    2311
    1035
     602
     682
     720
     726
     558
     373
     283
     289
     248
     265
     271
     255
     261
     250
     279
     243
     278
     234
     242
     246
     243
     241
     248
     240
     246
     225
     237
     243
     217
     236
     220
     275
     198
     227
     220
     241
     250
     225
     221
     270
     256
     240
     299
     323
     278
     250
     199
     238
     235
     198
     273
     226
     233
     242
     237
     222
     227
     258
     260
     275
     301
     389
     759
    1437
    2406
    2845
    2371
    1235
     551
     295
     280
     244
     237
     248
     249
     226
     217
     194
     207
     241
     221
     227
     224
     234
     239
     264
     243
     214
     206
     222
     197
     218
     266
     275
     205
     220
     236
     205
     204
     239
     240
     209
     243
     323
     287
     274
     213
     218
     211
     171
     207
     227
     209
     202
     202
     205
     192
     162
     232
     222
     238
     230
     239
     210
     189
     187
     172
     189
     221
     219
     213
     205
     187
     177
     194
     193
     187
     175
     165
     153
     178
     194
     167
     201
     160
     171
     191
     194
     181
     176
     182
     209
     177
     160
     188
     191
     174
     166
     173
     162
     176
     197
     172
     182
     169
     177
     180
     178
     173
     171
     193
     148
     166
     194
     159
     187
     161
     197
     181
     237
     266
     439
     612
     701
     602
     423
     263
     192
     185
     203
     165
     156
     205
     181
     169
     150
     148
     160
     150
     125
     145
     191
     156
     154
     151
     153
     151
     171
     157
     173
     146
     149
     129
     172
     167
     135
     147
     139
     162
     156
     205
     242
     247
     222
     174
     153
     157
     141
     153
     132
     130
     133
     150
     159
     134
     139
     134
     145
     139
     196
     163
     160
     170
     163
     162
     128
     121
     135
     128
     141
     134
     134
     117
     141
     137
     111
     155
     144
     125
     138
     116
     142
     118
     126
     134
     136
     118
     139
     127
     122
     128
     113
     139
     117
     104
     113
     108
     119
     135
     107
     131
     133
     121
     123
     119
     114
     132
     133
     131
     110
     142
     126
     130
     124
     129
     131
     117
     127
     128
      97
     113
     125
     127
     112
     108
     103
     114
     119
     121
     117
     120
     117
     123
     100
     113
      97
     118
      87
     104
     103
     116
     101
      97
     114
      93
     113
     105
     117
     119
     143
     156
     134
     115
     118
     117
     125
     110
     100
      99
     108
      98
     100
      97
     122
     117
     109
     108
      91
     102
     106
     122
      94
     103
      94
     124
     124
     166
     180
     150
     149
      92
      84
      88
      86
      77
      97
      96
     106
      89
     100
      79
     101
      80
      95
      78
     101
      74
      84
      92
      85
      86
      93
      85
      80
      67
      89
      99
      95
      94
      99
      94
     100
      81
      98
      75
      95
      88
      93
     103
      88
      95
      60
      85
      71
      99
      83
      93
      99
      76
      89
      84
      86
      79
      97
      94
      81
      98
      95
      91
     100
      85
      79
      77
      90
     102
      87
     103
      68
      72
      96
      68
      75
      72
      72
      93
      69
      72
      71
      74
      74
      70
      74
      61
      65
      74
      68
      59
      81
      74
      62
      76
      66
      63
      78
      94
      92
     102
      93
      99
      86
      61
      77
      86
      75
      63
      81
      66
      67
      66
      62
      68
      71
      69
      90
      81
      49
      79
      69
      76
      68
      67
      77
      77
      79
      81
      90
      75
      74
      67
      73
      60
      64
      74
      64
      80
      70
      65
      58
      71
      60
      83
      68
      65
      67
      67
      69
      60
      76
      75
      72
      70
      61
      65
      61
      61
      55
      73
      71
      73
      66
      62
      64
      67
      66
      68
      72
      65
      57
      63
      89
     114
     138
     177
     161
     133
      73
      69
      80
      73
      61
      64
      82
      80
      77
      78
      73
      74
      89
     141
     191
     364
     595
     786
     736
     542
     292
     129
      86
      84
      56
      73
      81
      51
      91
      62
      60
      62
      67
      50
      64
      69
      72
      63
      54
      52
      65
      65
      68
      73
      70
      57
      60
      60
      77
      73
      82
      53
      57
      60
      82
      81
     103
      99
     127
     206
     267
     281
     262
     213
     208
     259
     281
     266
     167
     131
      58
      68
      63
      63
      85
      99
      95
     105
     110
     104
     102
     106
     169
     283
     573
     863
    1257
    1218
     845
     409
     197
     104
      89
      77
      83
      69
      49
      78
      72
      66
      66
      58
      69
      59
      62
      68
      63
      67
      68
      55
      61
      48
      53
      52
      63
      61
      52
      62
      58
      57
      61
      58
      58
      60
      61
      47
      43
      59
      60
      60
      59
      55
      60
      50
      46
      50
      62
      50
      57
      68
      80
      72
      96
      96
     107
     144
     141
     161
     123
      95
      58
      58
      51
      58
      49
      61
      59
      47
      52
      64
      75
      41
      52
      43
      49
      50
      61
      61
      51
      44
      59
      56
      57
      57
      69
      55
      53
      59
      63
      64
      58
      78
      94
     139
     147
     155
     118
      88
      56
      52
      47
      44
      52
      51
      53
      40
      52
      50
      51
      50
      51
      58
      51
      51
      51
      55
      51
      58
      57
      55
      47
      42
      58
      49
      53
      50
      44
      53
      51
      51
      42
      54
      51
      40
      33
      46
      52
      44
      43
      47
      61
      51
      37
      48
      51
      48
      33
      47
      52
      48
      46
      42
      50
      43
      59
      48
      47
      46
      60
      31
      52
      45
      39
      52
      61
      46
      42
      59
      50
      50
      58
      41
      51
      58
      49
      47
      61
      39
      45
      34
      45
      36
      43
      43
      41
      40
      42
      49
      50
      44
      54
      51
      32
      41
      38
      41
      45
      45
      45
      56
      46
      44
      42
      46
      54
      44
      40
      40
      42
      36
      36
      53
      49
      47
      53
      43
      52
      39
      44
      52
      46
      50
      53
      49
      77
      95
     104
     126
      93
      67
      41
      39
      39
      39
      52
      52
      56
      64
      38
      40
      38
      36
      44
      36
      51
      45
      44
      38
      45
      49
      41
      46
      55
      35
      37
      39
      42
      44
      41
      49
      40
      49
      44
      46
      52
      41
      48
      49
      45
      50
      56
      60
      47
      55
      47
      43
      57
      47
      42
      56
      47
      41
      55
      43
      44
      39
      42
      33
      42
      38
      43
      38
      49
      54
      41
      55
      48
      40
      43
      42
      34
      43
      48
      39
      39
      62
      55
      51
      44
      47
      32
      42
      37
      49
      27
      47
      44
      36
      36
      43
      38
      40
      51
      41
      40
      39
      38
      48
      37
      42
      47
      38
      45
      43
      51
      32
      37
      38
      37
      44
      52
      38
      49
      39
      37
      45
      38
      31
      31
      38
      47
      44
      48
      34
      33
      45
      40
      43
      33
      41
      36
      41
      33
      43
      35
      49
      43
      37
      51
      41
      30
      36
      40
      31
      43
      37
      37
      36
      34
      46
      41
      35
      37
      34
      43
      34
      30
      31
      37
      29
      28
      26
      29
      31
      33
      27
      31
      24
      24
      30
      18
      27
      30
      28
      31
      22
      30
      33
      25
      24
      38
      34
      34
      56
      44
      29
      32
      34
      37
      36
      37
      30
      40
      28
      33
      23
      25
      23
      27
      31
      23
      28
      38
      27
      28
      25
      34
      28
      25
      21
      29
      29
      34
      29
      24
      29
      22
      29
      30
      25
      39
      27
      24
      29
      20
      22
      32
      25
      26
      28
      25
      29
      19
      20
      31
      33
      28
      19
      23
      17
      27
      36
      25
      26
      32
      47
      46
      57
      44
      40
      30
      33
      31
      23
      22
      18
      23
      27
      26
      27
      28
      23
      26
      21
      37
      20
      25
      17
      38
      24
      22
      25
      31
      28
      42
      46
      58
      65
      56
      49
      46
      32
      25
      20
      20
      15
      18
      22
      24
      30
      26
      15
      25
      32
      30
      25
      30
      28
      18
      27
      20
      14
      18
      26
      21
      25
      17
      21
      31
      24
      23
      15
      20
      14
      20
      21
      18
      24
      27
      24
      24
      30
      26
      16
      20
      34
      19
      32
      45
      73
     111
     176
     199
     160
     135
      70
      28
      25
      18
      22
      25
      25
      10
      31
      18
      17
      15
      19
      16
      22
      15
      22
      21
      21
      12
      14
      21
      21
      22
      27
      15
       8
      22
      24
      29
      30
      34
      35
      21
      25
      15
      14
      17
      22
      16
      12
      21
      14
      11
      12
      16
      19
      24
      16
      14
      20
       9
      18
      16
      14
      18
      21
      18
      18
      14
      16
      27
      26
      32
      26
      53
      50
      44
      37
      28
      26
      13
      20
      12
      19
      14
      14
      27
      14
      18
      12
      15
      14
      14
      21
      12
      16
      17
      12
      19
      16
      24
      11
      12
      16
      15
      11
      16
      11
      13
      18
      19
      13
      15
      14
      11
      19
      10
      17
      11
      13
      15
      11
      12
      14
      16
       7
      14
       9
      18
      17
      15
      14
      21
      23
      16
      31
      37
      22
      22
      16
      14
      11
      17
      12
      13
      13
      13
      14
      18
      20
      10
      12
      17
      16
      11
      20
      12
      16
      18
      16
      13
      15
      16
      12
      15
      11
      15
      14
      17
      12
      14
      15
      17
      27
      17
      18
      19
      29
      16
      27
      34
      49
      62
      52
      40
      33
      19
      14
      18
      20
      33
      39
      41
      75
      78
      43
      27
      23
      23
      11
      12
       9
      12
       9
      15
      11
       8
      11
      17
      10
      14
       7
      10
      11
      13
       8
      12
      12
      11
      13
      13
      11
      12
      10
      10
      18
       7
      11
       6
      13
       9
      12
      15
      14
      13
      16
      13
       7
      17
      17
      17
      18
      23
      31
      35
      28
      28
      19
      12
       8
      16
      20
      12
       7
      18
      17
      22
      28
      33
      48
      81
     190
     263
     416
     564
     624
     517
     335
     171
      82
      49
      22
      25
      13
      15
      20
      13
      18
      11
      13
      13
      10
      13
      16
      11
      11
      14
       9
       7
       8
       9
       7
       8
      10
      16
       9
      11
       9
      10
      13
      10
      12
       9
       9
      10
       9
      11
       6
       6
       5
       6
      12
       9
       6
       8
       9
      13
       9
       5
       8
      12
      11
       8
      15
       5
      11
       4
      12
      12
       6
      10
       5
       8
       8
       6
      10
       7
       5
       5
       3
      10
      10
       6
       6
      12
      13
      12
       7
       5
       8
       7
       5
      12
      10
       6
       7
      10
       5
       6
       8
       8
       4
       4
       9
       8
       2
       6
      11
       6
      11
       5
      10
       9
       7
       5
       9
      10
       5
       6
       5
       6
       0
       3
       6
       6
       6
       3
       4
       9
       8
       9
       8
       4
      12
       7
       7
       7
       4
      12
       3
       3
       3
       5
       7
       3
       7
       4
       6
      11
       6
       9
      11
      13
       9
       5
       2
       5
       6
       5
       7
       8
      10
      10
       6
       3
      11
       5
       2
       9
       5
      10
       3
       8
       5
       3
       6
       6
      11
       8
       7
       7
       9
       6
       6
      10
       5
       4
       2
       8
       7
       6
       3
      11
       4
       8
      10
       2
       4
      11
       4
       6
       8
       9
       5
       3
       5
       6
       5
       5
       6
       3
       7
       4
       3
       5
       8
       5
       8
       2
       7
       5
       3
       5
       5
       3
       8
       5
       8
      12
       4
       6
       7
       3
       1
       6
       6
      10
       8
       3
      11
       4
       2
       5
       3
       6
       7
       6
       2
       7
       5
       6
       4
       9
       5
       4
       6
       5
       9
       5
       4
       7
       6
       6
       6
       8
       5
       5
      10
       2
       4
       6
      10
       7
      11
      21
      28
      31
      29
      24
      30
      16
       5
       8
      12
       3
       7
       4
       5
       4
       6
       3
       6
       4
       5
       5
       4
       3
       4
       5
       5
       6
       8
       4
       5
       2
       5
       6
       8
       2
       5
       0
       5
       6
      10
       3
       7
       7
       8
       9
       2
       6
       6
       6
       6
       8
       5
       4
       7
       4
      10
       5
       5
       6
       5
       1
       3
       8
       5
       9
       8
       8
      14
      23
      27
      59
      61
      69
      55
      69
      32
      21
      11
       6
       2
       4
       4
       6
       9
      11
       5
       6
       7
       9
       5
       7
       2
       4
       3
       3
       5
       5
       3
       1
       2
       2
       5
       6
       8
       5
       3
       4
       2
       6
       8
       5
       7
       5
       3
       6
       5
       3
       1
       3
       4
       6
       4
       2
       4
       5
       3
       5
       6
       6
       9
      11
       5
       8
      15
      12
      10
      11
       4
       1
       6
       2
       3
       8
       2
       2
       6
       2
       2
       2
       4
       1
       2
       1
       3
       3
       2
       0
       3
       5
       1
       3
       3
       4
       4
       6
       3
       1
       3
       3
       2
       7
       1
       2
       1
       4
       3
       2
       2
       4
       6
       3
       5
       5
       6
       3
       2
       3
       8
       5
       2
       2
       0
       2
       5
       3
       4
       3
       3
       7
       5
       1
       4
       2
       0
       2
       2
       5
       6
       2
       4
       4
       3
       3
       7
       6
       2
       5
       6
       3
       1
       6
       2
       3
       0
       1
       2
       7
       2
       3
       2
       7
       5
       3
       3
       5
       0
       4
       1
       5
       2
       1
       2
       3
       3
       0
       2
       0
       1
       3
       4
       4
       3
       4
       2
       4
       2
       4
       2
       1
       3
       7
       4
       3
       3
       4
       5
       4
       2
       3
       3
       4
       2
       3
       0
       2
       2
       2
       2
       5
       2
       6
       6
       1
       5
       2
       2
       3
       1
       3
       3
       2
       2
       1
       4
       3
       5
       2
       5
       4
       2
       3
       3
       3
       3
       0
       3
       1
       5
       2
       2
       4
       3
       1
       2
       1
       0
       4
       4
       2
       4
       3
       4
       4
       5
       2
       0
       3
       1
       5
       1
       3
       0
       5
       2
       0
       1
       4
       5
       2
       4
       4
       1
       3
       1
       3
       0
       3
       0
       1
       2
       3
       1
       1
       1
       6
       2
       2
       4
       3
       1
       2
       3
       1
       3
       1
       3
       1
       0
       1
       3
       2
       3
       4
       4
       3
       0
       4
       0
       3
       2
       1
       2
       3
       2
       3
       5
       4
       2
       1
       3
       2
       1
       2
       2
       2
       2
       3
       2
       7
       1
       3
       4
       3
       3
       2
       1
       4
       5
       2
       2
       1
       3
       2
       5
       2
       5
       1
       3
       0
       2
       2
       2
       1
       1
       3
       1
       0
       3
       1
       1
       4
       1
       0
       4
       2
       0
       4
       1
       2
       3
       0
       0
       2
       3
       0
       3
       3
       3
       0
       2
       3
       8
       3
       4
       2
       9
       8
       8
       5
       8
       8
       4
       4
       2
       3
       3
       0
       2
       6
       1
       1
       0
       3
       3
       2
       1
       0
       0
       1
       2
       3
       2
       4
       1
       2
       4
       3
       2
       1
       2
       3
       3
       3
       1
       1
       4
       0
       0
       2
       0
       2
       2
       1
       2
       0
       0
       2
       5
       4
       3
       2
       2
       0
       4
       3
       2
       0
       2
       3
       0
       2
       2
       2
       6
       0
       2
       6
       7
       9
       8
       8
       9
       4
       5
       2
       2
       5
       0
       1
       1
       2
       3
       3
       2
       1
       3
       1
       2
       3
       3
       2
       3
       2
       5
       0
       2
       4
       4
       4
       3
       4
       3
       2
       0
       3
       3
       0
       5
       3
       1
       1
       0
       3
       1
       1
       3
       1
       3
       1
       1
       1
       1
       3
       3
       3
       3
       1
       2
       4
       4
       0
       4
       1
       7
       4
       3
       2
       4
       4
       5
       2
       0
       3
       1
       3
       1
       2
       0
       2
       5
       1
       2
       0
       0
       4
       2
       4
       1
       4
       3
       2
       1
       1
       2
       5
       2
       0
       2
       5
       4
       1
       2
       4
       1
$ROI:
0
$PRESETS:
None
0
0
$ENER_FIT:
-0.17 0.50021
$MCA_CAL:
3
-0.17000 0.50021 0.00 keV
$SHAPE_CAL:
3
-0.765948053477 7.83958431117 -26.4079756712
$META:
{'istp': ['133CEm', '133CEg', '133LA', '132CE', '132LA', '139CE', '137CEg', '137CEm', '137LA', '135CE', '135LA', '134LA', '132CS', '7BE', '133BAm', '133BAg'], 'res': 0.05, 'R': 0.2, 'unc_eff': [[0.024053508436386758, -0.2517435071854035, 0.6502498581753428], [-0.25174350718540356, 2.65027007823169, -6.882714286693032], [0.6502498581753429, -6.882714286693032, 17.966849727438788]], 'alpha': 0.9}
