$SPEC_ID:
No sample description was entered.
$SPEC_REM:
DET# 9480
DETDESC# HPGE
AP# Maestro Version 7.01
$DATE_MEA:
10/17/2018 12:17:08
$MEAS_TIM:
1800 2027
$DATA:
0 4095
     300
     338
       0
       0
       0
       0
       0
       0
       0
       0
       0
       0
       0
       0
       0
       0
       0
       0
       0
       0
       0
       0
       0
       0
       0
       0
       0
       0
       0
       0
       0
       0
       0
       0
       0
       0
       0
       0
       0
       0
       0
       0
       0
       0
       0
       0
       0
       0
       0
       0
       0
       0
       0
       0
       0
       0
       0
       0
       0
       0
       0
       0
       0
       0
       0
       0
       0
       0
       0
       0
       0
       0
       0
       0
       0
       0
       0
       0
       0
       0
      27
     221
     918
    2832
   14474
   22934
   22786
   22887
   22677
   22864
   22493
   22495
   22222
   22110
   22093
   22127
   22024
   21941
   21917
   21810
   22058
   21751
   21546
   21532
   21334
   21369
   21155
   21296
   21197
   20949
   20935
   20873
   20875
   21178
   20846
   20559
   21046
   20602
   21095
   20862
   20516
   20733
   20534
   20434
   20405
   20473
   20435
   20543
   20665
   20570
   20655
   20776
   20416
   20564
   20592
   20486
   20741
   20406
   20579
   20881
   20441
   20752
   20698
   20631
   21022
   21553
   22179
   21367
   20803
   21879
   23460
   22068
   20903
   20711
   20750
   21055
   21063
   20759
   20933
   21192
   21270
   21102
   21562
   21730
   21788
   22161
   21986
   21839
   22465
   23169
   23653
   23013
   22996
   24983
   28852
   25911
   24591
   29661
   30326
   23990
   23357
   23582
   23648
   24162
   23680
   23970
   24132
   24166
   24091
   24404
   24599
   24974
   24804
   25045
   25277
   25710
   25404
   25634
   25993
   26316
   26490
   26701
   26520
   27030
   26853
   27084
   27599
   27321
   27682
   27946
   27916
   28188
   28498
   28708
   28869
   28890
   29201
   29284
   29509
   29301
   29639
   29652
   29658
   30171
   30015
   30565
   30511
   30612
   31184
   31226
   31396
   31721
   32084
   32190
   32349
   34729
   39282
   37522
   41569
   57208
   47476
   34319
   33135
   33200
   33297
   33227
   32930
   33129
   33455
   33229
   33195
   33300
   33351
   33337
   33729
   33787
   33570
   33879
   34052
   34374
   35169
   35956
   36367
   36743
   36981
   37751
   39137
   37859
   36927
   37002
   36714
   36599
   36805
   36115
   36120
   36254
   36118
   36010
   36331
   36545
   36223
   36656
   36052
   35885
   35642
   35473
   35751
   35662
   35186
   34794
   35403
   34678
   35095
   34236
   34230
   34473
   33959
   33682
   33994
   33455
   32964
   33142
   32902
   32923
   32835
   32383
   32203
   32444
   31595
   32127
   31975
   31321
   31814
   31245
   31077
   31029
   30762
   30560
   30546
   30541
   29976
   30351
   29991
   29905
   29749
   29711
   29685
   28988
   28813
   28842
   28710
   28953
   28952
   28530
   28638
   28733
   28112
   28737
   28962
   29365
   28920
   28301
   28344
   28481
   28471
   27945
   28810
   28789
   28397
   28815
   28581
   28652
   28396
   28296
   28394
   28924
   29902
   29256
   29122
   29110
   28458
   28405
   28437
   28222
   28440
   28023
   28121
   28265
   28127
   27868
   27937
   27725
   27586
   27949
   27617
   27583
   27203
   26936
   26681
   26112
   26530
   26028
   26172
   25654
   25560
   25478
   25225
   25299
   24865
   24308
   24870
   24208
   24240
   23880
   23708
   23429
   23586
   23606
   23155
   23270
   23206
   23396
   23166
   22370
   22176
   21955
   21754
   21721
   21844
   21765
   22560
   29136
   70778
  138324
   94255
   32467
   22211
   20794
   19959
   19786
   19497
   19440
   19071
   18914
   18355
   18475
   18176
   17985
   18103
   17893
   17567
   17675
   17356
   17334
   17365
   17391
   16987
   16932
   16724
   16602
   16435
   16803
   17429
   16783
   16337
   16051
   16263
   16190
   15826
   15832
   15768
   15489
   15323
   15324
   15279
   15206
   15242
   14941
   15024
   15068
   14849
   14974
   14674
   14897
   14514
   14843
   14470
   14362
   14280
   14222
   14294
   14328
   14321
   14307
   14164
   14259
   13926
   14213
   13955
   13880
   14374
   13839
   13968
   13707
   13855
   13996
   13915
   13912
   13598
   13552
   13827
   13888
   13807
   13783
   13608
   13531
   13601
   13786
   13585
   13731
   13518
   13635
   13455
   13657
   13582
   13647
   13840
   16196
   25365
   28662
   19469
   14397
   13642
   13663
   13752
   13437
   13355
   13331
   13418
   13683
   13423
   13704
   13589
   13838
   14152
   14419
   14820
   16215
   20435
   47591
  201078
  464960
  351922
   92140
   26057
   23816
   23810
   18128
   14995
   13784
   13340
   13164
   12684
   12736
   12787
   12433
   12267
   12106
   12192
   12101
   12378
   13318
   15008
   13918
   12334
   11911
   11853
   11832
   11475
   11495
   11267
   11237
   11327
   11392
   11212
   11051
   11165
   10990
   10985
   11159
   10860
   10936
   11029
   11120
   10931
   11027
   10933
   10574
   11057
   10997
   10694
   10728
   10953
   10806
   10559
   10635
   10664
   10561
   10794
   10728
   10642
   10756
   10834
   10897
   10946
   11370
   12362
   15376
   32200
  108798
  230364
  179194
   53738
   16973
   12852
   11789
   11342
   10850
   10971
   11127
   10620
   10081
    9881
    9995
    9975
    9746
    9491
    9497
    9447
    9715
    9547
    9361
    9536
    9303
    9208
    9191
    9332
    9270
    9081
    9022
    8884
    8958
    8840
    8879
    8780
    8925
    8816
    9033
    9166
    8602
    8749
    8530
    8524
    8608
    8648
    8534
    8665
    8278
    8496
    8483
    8428
    8320
    8548
    8509
    8334
    8126
    8666
    9348
    9459
    8601
    8293
    8138
    8273
    8025
    7973
    8051
    7866
    8030
    7931
    8024
    8050
    8041
    7875
    7932
    7862
    7750
    7679
    7532
    7641
    7649
    7467
    7573
    7297
    7416
    7490
    7676
    7879
    7807
    7309
    7213
    7070
    7020
    7116
    6937
    6926
    7007
    6685
    6705
    6619
    6702
    6630
    6448
    6671
    6565
    6354
    6592
    6341
    6408
    6426
    6299
    6473
    6372
    6357
    6186
    6166
    6171
    6140
    6066
    6343
    6039
    6092
    6107
    6123
    6046
    6202
    6019
    6224
    6016
    5990
    5967
    6086
    5994
    6015
    6162
    6199
    6045
    6019
    5888
    5997
    5818
    5885
    5876
    5870
    5871
    5734
    5837
    5787
    5692
    5847
    5890
    5745
    5734
    5764
    5632
    5759
    5770
    5682
    6153
    8224
   13320
   15472
   10259
    6553
    5876
    5723
    5684
    5506
    5690
    5501
    5508
    5498
    5612
    5461
    5617
    6462
    8124
    9220
    7228
    5901
    5567
    5419
    5288
    5268
    5239
    5296
    5334
    5187
    5411
    5201
    5101
    5291
    5152
    5117
    5243
    5340
    6437
    7885
    7203
    5835
    6059
    6708
    6151
    5127
    4941
    4717
    4799
    4754
    4691
    4599
    4522
    4704
    4634
    4523
    4639
    4548
    4635
    4624
    4599
    4561
    4541
    4421
    4512
    4542
    4595
    4373
    4403
    4417
    4440
    4452
    4258
    4394
    4447
    4278
    4354
    4366
    4320
    4348
    4371
    4284
    4354
    4197
    4128
    4164
    4168
    4181
    4099
    4152
    4172
    4148
    4008
    4023
    3996
    3925
    3907
    3957
    3853
    3800
    3749
    3624
    3797
    3684
    3649
    3615
    3534
    3608
    3761
    3734
    3634
    3605
    3506
    3473
    3453
    3497
    3547
    3564
    3420
    3349
    3287
    3216
    3298
    3334
    3340
    3344
    3257
    3256
    3263
    3187
    3258
    3233
    3227
    3129
    3272
    3350
    3801
    4604
    4475
    3700
    3312
    3137
    3137
    3024
    3073
    3032
    3053
    3027
    2971
    3031
    2925
    3017
    2996
    3044
    2915
    2969
    3018
    2961
    3067
    2988
    3232
    3669
    3262
    3104
    2872
    2846
    2929
    2841
    2926
    2891
    2842
    2893
    3046
    3203
    3410
    3089
    2865
    2743
    2854
    2743
    2783
    2771
    2795
    2782
    2712
    2745
    2780
    2721
    2692
    2754
    2783
    2665
    2647
    2752
    2709
    2618
    2643
    2832
    2933
    2925
    2807
    2936
    4096
    7136
   10637
    9108
    4899
    3432
    4190
    7935
   11839
   10066
    5757
    4030
    3503
    3179
    3668
    4186
    3809
    2910
    2490
    2467
    2426
    2536
    2520
    2509
    2461
    2350
    2450
    2463
    2410
    2460
    2495
    2571
    2504
    2396
    2437
    2372
    2475
    2408
    2354
    2380
    2402
    2412
    2370
    2449
    2309
    2415
    2396
    2386
    2427
    2394
    2480
    2562
    2841
    3035
    2963
    2988
    3462
    4401
    5915
    9498
   14958
   21561
   27688
   30208
   28216
   22537
   15698
    9695
    6271
    4577
    3589
    3270
    3287
    3766
    5295
   13594
   37179
   63668
   52540
   21353
    6382
    3468
    2985
    2698
    2641
    2613
    2400
    2399
    2252
    2406
    2366
    2251
    2234
    2310
    2185
    2253
    2417
    2595
    2705
    2465
    2228
    2212
    2234
    2157
    2145
    2034
    2015
    1968
    2017
    1990
    1930
    1908
    2044
    2013
    2008
    2002
    1985
    1948
    1985
    1903
    1938
    1936
    1940
    1983
    1939
    1945
    1954
    1989
    2006
    1978
    2129
    2449
    3495
    4642
    4209
    2807
    2043
    1964
    1938
    1995
    1995
    1932
    1929
    1951
    1949
    1891
    1896
    1953
    1934
    1899
    1934
    1756
    1884
    1904
    1894
    1983
    1918
    1915
    1908
    1965
    1992
    1993
    1890
    2062
    2039
    2200
    2480
    2541
    2368
    2219
    2042
    2056
    2202
    2761
    3645
    4045
    3376
    2452
    2113
    2134
    2287
    2487
    3254
    6565
   17100
   35193
   41040
   24343
    8471
    3474
    2819
    2736
    3206
    5671
   12519
   20488
   18555
    9501
    3735
    2427
    2242
    2140
    2156
    2114
    1939
    1954
    1926
    1941
    1881
    1952
    1824
    1861
    1838
    1828
    1902
    1982
    2227
    2357
    2111
    1952
    1779
    1824
    1783
    1761
    1727
    1689
    1727
    1748
    1738
    1639
    1715
    1670
    1618
    1748
    1636
    1673
    1603
    1661
    1630
    1661
    1748
    1726
    1708
    1731
    1802
    1844
    2035
    2372
    3926
    7693
   12418
   12856
   13987
   29325
   58362
   67853
   40735
   13511
    4268
    2615
    2297
    2175
    2047
    2016
    1967
    1774
    1711
    1703
    1684
    1573
    1572
    1631
    1653
    1558
    1547
    1572
    1520
    1482
    1491
    1442
    1423
    1515
    1577
    1963
    2574
    2865
    2357
    1754
    1411
    1430
    1425
    1399
    1433
    1335
    1381
    1361
    1285
    1390
    1295
    1274
    1287
    1306
    1339
    1325
    1320
    1274
    1282
    1260
    1271
    1280
    1350
    1236
    1193
    1168
    1332
    1199
    1142
    1209
    1175
    1178
    1139
    1193
    1095
    1157
    1125
    1118
    1160
    1128
    1157
    1145
    1066
    1084
    1155
    1082
    1084
    1117
    1122
    1127
    1041
    1025
    1125
    1111
    1116
    1110
    1070
    1087
    1082
    1031
    1089
    1070
    1038
    1027
    1062
    1060
    1079
     999
    1067
    1046
    1054
    1017
    1054
    1076
    1017
    1016
    1062
     974
    1044
    1107
    1248
    1580
    2291
    4843
    9054
   10597
    7448
    3241
    1549
    1141
    1060
    1059
     981
    1007
     900
     987
     933
     985
     897
     948
     883
     932
     877
     867
     877
     895
     856
     859
     879
     853
     804
     870
     829
     876
     852
     814
     825
     865
     859
     950
    1247
    1761
    1916
    1569
    1063
     890
     873
     786
     800
     804
     792
     833
     792
     795
     790
     729
     749
     788
     786
     743
     723
     759
     707
     760
     770
     770
     800
     783
     850
     815
     712
     776
     718
     699
     681
     679
     726
     693
     685
     718
     694
     719
     719
     662
     671
     683
     697
     656
     678
     681
     625
     653
     650
     635
     667
     630
     696
     711
     727
     697
     640
     661
     619
     574
     629
     661
     582
     659
     732
    1051
    1449
    1713
    1334
     872
     616
     636
     591
     583
     590
     612
     581
     602
     565
     595
     554
     605
     635
     682
     718
     824
     749
     697
     638
     570
     589
     506
     534
     565
     580
     514
     523
     525
     589
     502
     511
     539
     530
     492
     572
     639
     628
     610
     558
     558
     508
     523
     503
     543
     508
     500
     548
     510
     538
     535
     528
     545
     516
     467
     496
     522
     519
     514
     525
     460
     508
     580
     531
     609
     562
     500
     461
     471
     488
     479
     475
     486
     433
     460
     495
     485
     480
     488
     478
     471
     451
     499
     504
     503
     565
     472
     522
     429
     430
     471
     439
     484
     462
     452
     490
     487
     465
     450
     475
     469
     496
     566
     566
     599
     739
     985
    1282
    1389
    1178
     805
     576
     591
     647
     835
    1270
    1379
    1155
     809
     651
     694
     763
     927
    1404
    2761
    7097
   15579
   24822
   23712
   13630
    4728
    1559
     871
     727
     660
     613
     596
     548
     513
     560
     492
     488
     463
     448
     439
     477
     457
     459
     447
     452
     444
     440
     407
     414
     365
     398
     413
     395
     422
     372
     368
     408
     363
     353
     357
     408
     366
     324
     342
     371
     378
     390
     381
     357
     372
     376
     358
     350
     374
     361
     370
     364
     379
     381
     362
     346
     389
     391
     397
     411
     561
     781
     837
     632
     478
     410
     366
     350
     341
     356
     382
     382
     321
     369
     363
     346
     358
     370
     440
     507
     538
     595
     676
     956
    2066
    5090
    9343
   12187
    9402
    4604
    1629
     693
     540
     553
     499
     509
     468
     433
     467
     567
     671
     594
     471
     391
     367
     372
     341
     341
     321
     298
     316
     312
     336
     328
     301
     313
     312
     321
     368
     492
     649
     572
     445
     355
     327
     316
     308
     303
     315
     293
     287
     310
     273
     283
     272
     273
     267
     285
     309
     333
     303
     327
     339
     285
     304
     265
     292
     296
     271
     295
     256
     269
     251
     277
     248
     274
     279
     287
     324
     316
     304
     273
     321
     301
     335
     415
     451
     481
     504
     757
    1452
    3215
    5525
    6852
    5551
    2803
    1144
     638
     719
     823
     731
     585
     388
     315
     284
     281
     268
     276
     307
     270
     268
     250
     262
     291
     263
     260
     286
     246
     260
     243
     272
     253
     255
     245
     237
     245
     229
     258
     259
     215
     259
     236
     262
     260
     247
     254
     225
     260
     283
     315
     298
     278
     244
     226
     240
     220
     213
     225
     248
     224
     282
     254
     248
     283
     277
     254
     304
     322
     499
     787
    1683
    2857
    3394
    2663
    1456
     627
     340
     274
     241
     237
     247
     238
     242
     239
     243
     228
     219
     239
     220
     262
     240
     239
     238
     193
     212
     244
     264
     260
     269
     258
     263
     264
     219
     197
     215
     231
     205
     209
     236
     242
     293
     304
     279
     220
     208
     212
     203
     209
     192
     200
     213
     215
     209
     224
     208
     258
     263
     272
     277
     229
     206
     189
     218
     200
     192
     211
     190
     200
     203
     176
     199
     230
     209
     173
     198
     205
     164
     209
     166
     180
     172
     206
     196
     186
     200
     183
     190
     166
     189
     190
     185
     194
     206
     183
     197
     173
     194
     189
     153
     176
     172
     194
     183
     206
     213
     173
     181
     181
     184
     180
     192
     189
     178
     211
     193
     178
     207
     267
     450
     680
     816
     688
     456
     248
     188
     187
     162
     182
     157
     163
     168
     184
     163
     180
     160
     156
     184
     154
     140
     199
     160
     156
     155
     140
     140
     154
     169
     165
     129
     156
     171
     150
     157
     155
     159
     157
     175
     239
     255
     274
     242
     196
     161
     146
     136
     137
     131
     127
     140
     148
     111
     137
     155
     135
     141
     168
     153
     173
     165
     190
     166
     154
     140
     132
     146
     102
     141
     138
     119
     104
     123
     133
     135
     128
     153
     107
     135
     117
     131
     140
     118
     127
     138
     119
     119
     117
     118
     125
     111
     120
     111
     127
     114
     133
     101
     128
     114
     125
     123
     133
     107
     106
     112
     113
     111
     111
     123
     104
     107
     110
     105
     116
     112
     125
     110
     102
     108
     107
     110
     113
     135
      94
     107
     109
     122
      98
     114
     104
     107
      94
     120
      95
      96
     117
     103
     107
     110
     131
      95
     111
      98
     122
     103
     112
      92
     116
     165
     174
     155
     123
     117
      98
     111
     110
      95
     103
     100
      91
      99
     103
     115
     109
     101
     107
     108
     102
      92
     112
     103
      83
      97
     116
     120
     167
     180
     182
     127
     105
      92
      92
     115
      98
      77
      89
      76
      65
      88
      71
      78
      91
      79
      81
      70
      93
      95
      75
      92
      79
      98
      87
      92
      95
      80
      81
      84
      81
      88
      72
      97
      79
      72
      81
      81
      83
      74
      68
      90
      68
      79
      82
      64
      82
      74
      84
      72
      72
      90
      72
      48
      74
      87
      72
      78
      71
      93
      88
      85
      78
      88
      83
      83
      74
      82
      84
      56
      86
      65
      70
      80
      63
      74
      71
      66
      73
      71
      61
      64
      64
      82
      76
      78
      74
      76
      68
      69
      72
      62
      75
      77
      58
      77
      79
     101
     109
      86
      86
      68
      61
      87
      60
      61
      67
      85
      66
      62
      74
      77
      63
      72
      71
      52
      75
      62
      81
      65
      69
      77
      59
      62
      57
      59
      57
      58
      67
      50
      77
      58
      73
      79
      69
      79
      56
      76
      69
      80
      63
      56
      66
      74
      64
      69
      44
      53
      72
      65
      63
      76
      64
      55
      69
      65
      64
      58
      58
      75
      58
      61
      62
      57
      59
      66
      73
      53
      52
      74
      75
      84
     107
     151
     174
     162
     122
      88
      80
      58
      73
      58
      52
      74
      69
      68
      65
      73
      66
      87
     116
     218
     388
     682
     949
     891
     653
     348
     158
     103
      77
      81
      61
      67
      67
      69
      66
      86
      59
      75
      56
      61
      62
      61
      54
      62
      65
      53
      57
      52
      56
      64
      64
      60
      56
      55
      50
      61
      71
      75
      74
      79
      78
      79
     105
     101
     197
     261
     320
     308
     258
     252
     302
     313
     295
     221
     135
      95
      65
      66
      59
      87
      86
      84
     112
     123
      95
     108
     114
     158
     328
     638
    1087
    1427
    1402
     969
     511
     206
     123
      76
      92
      67
      70
      67
      71
      41
      56
      70
      79
      59
      59
      64
      53
      64
      59
      57
      49
      45
      48
      62
      51
      54
      61
      54
      49
      50
      55
      58
      46
      54
      48
      44
      71
      53
      49
      53
      52
      48
      47
      54
      55
      60
      51
      55
      38
      51
      52
      54
      66
      56
      85
     105
     135
     174
     166
     132
      75
      68
      47
      57
      33
      56
      46
      51
      33
      58
      42
      34
      55
      33
      49
      43
      46
      40
      48
      44
      44
      37
      61
      41
      59
      41
      46
      52
      43
      69
      55
      54
      87
      88
     141
     167
     173
     122
      83
      60
      63
      51
      42
      41
      50
      43
      49
      59
      46
      42
      49
      41
      49
      63
      51
      43
      53
      48
      48
      49
      51
      54
      39
      57
      52
      41
      47
      50
      41
      40
      43
      37
      49
      44
      45
      38
      44
      54
      43
      43
      42
      37
      33
      44
      44
      36
      45
      39
      46
      52
      43
      51
      48
      39
      46
      52
      40
      47
      34
      36
      49
      56
      43
      35
      46
      45
      43
      47
      40
      35
      39
      49
      41
      43
      44
      52
      47
      49
      40
      46
      41
      42
      46
      40
      42
      38
      43
      46
      40
      44
      54
      36
      35
      33
      33
      38
      50
      44
      23
      43
      40
      41
      37
      55
      49
      40
      40
      31
      41
      43
      51
      37
      40
      34
      44
      50
      44
      48
      34
      53
      37
      41
      59
      53
      55
      79
     103
     111
     104
      75
      70
      51
      52
      49
      38
      45
      55
      46
      45
      35
      49
      29
      28
      44
      47
      39
      39
      37
      44
      47
      47
      51
      41
      48
      39
      41
      41
      42
      37
      39
      42
      36
      45
      50
      46
      40
      40
      46
      37
      37
      46
      36
      43
      31
      41
      43
      35
      46
      36
      42
      26
      33
      40
      40
      45
      38
      29
      36
      37
      40
      34
      39
      40
      49
      42
      34
      46
      47
      42
      31
      37
      36
      46
      32
      40
      41
      43
      45
      37
      22
      36
      39
      53
      35
      36
      50
      35
      41
      31
      49
      30
      40
      37
      42
      40
      34
      47
      44
      50
      42
      46
      35
      30
      40
      42
      38
      43
      29
      40
      56
      43
      43
      36
      31
      36
      30
      36
      40
      43
      30
      50
      39
      51
      46
      38
      46
      36
      46
      39
      38
      37
      33
      43
      38
      36
      41
      42
      41
      32
      25
      41
      39
      34
      30
      27
      33
      38
      44
      38
      25
      32
      39
      43
      29
      50
      24
      23
      28
      32
      34
      28
      26
      24
      27
      36
      26
      27
      36
      24
      34
      41
      35
      26
      32
      26
      36
      26
      28
      35
      34
      28
      26
      23
      35
      24
      32
      35
      28
      31
      22
      19
      30
      27
      21
      24
      27
      17
      22
      21
      27
      29
      24
      21
      27
      18
      30
      24
      28
      25
      25
      18
      23
      26
      22
      20
      25
      25
      26
      17
      29
      18
      21
      17
      21
      32
      22
      22
      23
      26
      24
      21
      22
      20
      26
      18
      24
      16
      22
      20
      20
      13
      29
      27
      28
      21
      17
      23
      29
      34
      35
      32
      34
      23
      21
      18
      16
      30
      30
      30
      20
      17
      24
      19
      20
      21
      21
      15
      19
      24
      29
      17
      15
      21
      31
      34
      34
      43
      60
      63
      64
      54
      44
      33
      23
      14
      21
      13
      22
      24
      19
      20
      25
      20
      21
      23
      17
      15
      20
      28
      27
      25
      22
      24
      23
      19
      25
      11
      28
      14
      15
      20
      16
      14
      23
      22
      20
      16
      10
      16
      15
      25
      31
      21
      19
      18
      24
      22
      19
      29
      50
      77
     128
     167
     240
     194
     143
      88
      43
      28
      32
      12
      23
      15
      20
      16
      13
      27
      19
      15
      21
      16
      19
      19
      16
      26
      16
      23
      12
      21
      15
      13
      19
      10
      16
      12
      30
      22
      18
       9
      24
      20
      17
      22
      19
      17
      15
      12
      17
      14
      21
      21
      12
      12
       8
      13
      18
      16
       7
      13
      13
      18
      28
       8
      10
      24
      19
      21
      19
      25
      26
      47
      55
      60
      62
      41
      29
      15
      15
      11
      12
      11
      12
      16
      16
      11
      15
      10
      16
      18
      16
      11
      13
      13
       9
      14
      10
      15
      10
      11
      12
       9
       8
      16
       6
       9
      12
      17
      12
       8
      12
      12
      15
      12
      12
      12
      11
      11
      10
      16
      15
      16
       5
       9
       9
      13
       8
      10
       8
      13
      18
      22
      25
      26
      23
      23
      23
      18
      13
      12
      12
       7
       9
      12
       9
       8
      14
       7
       7
      11
      15
      12
      10
       9
      10
      11
      14
       8
      12
      14
      14
       8
      13
      12
       9
      13
      13
      11
      19
      15
      23
      16
      14
      27
      17
       9
      16
      22
      17
      33
      16
      24
      22
      17
      10
      12
      15
      22
      28
      41
      48
      79
      70
      48
      28
      11
      14
      14
      11
      14
       9
       8
       7
       9
       7
      12
       9
      12
      10
      11
      11
      13
      16
       8
      10
       9
       3
       9
       8
      10
       9
       8
       8
      13
      11
       8
       7
      10
       7
       3
       7
      13
       7
      12
      11
      12
      15
      12
      23
      28
      33
      36
      32
      17
      15
      15
      12
      11
      13
      11
      18
      20
      12
      17
      25
      41
      30
      67
      87
     151
     309
     436
     651
     626
     488
     344
     171
      75
      44
      35
      17
      17
      15
      18
       9
      11
      12
      13
      17
      12
       6
       8
       5
       5
      14
       9
       8
       4
      13
      13
       5
      13
       9
       7
       3
      13
       8
       9
      10
       9
       5
       5
       9
      11
       5
       7
       6
       8
       4
       7
      14
       5
      11
       5
      11
       9
       7
       6
       7
      13
       5
       8
       7
       5
      15
       5
       5
       6
       7
       6
      12
       3
       6
       9
       8
       6
       5
       8
       5
      14
      11
       8
       5
      11
       9
       5
       3
       7
       9
       5
       4
       4
       2
       8
       5
       4
       9
       4
       8
       6
       4
       4
       5
       7
       6
       2
       5
       9
       7
       2
       2
       4
       9
       7
       3
       6
       4
       6
       3
       6
       3
       4
      13
       6
       6
       6
       6
      12
       5
       6
       3
       4
       6
       4
       5
       1
       7
       4
       6
       7
       3
       6
       3
       9
       4
       5
       9
       1
       7
       4
       4
       3
       6
       4
       2
       5
       3
       7
       3
       7
       3
       0
       7
       4
       8
       1
       2
       3
       2
       3
       4
       8
       0
       6
       4
       4
       4
       5
       9
       5
       5
       5
       5
       4
       6
       8
       4
       5
       5
       6
       3
       2
       2
       8
       5
       4
       7
       5
       2
      10
       9
       5
       6
       4
       9
       4
       4
       8
       3
       1
       5
       3
       6
       3
       4
       4
       5
       2
       0
       8
       5
       3
       6
       5
       4
       1
       1
       4
       5
       8
       3
       4
       3
       0
       4
       4
       3
       5
       3
       4
       3
       3
       1
       1
       3
       2
       1
       0
       6
       3
       5
       6
       0
       6
       4
       1
       0
       5
       7
       5
       4
       4
       6
       4
       4
       2
       1
       6
       4
       5
      11
       7
       6
       6
       6
       5
      11
       5
       9
       4
       6
       2
       7
       4
       7
       3
       2
       2
       3
       3
       2
       3
       3
       3
       3
       4
       4
       2
       1
       5
       2
       4
       1
       3
       1
       3
       2
       3
       5
       3
       6
       5
       1
       1
       5
       2
       1
       2
       1
       1
       1
       3
       5
       2
       7
       0
       2
       7
       5
       3
       7
       3
       3
       7
       5
       3
       4
      10
      13
      14
      20
      41
      65
      64
      88
      91
      58
      48
      16
      11
       6
       3
       6
       3
       5
       3
       4
       7
       2
       5
       9
       6
       5
       3
       7
       4
       4
       1
       0
       1
       4
       3
       3
       0
       3
       4
       0
       2
       1
       1
       3
       2
       6
       3
       1
       1
       5
       4
       4
       3
       5
       4
       4
       3
       5
       1
       1
       3
       1
       1
       4
       4
       1
       4
      15
       8
      16
      11
       6
       4
       7
       2
       4
       2
       3
       4
       4
       3
       3
       2
       0
       4
       1
       2
       2
       3
       2
       0
       2
       2
       1
       2
       2
       2
       7
       2
       3
       2
       1
       4
       3
       4
       2
       0
       2
       0
       4
       5
       2
       9
       1
       0
       5
       6
       0
       2
       1
       2
       3
       0
       4
       4
       1
       2
       0
       2
       2
       2
       1
       3
       3
       2
       1
       0
       0
       1
       2
       1
       2
       1
       4
       3
       3
       5
       2
       2
       0
       1
       2
       2
       1
       1
       3
       1
       3
       1
       0
       6
       3
       0
       2
       2
       3
       2
       3
       1
       6
       4
       2
       3
       5
       4
       3
       1
       2
       0
       2
       1
       2
       3
       2
       0
       2
       2
       3
       3
       0
       1
       0
       2
       4
       2
       2
       1
       1
       5
       2
       2
       1
       2
       4
       1
       2
       1
       3
       1
       3
       1
       3
       4
       1
       0
       1
       3
       2
       3
       1
       0
       1
       1
       1
       1
       3
       0
       5
       0
       3
       1
       0
       2
       3
       1
       4
       1
       3
       1
       0
       1
       1
       3
       1
       2
       3
       2
       3
       0
       2
       2
       1
       4
       0
       1
       1
       0
       1
       3
       2
       1
       3
       1
       2
       0
       2
       0
       3
       5
       1
       3
       3
       1
       0
       1
       2
       0
       4
       1
       1
       0
       0
       2
       0
       2
       4
       3
       1
       1
       1
       1
       3
       1
       1
       2
       1
       1
       2
       4
       3
       0
       0
       1
       1
       2
       2
       0
       0
       1
       3
       0
       3
       3
       3
       1
       2
       1
       0
       1
       1
       2
       1
       2
       0
       2
       1
       0
       1
       1
       1
       2
       0
       3
       2
       0
       1
       3
       0
       2
       2
       1
       1
       1
       4
       0
       3
       1
       2
       2
       3
       2
       0
       1
       2
       2
       1
       2
       0
       0
       2
       2
       2
       3
       1
       1
       5
       1
       2
       1
       1
       3
       1
       1
       0
       1
       0
       2
       0
       0
       2
       0
       0
       0
       1
       0
       3
       3
       1
       2
       1
       5
       4
       2
       5
       4
       3
       4
       2
       3
       1
       2
       0
       4
       0
       2
       3
       2
       1
       0
       0
       1
       1
       2
       3
       0
       1
       1
       0
       2
       0
       0
       2
       1
       1
       2
       2
       0
       0
       0
       1
       0
       1
       1
       3
       0
       1
       2
       1
       1
       0
       0
       2
       3
       1
       1
       1
       0
       2
       2
       2
       0
       1
       0
       2
       3
       2
       0
       1
       1
       1
       4
       4
       4
       0
       3
       0
       4
       3
       1
       1
       1
       0
       0
       2
       2
       0
       0
       2
       2
       3
       4
       2
       1
       3
       2
       2
       2
       1
       3
       0
       2
       1
       1
       2
       2
       0
       3
       2
       0
       0
       4
       1
       1
       2
       2
       2
       1
       2
       2
       1
       3
       2
       0
       0
       2
       2
       1
       1
       2
       1
       0
       0
       1
       0
       2
       2
       4
       2
       1
       1
       1
       1
       2
       2
       2
       0
       0
       0
       1
       2
       0
       2
       2
       1
       1
       0
       0
       1
       2
       0
       0
       2
       2
       0
       2
       1
       2
       2
       0
       2
       1
       3
       2
       4
       3
       1
       1
       2
       1
$ROI:
0
$PRESETS:
None
0
0
$ENER_FIT:
-0.17 0.50021
$MCA_CAL:
3
-0.17000 0.50021 0.00 keV
$SHAPE_CAL:
3
-0.765948053477 7.83958431117 -26.4079756712
$META:
{'istp': ['133CEm', '133CEg', '133LA', '132CE', '132LA', '139CE', '137CEg', '137CEm', '137LA', '135CE', '135LA', '134LA', '132CS', '7BE', '133BAm', '133BAg'], 'res': 0.05, 'R': 0.2, 'unc_eff': [[0.024053508436386758, -0.2517435071854035, 0.6502498581753428], [-0.25174350718540356, 2.65027007823169, -6.882714286693032], [0.6502498581753429, -6.882714286693032, 17.966849727438788]], 'alpha': 0.9}
