$SPEC_ID:
No sample description was entered.
$SPEC_REM:
DET# 9480
DETDESC# HPGE
AP# Maestro Version 7.01
$DATE_MEA:
10/17/2018 12:52:24
$MEAS_TIM:
1800 1806
$DATA:
0 4095
     300
     301
       0
       0
       0
       0
       0
       0
       0
       0
       0
       0
       0
       0
       0
       0
       0
       0
       0
       0
       0
       0
       0
       0
       0
       0
       0
       0
       0
       0
       0
       0
       0
       0
       0
       0
       0
       0
       0
       0
       0
       0
       0
       0
       0
       0
       0
       0
       0
       0
       0
       0
       0
       0
       0
       0
       0
       0
       0
       0
       0
       0
       0
       0
       0
       0
       0
       0
       0
       0
       0
       0
       0
       0
       0
       0
       0
       0
       0
       0
       0
       1
       5
       4
     404
    1255
    1311
    1232
    1145
    1229
    1212
    1275
    1205
    1197
    1264
    1227
    1152
    1218
    1203
    1202
    1181
    1194
    1127
    1149
    1192
    1184
    1129
    1165
    1136
    1229
    1153
    1174
    1194
    1131
    1092
    1133
    1169
    1192
    1194
    1199
    1094
    1162
    1143
    1092
    1184
    1140
    1116
    1087
    1109
    1170
    1139
    1119
    1122
    1105
    1087
    1091
    1222
    1131
    1222
    1204
    1165
    1104
    1189
    1170
    1180
    1141
    1207
    1191
    1157
    1207
    1279
    1309
    1160
    1122
    1157
    1204
    1133
    1152
    1134
    1176
    1231
    1177
    1225
    1196
    1263
    1183
    1233
    1185
    1260
    1326
    1364
    1311
    1328
    1363
    1663
    1452
    1331
    1509
    1788
    1419
    1255
    1265
    1305
    1331
    1273
    1344
    1351
    1339
    1314
    1217
    1303
    1395
    1297
    1325
    1369
    1315
    1235
    1395
    1347
    1371
    1372
    1390
    1414
    1472
    1405
    1466
    1451
    1466
    1463
    1477
    1423
    1436
    1462
    1488
    1574
    1487
    1503
    1483
    1423
    1525
    1568
    1547
    1597
    1649
    1576
    1540
    1675
    1610
    1651
    1690
    1597
    1621
    1671
    1654
    1685
    1733
    2093
    2062
    1985
    3091
    3004
    1854
    1711
    1756
    1734
    1811
    1732
    1723
    1715
    1767
    1731
    1767
    1745
    1815
    1736
    1747
    1722
    1762
    1840
    1769
    1836
    1856
    1860
    1913
    1885
    1968
    2044
    2029
    1926
    1937
    1909
    1968
    1891
    1929
    1867
    1894
    1820
    1914
    1838
    1940
    1882
    1866
    1799
    1761
    1902
    1848
    1825
    1833
    1825
    1748
    1826
    1757
    1794
    1780
    1680
    1658
    1661
    1618
    1613
    1625
    1587
    1548
    1570
    1593
    1574
    1577
    1509
    1531
    1473
    1549
    1469
    1526
    1546
    1524
    1508
    1524
    1528
    1432
    1509
    1421
    1450
    1471
    1420
    1409
    1393
    1347
    1363
    1356
    1350
    1357
    1382
    1363
    1372
    1344
    1317
    1395
    1371
    1306
    1363
    1343
    1299
    1296
    1237
    1323
    1306
    1303
    1275
    1302
    1266
    1254
    1326
    1315
    1285
    1217
    1294
    1278
    1356
    1313
    1264
    1368
    1256
    1208
    1200
    1271
    1328
    1258
    1223
    1226
    1320
    1269
    1225
    1235
    1245
    1208
    1320
    1222
    1221
    1225
    1216
    1246
    1206
    1298
    1204
    1228
    1184
    1161
    1178
    1188
    1141
    1172
    1111
    1099
    1144
    1173
    1158
    1132
    1142
    1179
    1084
    1081
    1131
    1162
    1153
    1135
    1054
    1032
    1068
    1034
    1048
    1019
    1175
    1295
    2956
    8163
    7384
    2218
    1069
    1002
     989
     983
     952
     962
     925
     991
     924
     920
     981
     930
     929
     920
     930
     946
     932
     911
     886
     891
     938
     937
     859
     955
     887
     935
     949
     913
     854
     934
     873
     888
     915
     895
     848
     892
     883
     877
     887
     924
     855
     852
     932
     847
     863
     847
     868
     859
     842
     879
     865
     787
     860
     854
     811
     800
     819
     799
     826
     855
     898
     826
     847
     883
     799
     804
     851
     842
     833
     818
     845
     899
     852
     791
     798
     834
     813
     791
     877
     814
     734
     816
     813
     821
     816
     817
     804
     827
     782
     800
     823
     944
    1518
    2170
    1438
     804
     772
     736
     734
     738
     711
     692
     684
     690
     685
     716
     728
     739
     701
     698
     746
     858
    1054
    1903
    8674
   27523
   28576
    7626
    1075
     864
    1096
     836
     583
     531
     556
     527
     569
     530
     555
     507
     553
     527
     476
     558
     495
     577
     772
     674
     551
     494
     527
     510
     480
     513
     506
     525
     553
     540
     493
     491
     537
     475
     517
     501
     533
     485
     516
     505
     499
     543
     487
     469
     483
     508
     490
     445
     460
     438
     437
     485
     457
     477
     482
     450
     442
     440
     477
     427
     462
     533
     518
     676
    1361
    4836
   13759
   13957
    4276
     664
     421
     390
     427
     427
     382
     403
     419
     457
     396
     351
     401
     384
     345
     346
     368
     396
     373
     355
     375
     423
     369
     383
     345
     341
     387
     371
     357
     379
     377
     369
     376
     341
     338
     397
     396
     382
     367
     384
     343
     382
     374
     345
     373
     346
     373
     346
     351
     345
     348
     347
     339
     352
     401
     441
     472
     388
     335
     373
     331
     347
     367
     351
     362
     348
     363
     363
     347
     344
     352
     362
     365
     349
     358
     365
     371
     360
     370
     332
     373
     318
     353
     390
     373
     379
     368
     345
     351
     325
     350
     332
     369
     322
     309
     345
     350
     324
     330
     327
     318
     322
     378
     337
     310
     293
     321
     331
     332
     333
     311
     319
     313
     349
     295
     309
     309
     314
     307
     320
     300
     295
     310
     335
     292
     319
     298
     330
     282
     315
     316
     340
     311
     294
     285
     311
     284
     305
     319
     295
     319
     296
     303
     318
     248
     308
     330
     306
     315
     306
     288
     310
     302
     302
     343
     298
     421
     752
    1001
     663
     372
     340
     317
     288
     296
     277
     284
     306
     293
     278
     284
     308
     355
     435
     543
     512
     334
     293
     272
     275
     280
     308
     276
     290
     317
     329
     263
     308
     269
     309
     284
     272
     307
     321
     436
     439
     390
     349
     400
     381
     306
     275
     265
     276
     279
     262
     260
     266
     270
     259
     272
     257
     253
     263
     284
     248
     274
     270
     284
     251
     233
     243
     255
     259
     246
     256
     281
     294
     258
     240
     293
     274
     232
     267
     254
     236
     261
     256
     252
     232
     213
     251
     238
     254
     262
     241
     255
     210
     236
     264
     221
     238
     228
     228
     210
     222
     205
     253
     219
     195
     208
     194
     210
     248
     221
     223
     230
     215
     206
     211
     198
     225
     226
     222
     215
     202
     214
     186
     216
     203
     180
     190
     194
     205
     192
     204
     210
     203
     197
     192
     181
     223
     319
     318
     243
     188
     181
     185
     224
     186
     196
     176
     179
     225
     195
     177
     171
     162
     166
     175
     163
     179
     168
     157
     190
     222
     193
     222
     189
     159
     169
     149
     156
     162
     183
     183
     210
     194
     222
     200
     188
     184
     174
     182
     184
     172
     158
     193
     159
     167
     184
     162
     167
     166
     168
     168
     164
     184
     165
     162
     167
     168
     184
     187
     178
     176
     177
     218
     396
     656
     589
     360
     206
     223
     459
     722
     771
     376
     265
     209
     205
     213
     305
     249
     179
     179
     152
     165
     145
     147
     151
     139
     162
     157
     135
     139
     127
     144
     149
     153
     139
     159
     131
     151
     135
     152
     135
     131
     125
     136
     143
     129
     136
     146
     145
     144
     148
     143
     147
     170
     148
     159
     154
     154
     163
     182
     205
     246
     287
     379
     428
     395
     358
     285
     228
     180
     166
     156
     164
     177
     197
     283
     730
    2118
    3923
    3796
    1725
     371
     129
     111
     117
     128
     117
     114
      97
     118
     131
     108
      97
     132
     138
     106
     118
     134
     127
     152
     145
     130
     109
     133
     103
     108
     126
     110
     110
     105
     113
     127
     114
     124
     128
     118
     143
     100
     111
     120
     122
     106
     117
     112
     116
     101
     116
     118
     124
     102
     117
     128
     142
     186
     247
     267
     177
      99
     119
     124
     127
     120
      97
     132
     115
     109
     104
     105
     106
     104
     107
      99
      96
     108
     112
     115
     103
     119
     100
     108
     106
     117
     120
     114
     133
     113
     125
     141
     171
     131
     122
     114
     128
     124
     123
     212
     278
     195
     147
     107
     137
     125
     129
     201
     341
     984
    2089
    2777
    1855
     558
     183
     108
     119
     153
     281
     737
    1268
    1266
     680
     214
     117
     106
      95
     101
      83
      95
      87
     106
      97
     106
     111
      99
     114
      78
      88
      82
     110
     136
     101
     128
     111
      86
     100
      94
     110
      78
      82
      73
     100
      83
      85
      93
      69
      96
     102
      88
      84
      82
      88
      99
     106
      72
      93
     105
      98
      97
      92
     102
     123
     228
     405
     751
     826
     820
    1630
    3468
    4583
    3039
     922
     194
      84
      71
      73
      54
      69
      61
      65
      49
      70
      76
      63
      64
      70
      77
      54
      55
      62
      69
      64
      60
      66
      62
      61
      78
      99
     130
     175
     122
      85
      60
      73
      72
      64
      65
      52
      71
      51
      53
      61
      69
      70
      59
      65
      59
      55
      52
      68
      66
      49
      60
      62
      61
      55
      65
      41
      62
      46
      59
      56
      62
      51
      57
      57
      55
      54
      53
      49
      45
      58
      67
      53
      44
      56
      55
      42
      54
      51
      58
      55
      57
      59
      56
      59
      43
      46
      63
      54
      44
      52
      49
      45
      51
      59
      57
      58
      62
      45
      42
      43
      45
      46
      57
      51
      52
      49
      51
      52
      43
      53
      48
      88
     114
     277
     550
     699
     527
     231
      83
      51
      42
      43
      31
      37
      42
      45
      50
      40
      45
      46
      34
      35
      46
      45
      32
      50
      45
      40
      43
      42
      35
      39
      40
      37
      35
      26
      46
      30
      36
      38
      52
      90
      98
      91
      62
      35
      34
      29
      36
      42
      50
      30
      26
      31
      28
      40
      38
      39
      36
      26
      43
      35
      36
      33
      38
      34
      41
      40
      38
      37
      30
      34
      29
      35
      28
      32
      31
      27
      27
      34
      32
      36
      37
      29
      25
      36
      40
      35
      27
      25
      26
      40
      30
      21
      27
      31
      37
      34
      26
      30
      28
      35
      17
      29
      15
      27
      29
      29
      41
      55
      76
     101
      62
      39
      29
      27
      24
      21
      26
      24
      35
      27
      22
      21
      17
      31
      23
      34
      44
      29
      33
      30
      23
      17
      22
      25
      22
      23
      19
      16
      18
      14
      32
      16
      22
      30
      21
      18
      17
      25
      36
      28
      23
      16
      25
      18
      17
      26
      19
      20
      30
      26
      30
      25
      15
      24
      25
      22
      25
      24
      23
      16
      25
      24
      19
      26
      31
      23
      29
      26
      24
      21
      19
      20
      13
      22
      15
      17
      22
      17
      17
      25
      22
      18
      26
      24
      14
      31
      33
      22
      24
      18
      13
      17
      23
      19
      22
      21
      25
      25
      21
      21
      14
      13
      22
      22
      22
      36
      44
      42
      72
      93
      77
      53
      30
      23
      25
      43
      73
      76
      63
      45
      35
      38
      33
      59
      87
     165
     413
     943
    1529
    1643
     910
     328
      66
      16
      26
      17
      12
      18
      13
       6
      11
      10
      19
      14
      17
      10
       8
      21
      17
      18
      14
      15
       6
      17
      18
      11
      14
       8
      11
      22
      13
      12
      15
      14
      23
       8
      11
      10
      10
      10
      21
      17
      11
       7
      14
      14
       6
      16
      17
       7
      13
      16
      11
      12
      14
      13
      12
      17
      14
       9
      20
      35
      33
      49
      38
      30
      10
      11
      17
      10
      17
      16
      10
      13
      22
      12
       9
      12
      17
      19
      10
      29
      42
      36
      62
     127
     319
     536
     725
     638
     297
      91
      20
      18
      18
      15
      29
      10
      14
      16
      24
      25
      23
      16
      11
      12
       8
       8
      13
       5
      11
      11
      15
      13
       8
      11
      14
      10
      13
      25
      31
      30
      28
      18
      20
       8
      19
      11
      12
      13
       6
      13
      10
       9
       5
      11
      13
      15
       9
       8
      14
       8
      17
      13
       6
      13
      10
       4
       9
      12
       6
       6
       7
       9
      16
       1
       9
      10
      10
      10
      15
      14
      15
      14
      11
      20
      15
      22
      26
      27
      42
      89
     194
     346
     427
     392
     176
      61
      27
      34
      36
      31
      27
      17
      10
      11
       8
      13
      10
       8
      10
      10
      12
       7
      11
       8
       9
       6
      10
       9
      13
      10
      12
       4
       8
      13
      10
       9
       4
       5
       8
       9
       8
       6
       6
       9
      13
       8
      10
      13
      15
      13
      11
       9
       6
      11
       9
       8
       7
      11
       6
      13
       9
       6
       9
      10
       7
      13
      18
      29
      49
      91
     178
     227
     172
      94
      36
      13
      13
       9
      11
      11
      13
      16
       5
       7
      11
       5
       8
       6
       9
       6
       6
      10
      13
       7
      11
       9
       6
      14
      14
       7
       6
       8
       7
       9
       8
      10
      11
      10
      18
      14
      11
      10
      12
       6
      10
       6
       9
       9
       8
       5
       6
       7
       8
       9
       2
      15
      10
       7
       9
       7
      12
       6
       6
       6
      10
       8
      10
      10
       6
       8
       9
       7
       6
       7
       6
       7
       8
       8
      11
      11
       6
       3
       5
       6
      10
       8
       9
       6
       9
       8
       7
       9
       9
       7
       5
       6
       5
      12
      11
       8
      10
       7
      12
      11
       6
       3
       4
       7
       8
       9
       4
       6
       3
      10
       6
      10
      15
      20
      29
      39
      39
      22
      14
       4
       3
       6
       7
       3
       7
      10
       7
       4
       8
       3
       7
       9
       6
       7
       7
       7
       2
       6
       3
       3
       5
       7
       7
       5
       5
       5
      13
       1
       5
       7
       5
       6
      12
       8
      13
      17
       9
       6
       4
       5
       4
       3
       6
       7
       3
       7
       9
      10
       8
       7
      12
       7
       4
       9
       7
       7
      11
       6
       8
       5
       7
       5
       4
       3
       5
       3
       3
       4
       7
       3
       5
       2
       5
       6
       8
       5
       0
       6
       5
       6
       4
       8
       3
       6
       5
       7
       3
       7
       8
       7
       6
       5
       4
       6
       7
       3
       4
       4
       3
       4
       4
       8
       3
       3
       6
       4
       8
       4
       6
       5
       3
       2
       2
       2
       4
       5
       5
       4
       6
       4
       5
       3
       4
       4
       6
       4
       1
       3
       3
       3
       1
       2
       5
       4
       4
       2
       1
       7
       7
       4
       8
       7
      12
       6
       1
       5
       1
       7
       4
       1
       2
       2
       4
       3
       4
       4
       2
       4
       5
       4
       3
       6
       4
       8
       4
       3
       4
      10
       7
       8
      12
       5
       8
       2
       4
       4
       1
       4
       3
       3
       6
       5
       2
       2
       2
       5
       2
       4
       1
       0
       4
       3
       2
       0
       2
       2
       4
       1
       4
       1
       5
       1
       3
       2
       5
       3
       4
       6
       2
       2
       2
       0
       4
       1
       4
       3
       3
       1
       2
       2
       1
       5
       5
       4
       2
       3
       4
       3
       1
       3
       2
       1
       6
       3
       4
       6
       9
       4
       2
       2
       4
       2
       2
       2
       3
       6
       2
       3
       6
       3
       4
       2
       3
       2
       0
       3
       3
       1
       5
       4
       5
       2
       2
       2
       2
       4
       3
       2
       2
       5
       9
       2
       3
       3
       5
       4
       4
       0
       4
       3
       0
       3
       6
       1
       4
       2
       5
       0
       1
       3
       5
       2
       3
       4
       5
       2
       4
       3
       0
       4
       1
       5
       3
       2
       2
       1
       6
       0
       3
       6
       2
       2
       1
       3
       6
       3
       1
       1
       3
       6
       6
       5
       5
       4
       1
       3
       4
       3
       0
       5
       7
       2
       4
       3
       3
       0
       4
       2
       2
       7
       3
       2
       8
       9
       9
       6
      11
       4
       7
       3
       3
       1
       2
       1
       0
       6
       1
       4
       4
       5
       5
      16
      23
      43
      54
      76
      44
      22
       9
       3
       3
       0
       0
       3
       1
       0
       5
       3
       3
       6
       1
       3
       4
       3
       2
       5
       3
       1
       4
       4
       3
       2
       1
       6
       1
       0
       1
       0
       5
       4
       4
       2
       2
       6
       7
       6
      16
      20
      24
      16
      20
      23
      17
      19
      12
      11
       3
       0
       4
       1
       1
       1
       1
       3
       6
       5
       7
       6
      11
      19
      23
      39
      67
      81
      98
      64
      38
      17
       5
       2
       0
       3
       1
       1
       3
       2
       2
       5
       2
       3
       1
       1
       1
       3
       1
       4
       3
       2
       0
       1
       6
       3
       2
       0
       3
       4
       1
       4
       3
       2
       4
       5
       0
       0
       0
       0
       2
       5
       2
       3
       4
       2
       3
       5
       1
       2
       3
       1
       2
       2
       3
       7
      11
      16
      12
      10
       4
       2
       3
       2
       0
       1
       1
       2
       1
       4
       2
       5
       3
       4
       2
       2
       1
       4
       4
       3
       3
       4
       5
       4
       3
       3
       0
       2
       2
       2
       2
       9
       6
       4
      11
      10
       5
       6
       5
       3
       1
       2
       4
       0
       6
       3
       2
       1
       3
       0
       4
       4
       1
       2
       4
       3
       1
       2
       1
       3
       2
       5
       1
       2
       3
       3
       5
       0
       0
       1
       1
       3
       2
       6
       4
       2
       4
       2
       7
       2
       3
       1
       0
       3
       3
       5
       2
       3
       1
       1
       5
       3
       2
       4
       3
       1
       2
       1
       0
       2
       2
       4
       2
       5
       1
       1
       2
       4
       1
       4
       3
       4
       2
       2
       3
       0
       3
       7
       2
       2
       4
       4
       4
       1
       0
       3
       3
       0
       2
       3
       4
       0
       7
       2
       0
       2
       2
       4
       3
       4
       2
       3
       2
       0
       1
       1
       4
       2
       3
       4
       1
       3
       1
       4
       3
       1
       1
       2
       2
       5
       4
       4
       2
       4
       1
       6
       6
       8
       6
       3
       3
       5
       2
       2
       4
       1
       9
       5
       0
       4
       2
       2
       3
       1
       4
       4
       2
       0
       1
       3
       1
       4
       2
       3
       4
       2
       1
       3
       1
       0
       1
       3
       4
       5
       3
       2
       1
       5
       1
       2
       3
       1
       1
       2
       5
       1
       2
       4
       0
       2
       4
       1
       2
       2
       1
       3
       3
       4
       2
       3
       4
       3
       6
       3
       1
       7
       1
       4
       3
       2
       1
       5
       0
       3
       2
       2
       1
       1
       2
       1
       2
       1
       5
       2
       2
       1
       2
       2
       4
       3
       3
       2
       1
       2
       7
       4
       0
       2
       1
       0
       1
       0
       2
       1
       7
       2
       4
       3
       2
       1
       5
       4
       1
       3
       1
       0
       4
       1
       1
       3
       4
       4
       1
       2
       0
       3
       2
       2
       4
       3
       0
       6
       3
       3
       2
       2
       1
       3
       1
       1
       0
       0
       1
       1
       1
       2
       3
       3
       2
       3
       2
       2
       2
       3
       5
       1
       2
       0
       2
       2
       3
       1
       1
       2
       2
       1
       3
       4
       3
       2
       1
       3
       2
       0
       2
       1
       1
       1
       4
       0
       2
       0
       2
       3
       1
       0
       2
       2
       0
       1
       1
       0
       1
       1
       1
       1
       0
       1
       0
       0
       0
       2
       5
       2
       0
       1
       0
       0
       0
       3
       1
       1
       1
       4
       3
       1
       0
       0
       4
       3
       1
       1
       1
       2
       2
       2
       1
       2
       2
       0
       2
       2
       0
       2
       1
       0
       0
       2
       1
       2
       1
       0
       2
       1
       2
       1
       0
       3
       0
       4
       3
       5
       0
       3
       2
       3
       1
       0
       0
       3
       1
       1
       2
       1
       0
       3
       3
       1
       0
       2
       1
       0
       3
       0
       2
       4
       6
       6
       6
       4
       6
       0
       2
       1
       2
       1
       1
       1
       0
       1
       1
       0
       3
       1
       1
       2
       0
       0
       2
       0
       1
       0
       0
       2
       1
       1
       1
       0
       4
       1
       1
       0
       1
       0
       1
       0
       1
       0
       3
       0
       3
       4
       6
       2
       0
       1
       2
       5
       4
       4
       2
       7
      12
      19
      20
       4
       5
       2
       0
       1
       0
       1
       2
       1
       0
       1
       0
       0
       1
       0
       2
       0
       2
       0
       0
       1
       1
       0
       3
       1
       1
       3
       1
       2
       0
       0
       1
       0
       1
       0
       0
       1
       0
       0
       2
       1
       0
       1
       0
       1
       0
       0
       0
       0
       0
       1
       0
       1
       1
       2
       3
       0
       1
       0
       1
       0
       0
       3
       1
       1
       0
       6
      10
       3
       3
       2
       0
       0
       0
       2
       2
       2
       1
       1
       0
       1
       0
       0
       1
       0
       0
       0
       0
       0
       2
       0
       0
       0
       0
       1
       0
       2
       0
       1
       1
       1
       1
       1
       2
       0
       0
       1
       0
       2
       1
       0
       2
       1
       1
       0
       0
       2
       0
       2
       0
       0
       0
       1
       0
       1
       2
       1
       2
       2
       2
       2
       0
       0
       1
       2
       0
       1
       0
       0
       1
       0
       1
       0
       2
       0
       1
       0
       2
       0
       1
       1
       1
       0
       1
       2
       0
       1
       1
       0
       0
       0
       2
       0
       3
       0
       0
       1
       0
       1
       0
       0
       0
       0
       0
       4
       1
       1
       0
       0
       0
       4
       0
       2
       1
       4
       3
       4
       5
       1
       1
       0
       1
       2
       1
       1
       0
       1
       0
       0
       0
       1
       1
       0
       0
       0
       0
       0
       1
       0
       0
       1
       0
       0
       2
       0
       0
       1
       1
       0
       1
       0
       0
       0
       0
       0
       2
       0
       1
       0
       1
       0
       2
       3
       1
       2
       3
       3
       1
       0
       0
       2
       0
       1
       3
       2
       3
       1
       0
       0
       2
       5
       4
      10
      17
      19
      31
      30
      46
      37
      29
      16
       1
       1
       2
       1
       1
       0
       1
       0
       0
       0
       0
       0
       1
       0
       0
       0
       0
       0
       0
       1
       0
       0
       0
       0
       0
       0
       1
       0
       0
       0
       0
       0
       1
       0
       0
       1
       2
       0
       0
       1
       0
       0
       0
       0
       0
       0
       0
       0
       0
       0
       0
       0
       0
       0
       1
       0
       0
       0
       2
       0
       1
       0
       1
       0
       0
       0
       0
       1
       1
       0
       0
       1
       0
       0
       1
       0
       1
       0
       0
       0
       0
       0
       0
       0
       0
       0
       0
       0
       0
       0
       0
       0
       0
       0
       0
       0
       0
       1
       0
       0
       0
       0
       0
       0
       1
       0
       0
       0
       0
       0
       1
       0
       1
       0
       0
       0
       0
       0
       1
       0
       1
       0
       1
       0
       0
       1
       0
       0
       0
       0
       0
       1
       0
       0
       0
       2
       0
       0
       0
       0
       1
       1
       0
       1
       1
       0
       1
       0
       0
       0
       0
       0
       0
       1
       0
       0
       1
       0
       0
       2
       0
       0
       0
       1
       0
       0
       0
       0
       0
       0
       0
       1
       0
       0
       0
       0
       0
       1
       0
       0
       0
       1
       0
       0
       0
       0
       0
       0
       0
       0
       0
       0
       0
       0
       0
       0
       0
       1
       0
       0
       0
       0
       1
       0
       0
       1
       1
       0
       0
       1
       0
       0
       0
       0
       1
       0
       0
       2
       0
       0
       0
       0
       1
       0
       0
       0
       0
       0
       0
       0
       0
       1
       1
       0
       1
       0
       0
       1
       0
       0
       0
       0
       1
       0
       1
       0
       0
       0
       0
       0
       0
       0
       0
       1
       0
       0
       0
       0
       0
       0
       0
       0
       1
       0
       0
       0
       0
       2
       1
       0
       0
       0
       0
       1
       1
       0
       0
       1
       0
       0
       0
       0
       0
       1
       0
       0
       0
       0
       0
       1
       0
       0
       0
       0
       0
       0
       0
       0
       1
       0
       0
       0
       0
       0
       0
       0
       0
       0
       0
       1
       0
       0
       2
       0
       0
       0
       1
       0
       0
       0
       0
       0
       2
       0
       0
       0
       0
       0
       0
       0
       1
       1
       4
       3
       2
       2
       5
      11
       4
       3
       3
       0
       2
       0
       0
       0
       0
       0
       1
       1
       0
       0
       0
       1
       1
       1
       1
       0
       0
       0
       0
       0
       0
       1
       0
       1
       2
       0
       0
       0
       0
       1
       0
       0
       0
       0
       1
       1
       0
       1
       0
       0
       2
       0
       0
       0
       3
       1
       1
       1
       0
       0
       0
       0
       0
       0
       0
       0
       0
       0
       1
       0
       0
       0
       0
       1
       0
       0
       0
       0
       0
       1
       0
       0
       1
       0
       1
       1
       2
       0
       0
       0
       0
       1
       0
       0
       0
       0
       0
       1
       0
       0
       0
       0
       0
       0
       1
       0
       0
       0
       0
       0
       1
       0
       0
       0
       0
       0
       0
       1
       0
       0
       0
       0
       0
       0
       0
       0
       0
       0
       2
       0
       1
       0
       0
       0
       0
       1
       0
       1
       0
       0
       0
       0
       0
       0
       0
       0
       0
       0
       0
       0
       0
       0
       0
       0
       0
       0
       1
       0
       0
       1
       0
       0
       0
       0
       0
       0
       0
       0
       0
       0
       0
       1
       0
       0
       0
       0
       1
       0
       1
       0
       0
       0
       0
       0
       0
       0
       0
       0
       0
       0
       0
       1
       0
       0
       0
       0
       0
       0
       0
       0
       0
       0
       1
       1
       0
       0
       0
       0
       0
       0
       1
       1
       0
       0
       0
       0
       0
       0
       0
       0
       1
       1
       0
       0
       0
       0
       0
       0
       0
       0
       1
       1
       0
       0
       0
       0
       0
       0
       0
       0
       0
       0
       0
       0
       0
       0
       1
       0
       0
       1
       0
       0
       0
       0
       0
       0
       0
       0
       0
       0
       0
       0
       0
       0
       1
       0
       0
       0
       1
       0
       2
       0
       0
       0
       0
       0
       0
       1
       0
       0
       1
       0
       1
       0
       0
       0
       0
       1
       0
       0
       0
       0
       0
       0
       0
       0
       0
       0
       0
       0
       1
       0
       0
       1
       0
       1
       0
       0
       2
       0
       0
       0
       0
       0
       0
       0
       0
       0
       0
       0
       0
       0
       0
       0
       0
       0
       1
       0
       0
       0
       1
       0
       0
       0
       0
       0
       0
       1
       0
       0
       0
       0
       0
       0
       0
       0
       0
       1
       0
       0
       0
       1
       0
       0
       1
       0
       0
       0
       0
       1
       0
       0
       0
       0
       0
       1
       0
       0
       0
       0
       0
       0
       1
       0
       0
       1
       1
       0
       0
       0
       0
       0
       0
       0
       0
       0
       1
       0
       0
       0
       0
       0
       1
       1
       0
       0
       0
       0
       0
       0
       0
       0
       0
       0
       0
       1
       0
       0
       0
       0
       0
       0
       0
       0
       0
       0
       0
       0
       0
       0
       1
       0
       0
       1
       0
       0
       0
       1
       0
       0
       0
       0
       0
       0
       0
       0
       0
       1
       0
       0
       0
       0
       0
       0
       0
       0
       0
       0
       0
       0
       0
       0
       0
       0
       0
       0
       0
       0
       0
       0
       0
       1
       0
       0
       0
       0
       0
       0
       0
       0
       0
       0
       0
       0
       0
       0
       0
       0
       0
       1
       0
       0
       0
       0
       0
       1
       0
       0
       0
       0
       0
       0
       0
       0
       0
       0
       0
       0
       0
       0
       0
       1
       0
       0
       0
       0
       0
       0
       1
       0
       0
       0
       0
       0
       0
       0
       0
       0
       1
       0
       0
       0
       0
       1
       0
       0
       0
       0
       0
       0
       0
       0
       0
       0
       0
       1
       0
       0
       0
       0
       1
       1
       0
       0
       0
       1
       1
       0
       0
       0
       1
       0
       0
       0
       0
       0
       1
       0
       0
       0
       0
       1
       0
       0
       0
       0
       0
$ROI:
0
$PRESETS:
None
0
0
$ENER_FIT:
-0.17 0.50021
$MCA_CAL:
3
-0.17000 0.50021 0.00 keV
$SHAPE_CAL:
3
-0.765948053477 7.83958431117 -26.4079756712
$META:
{'istp': ['133CEm', '133CEg', '133LA', '132CE', '132LA', '139CE', '137CEg', '137CEm', '137LA', '135CE', '135LA', '134LA', '132CS', '7BE', '133BAm', '133BAg'], 'res': 0.05, 'R': 0.2, 'unc_eff': [[0.024053508436386758, -0.2517435071854035, 0.6502498581753428], [-0.25174350718540356, 2.65027007823169, -6.882714286693032], [0.6502498581753429, -6.882714286693032, 17.966849727438788]], 'alpha': 0.9}
