$SPEC_ID:
No sample description was entered.
$SPEC_REM:
DET# 9480
DETDESC# HPGE
AP# Maestro Version 7.01
$DATE_MEA:
10/17/2018 13:24:23
$MEAS_TIM:
1800 1932
$DATA:
0 4095
     300
     322
       0
       0
       0
       0
       0
       0
       0
       0
       0
       0
       0
       0
       0
       0
       0
       0
       0
       0
       0
       0
       0
       0
       0
       0
       0
       0
       0
       0
       0
       0
       0
       0
       0
       0
       0
       0
       0
       0
       0
       0
       0
       0
       0
       0
       0
       0
       0
       0
       0
       0
       0
       0
       0
       0
       0
       0
       0
       0
       0
       0
       0
       0
       0
       0
       0
       0
       0
       0
       0
       0
       0
       0
       0
       0
       0
       0
       0
       0
       7
      94
     322
    1019
    8147
   14342
   14370
   14187
   14224
   14153
   14184
   14084
   14209
   13852
   13671
   13754
   13850
   13610
   13699
   13574
   13515
   13200
   13359
   13497
   13383
   13489
   13378
   13408
   13321
   13235
   13050
   13099
   12900
   12908
   13130
   12934
   12922
   12911
   13323
   12923
   12877
   12582
   12707
   12758
   12677
   12719
   12917
   12649
   12929
   12832
   12845
   12792
   12976
   12872
   12984
   12790
   13060
   12836
   12936
   12932
   12954
   12879
   12978
   13094
   13232
   13761
   13973
   13277
   13069
   13501
   14839
   14027
   13048
   12962
   13022
   13040
   13229
   12873
   13216
   13152
   13277
   13343
   13524
   13710
   13600
   13617
   13975
   13913
   14231
   14679
   14956
   14309
   14288
   15450
   18696
   16312
   15149
   18852
   19521
   15541
   14698
   14469
   14811
   14604
   14893
   14935
   15025
   15209
   15218
   15411
   15600
   15593
   15620
   15596
   15882
   16069
   15919
   16235
   16331
   16411
   16770
   16613
   16956
   16790
   17238
   17187
   17571
   17286
   17459
   17332
   17809
   17949
   17892
   17685
   18069
   18250
   18227
   18632
   18368
   18526
   18665
   18909
   18745
   19021
   19171
   19302
   19412
   19460
   19670
   19575
   19694
   20014
   20110
   20284
   20409
   21943
   24860
   24185
   25496
   36734
   31036
   21473
   20602
   20866
   20536
   20898
   20811
   20853
   20892
   20899
   20892
   21098
   21104
   20901
   21420
   21410
   21138
   21573
   21305
   21689
   21914
   22431
   22539
   22907
   23341
   23937
   24607
   24179
   23470
   23340
   23549
   22845
   22744
   22862
   22936
   22896
   22735
   22862
   22656
   22706
   22814
   22798
   22848
   22619
   22668
   22475
   22723
   22334
   22027
   21954
   21745
   21628
   21981
   21601
   21489
   21137
   21381
   21332
   21013
   21054
   20713
   20844
   20511
   20486
   20841
   20163
   20317
   20312
   20034
   20072
   19901
   19624
   19388
   19584
   19423
   19206
   19375
   19140
   19024
   18888
   18857
   18500
   18469
   18457
   18418
   18142
   18560
   17994
   17895
   18063
   17641
   18000
   18340
   17835
   17832
   17594
   17651
   17889
   18596
   18669
   18068
   17746
   17553
   17213
   17774
   17484
   17069
   17625
   17364
   17287
   17378
   17454
   17470
   17382
   17248
   17642
   18482
   18114
   17770
   17546
   17308
   17172
   17217
   17626
   17156
   17269
   17085
   17349
   17131
   17050
   16780
   16948
   16971
   16786
   17029
   16750
   16553
   16346
   16187
   16116
   16141
   15819
   15800
   15787
   15753
   15360
   15328
   14908
   15049
   15144
   14878
   14882
   14758
   14336
   14545
   14215
   14205
   13994
   13899
   13717
   13769
   13895
   14050
   13399
   13343
   12991
   12912
   12983
   12952
   13113
   13408
   17181
   42386
   90868
   64776
   20467
   12852
   12214
   11821
   11883
   11833
   11416
   11164
   11202
   11081
   11020
   10767
   10603
   10690
   10510
   10341
   10461
   10120
   10375
   10126
   10166
    9962
    9972
    9934
    9632
    9738
    9826
   10103
    9743
    9396
    9475
    9247
    9218
    9225
    9223
    9234
    9096
    9168
    8953
    8872
    9055
    8997
    8869
    8757
    8848
    8712
    8571
    8762
    8760
    8477
    8489
    8649
    8511
    8285
    8373
    8351
    8433
    8288
    8303
    8432
    8273
    8330
    8162
    8126
    8271
    8190
    8252
    8183
    8167
    8226
    8294
    8099
    8118
    8137
    7952
    8068
    8005
    8102
    8139
    7922
    8100
    8178
    7985
    8125
    7943
    8211
    7845
    7922
    8103
    8045
    8226
    8341
   11031
   21841
   28517
   16210
    8800
    8030
    8065
    8054
    7878
    7928
    7840
    7863
    7940
    8074
    8028
    8106
    8172
    8479
    8423
    8867
    9715
   12299
   28065
  121916
  306409
  245926
   61356
   14267
   13033
   13795
   10597
    8246
    7507
    7209
    7158
    7123
    7069
    7019
    6843
    6886
    6634
    6713
    6683
    6641
    8132
    9959
    8786
    6986
    6538
    6468
    6571
    6445
    6519
    6428
    6341
    6365
    6253
    6397
    6205
    6421
    6193
    6136
    6166
    6064
    6160
    6218
    6194
    6083
    6096
    6224
    6022
    6132
    6081
    6023
    5904
    5992
    6046
    6019
    5954
    6148
    5906
    6011
    6043
    5941
    5997
    5952
    6029
    6175
    6378
    6918
    8882
   18750
   66764
  150243
  123170
   35069
    9085
    6738
    6050
    5876
    5774
    5811
    5983
    5863
    5398
    5249
    5185
    5259
    5247
    5136
    5197
    5117
    5154
    5010
    5091
    5131
    5000
    5000
    4999
    4888
    4931
    4898
    4757
    4857
    4736
    4729
    4671
    4628
    4667
    4626
    4844
    5006
    4767
    4533
    4485
    4513
    4527
    4489
    4376
    4400
    4510
    4398
    4481
    4392
    4475
    4488
    4388
    4383
    4453
    4515
    5382
    5664
    5040
    4383
    4276
    4185
    4282
    4309
    4142
    4009
    4129
    4279
    4202
    4106
    4071
    4012
    4185
    4073
    4140
    4040
    4060
    3995
    3992
    4055
    3909
    4067
    3949
    3936
    4110
    4336
    4291
    3868
    3871
    3899
    3910
    3829
    3783
    3719
    3677
    3770
    3600
    3625
    3626
    3641
    3621
    3548
    3527
    3584
    3467
    3415
    3561
    3556
    3425
    3416
    3499
    3424
    3401
    3384
    3405
    3391
    3444
    3337
    3479
    3478
    3403
    3357
    3314
    3315
    3316
    3335
    3317
    3421
    3308
    3337
    3270
    3334
    3369
    3483
    3329
    3194
    3220
    3152
    3366
    3145
    3310
    3212
    3171
    3171
    3180
    3209
    3239
    3231
    3303
    3308
    3163
    3203
    3134
    3185
    3184
    3309
    3436
    4752
    8231
    9738
    6352
    3739
    3233
    3198
    3105
    3151
    3117
    3124
    3163
    3135
    3010
    3083
    3208
    3619
    4781
    5407
    4295
    3305
    3023
    3013
    3066
    3034
    2938
    2933
    3055
    2865
    2815
    2967
    3005
    2936
    2795
    2874
    2842
    3084
    3686
    4808
    4477
    3454
    3410
    3960
    3533
    2902
    2749
    2587
    2674
    2591
    2575
    2553
    2689
    2612
    2563
    2582
    2571
    2576
    2494
    2528
    2494
    2479
    2585
    2499
    2504
    2592
    2493
    2480
    2474
    2484
    2503
    2481
    2521
    2496
    2435
    2437
    2509
    2371
    2454
    2400
    2470
    2431
    2348
    2364
    2371
    2374
    2435
    2387
    2373
    2279
    2246
    2261
    2282
    2294
    2186
    2146
    2192
    2138
    2060
    2048
    2102
    2036
    2106
    2001
    1999
    1956
    1957
    2083
    2139
    2059
    2035
    2052
    1921
    1986
    1857
    2031
    2142
    2145
    1983
    1859
    1859
    1852
    1867
    1893
    1814
    1829
    1825
    1832
    1694
    1731
    1825
    1762
    1786
    1783
    1824
    1947
    2526
    3409
    3415
    2465
    1828
    1742
    1713
    1716
    1613
    1660
    1730
    1676
    1599
    1651
    1641
    1684
    1597
    1647
    1668
    1618
    1633
    1666
    1633
    1591
    1828
    1908
    1906
    1703
    1633
    1555
    1548
    1545
    1569
    1604
    1585
    1555
    1677
    1852
    1801
    1740
    1553
    1501
    1511
    1529
    1518
    1557
    1517
    1586
    1466
    1432
    1576
    1478
    1566
    1453
    1486
    1496
    1429
    1391
    1435
    1507
    1450
    1589
    1768
    1712
    1545
    1665
    2207
    4144
    6512
    5534
    2938
    1911
    2486
    4715
    7590
    6482
    3507
    2290
    2056
    1845
    2340
    3145
    2776
    1853
    1452
    1346
    1344
    1347
    1249
    1237
    1316
    1313
    1279
    1244
    1237
    1300
    1316
    1270
    1277
    1329
    1248
    1292
    1266
    1278
    1223
    1266
    1223
    1243
    1201
    1223
    1223
    1227
    1256
    1211
    1240
    1258
    1248
    1314
    1393
    1427
    1435
    1282
    1343
    1347
    1542
    1692
    2026
    2719
    2950
    3308
    3117
    2700
    2208
    1750
    1485
    1442
    1458
    1506
    1591
    1981
    3166
    8369
   23930
   41443
   35245
   14277
    3627
    1677
    1460
    1355
    1301
    1266
    1216
    1211
    1148
    1244
    1178
    1169
    1105
    1169
    1184
    1182
    1211
    1466
    1470
    1338
    1200
    1186
    1116
    1122
    1128
    1136
    1118
    1188
    1066
    1126
    1105
    1066
    1063
    1129
    1036
    1120
    1071
    1147
    1047
    1083
    1051
    1093
    1073
    1082
    1111
    1065
    1112
    1090
    1121
    1110
    1142
    1477
    2126
    2807
    2534
    1609
    1184
    1118
    1073
    1088
    1084
    1060
    1042
    1060
    1053
    1102
    1054
    1129
    1092
    1017
    1082
    1109
    1113
    1077
    1094
    1126
    1047
    1076
    1073
    1058
    1097
    1160
    1172
    1155
    1154
    1210
    1391
    1598
    1426
    1131
    1187
    1143
    1268
    1631
    2204
    2618
    2079
    1460
    1214
    1199
    1316
    1564
    2061
    4210
   10805
   22756
   27087
   16152
    5278
    2018
    1399
    1471
    1800
    3415
    7808
   13150
   12296
    6142
    2258
    1251
    1173
    1129
    1083
    1063
    1121
    1024
    1148
    1088
    1058
    1131
    1094
    1019
    1035
    1046
    1066
    1110
    1259
    1331
    1201
    1122
    1036
    1035
     992
     979
     930
     938
     944
    1054
     994
     966
     962
     929
     917
     939
     941
     961
     908
     934
     968
     918
     914
     937
     937
     940
    1021
    1026
    1192
    1411
    2343
    4610
    7594
    8077
    8768
   18950
   38209
   44560
   26995
    8739
    2395
    1316
    1182
    1096
    1018
     974
     909
     950
     940
     874
     883
     913
     826
     840
     836
     800
     834
     792
     752
     785
     752
     758
     809
     782
     808
    1110
    1501
    1679
    1437
    1040
     795
     734
     721
     767
     738
     715
     770
     729
     664
     729
     733
     676
     706
     646
     664
     670
     717
     663
     691
     674
     676
     720
     674
     607
     629
     618
     610
     636
     593
     628
     638
     636
     545
     577
     592
     551
     646
     579
     585
     580
     588
     618
     597
     531
     617
     592
     597
     570
     582
     577
     631
     539
     565
     535
     592
     584
     638
     571
     523
     550
     572
     527
     532
     557
     572
     586
     570
     554
     524
     582
     569
     556
     548
     567
     595
     506
     520
     549
     581
     593
     680
     906
    1529
    3162
    5887
    7075
    4742
    1997
     788
     560
     557
     548
     517
     506
     495
     531
     507
     525
     508
     494
     491
     437
     464
     453
     464
     472
     446
     448
     453
     484
     440
     412
     420
     476
     395
     384
     459
     426
     483
     512
     720
    1025
    1129
     929
     609
     401
     404
     399
     426
     398
     415
     409
     382
     382
     378
     411
     398
     375
     408
     407
     394
     421
     426
     423
     409
     420
     442
     429
     403
     378
     363
     378
     380
     366
     377
     371
     364
     370
     314
     351
     351
     363
     351
     342
     345
     341
     367
     374
     318
     327
     342
     324
     367
     356
     360
     325
     349
     387
     394
     335
     352
     340
     288
     296
     335
     311
     340
     351
     406
     612
     925
    1043
     844
     497
     315
     338
     338
     314
     297
     326
     296
     319
     311
     324
     271
     308
     339
     343
     382
     430
     445
     391
     316
     303
     247
     294
     270
     277
     273
     282
     288
     280
     290
     259
     275
     305
     270
     293
     309
     318
     346
     299
     299
     256
     264
     286
     249
     262
     274
     245
     246
     262
     286
     252
     240
     254
     240
     247
     252
     252
     242
     222
     279
     260
     311
     310
     346
     335
     292
     262
     233
     245
     225
     226
     244
     244
     277
     250
     264
     242
     247
     243
     251
     240
     251
     270
     265
     327
     312
     270
     221
     267
     249
     229
     250
     230
     223
     259
     230
     247
     274
     225
     253
     304
     325
     350
     340
     357
     401
     571
     777
     872
     751
     489
     349
     293
     347
     509
     745
     827
     732
     484
     336
     408
     436
     543
     880
    1897
    4759
   10425
   16315
   15665
    8863
    3037
     832
     434
     359
     305
     264
     275
     253
     277
     224
     233
     223
     222
     193
     226
     206
     217
     209
     199
     187
     198
     205
     215
     210
     192
     226
     175
     191
     209
     182
     165
     194
     202
     178
     168
     164
     177
     191
     205
     173
     175
     174
     160
     185
     180
     174
     181
     183
     169
     209
     184
     176
     195
     186
     181
     178
     176
     208
     196
     281
     410
     613
     603
     470
     316
     192
     184
     159
     197
     168
     159
     174
     195
     204
     183
     212
     203
     230
     312
     339
     427
     375
     434
     642
    1362
    3227
    6210
    7951
    6227
    2906
     862
     349
     262
     238
     257
     246
     211
     189
     252
     346
     404
     349
     280
     181
     175
     162
     160
     152
     166
     164
     148
     133
     143
     151
     143
     155
     162
     168
     195
     263
     322
     307
     261
     169
     162
     146
     154
     150
     159
     138
     120
     117
     160
     148
     146
     137
     150
     126
     157
     153
     164
     167
     157
     155
     145
     128
     127
     141
     131
     154
     129
     125
     133
     125
     143
     131
     131
     142
     156
     127
     134
     150
     174
     179
     197
     220
     268
     307
     290
     467
     957
    2089
    3662
    4530
    3561
    1828
     713
     378
     375
     462
     455
     297
     199
     148
     164
     147
     129
     133
     130
     130
     131
     144
     133
     112
     114
     126
     118
     142
     119
     125
     129
     112
     123
     115
     121
     116
     111
     132
     137
     129
     134
     121
     107
     109
     137
      97
     131
     138
     156
     175
     162
     160
     132
     120
     128
     116
     118
     126
     131
     126
     146
      98
     135
     128
     131
     131
     149
     172
     293
     489
    1099
    1797
    2220
    1712
     884
     366
     160
     122
     122
     121
     118
     107
     105
     104
     116
     114
     106
     117
     107
     111
     121
     119
     141
     119
     115
     119
     114
     137
     137
     151
     146
     139
     127
      94
     122
     113
      89
     111
     121
     178
     221
     231
     185
     150
     117
     114
     121
      98
     101
     128
     112
     110
     103
      97
      95
     109
     133
     140
     145
     128
     110
     117
     101
     103
      98
     115
     112
     110
      91
     111
     110
      94
      87
      83
     107
      97
     105
      87
     100
     106
     104
     105
     101
      85
     100
      97
     106
      84
     107
     110
      93
      91
      97
     119
     100
     121
      93
     110
      77
     103
      95
      97
     100
      99
      98
     108
      95
      84
     108
     116
      88
      97
      92
      99
      96
      98
     133
     179
     257
     418
     454
     405
     258
     152
      78
      97
      68
      91
      84
      86
      93
      85
      89
      85
      71
     102
      95
      83
      94
      82
      70
      64
      65
      76
      92
      78
      58
      89
      74
      58
      76
      95
      80
      80
      88
      82
     102
     111
     139
     141
     144
     112
      93
      70
      60
      78
      82
      61
      57
      80
      88
      77
      82
      63
      51
      79
     104
      83
      99
      70
      86
      78
      60
      88
      63
      64
      71
      72
      60
      72
      67
      49
      69
      68
      73
      47
      66
      68
      65
      72
      64
      67
      63
      85
      69
      64
      53
      54
      72
      63
      59
      72
      62
      63
      72
      55
      63
      62
      58
      62
      52
      46
      55
      63
      47
      74
      65
      61
      64
      67
      64
      65
      61
      64
      58
      54
      70
      50
      54
      59
      45
      60
      59
      58
      61
      74
      54
      50
      55
      55
      51
      53
      51
      55
      62
      61
      41
      53
      59
      65
      49
      61
      53
      67
      62
      67
      79
     105
      96
      75
      64
      45
      52
      49
      56
      44
      45
      50
      61
      48
      48
      56
      43
      58
      43
      47
      50
      53
      61
      52
      60
      52
      71
     102
     100
     101
      61
      56
      57
      46
      43
      44
      48
      43
      46
      47
      34
      37
      36
      44
      42
      45
      63
      44
      40
      43
      62
      51
      53
      44
      38
      52
      50
      61
      62
      48
      52
      43
      41
      38
      37
      53
      42
      41
      40
      43
      36
      29
      38
      44
      44
      47
      31
      39
      30
      41
      32
      48
      35
      43
      49
      35
      42
      52
      35
      56
      39
      41
      56
      43
      41
      43
      43
      51
      40
      34
      47
      46
      38
      35
      47
      50
      48
      39
      35
      29
      40
      35
      46
      48
      38
      47
      39
      41
      35
      41
      38
      49
      30
      31
      38
      46
      54
      66
      55
      55
      34
      38
      42
      34
      43
      36
      34
      47
      47
      39
      31
      32
      28
      25
      45
      36
      34
      41
      30
      31
      33
      39
      38
      35
      40
      39
      41
      35
      37
      35
      43
      37
      29
      35
      45
      33
      35
      37
      38
      42
      44
      34
      33
      39
      43
      27
      32
      34
      40
      33
      32
      40
      44
      45
      40
      40
      35
      42
      45
      43
      42
      34
      35
      38
      31
      33
      42
      42
      31
      55
      72
      62
      84
     115
      97
      82
      45
      49
      29
      32
      39
      45
      36
      44
      35
      42
      51
      45
      65
      87
     124
     282
     437
     611
     553
     394
     212
     102
      54
      49
      34
      31
      38
      28
      42
      33
      34
      42
      37
      34
      28
      30
      34
      35
      35
      30
      27
      49
      38
      45
      28
      30
      26
      30
      35
      33
      41
      41
      37
      27
      35
      38
      40
      57
      90
     119
     195
     265
     210
     178
     158
     172
     188
     210
      98
      84
      45
      49
      44
      44
      36
      47
      64
      78
      40
      72
      62
      82
     117
     223
     433
     667
     925
     883
     635
     330
     124
      79
      47
      45
      36
      40
      38
      31
      35
      28
      34
      30
      34
      32
      27
      23
      31
      29
      34
      27
      35
      32
      33
      30
      28
      31
      41
      26
      35
      28
      29
      24
      31
      31
      30
      29
      25
      37
      18
      40
      27
      32
      26
      33
      30
      30
      31
      24
      28
      41
      37
      35
      34
      48
      63
      93
      91
     135
      89
      66
      46
      42
      36
      20
      31
      35
      30
      40
      27
      34
      27
      28
      29
      25
      39
      29
      36
      25
      28
      26
      26
      20
      16
      28
      33
      31
      27
      35
      30
      30
      36
      50
      72
      98
      98
     112
      82
      51
      41
      32
      24
      32
      29
      37
      33
      29
      26
      26
      30
      30
      28
      33
      39
      38
      26
      27
      35
      35
      25
      37
      31
      36
      35
      25
      20
      31
      30
      31
      20
      23
      30
      25
      28
      30
      22
      32
      36
      25
      27
      40
      40
      35
      32
      30
      25
      26
      27
      31
      15
      34
      44
      17
      22
      26
      30
      25
      31
      18
      31
      32
      34
      22
      34
      33
      21
      29
      23
      23
      39
      34
      28
      17
      23
      33
      31
      35
      30
      27
      29
      32
      28
      33
      24
      31
      25
      31
      38
      27
      25
      27
      31
      25
      32
      29
      33
      17
      28
      29
      22
      27
      19
      33
      25
      29
      29
      22
      27
      20
      30
      32
      31
      29
      30
      29
      35
      20
      35
      21
      36
      23
      24
      38
      38
      47
      43
      79
      83
      79
      60
      51
      36
      32
      37
      31
      29
      39
      30
      38
      35
      23
      34
      27
      26
      25
      25
      36
      35
      33
      32
      25
      18
      21
      26
      26
      24
      27
      27
      32
      29
      29
      37
      35
      28
      23
      19
      25
      30
      24
      33
      28
      19
      31
      34
      26
      21
      26
      31
      34
      26
      24
      30
      26
      32
      30
      34
      26
      35
      26
      40
      25
      34
      29
      27
      18
      35
      34
      26
      26
      28
      23
      23
      24
      25
      33
      24
      30
      24
      29
      34
      20
      21
      29
      32
      24
      25
      28
      19
      29
      20
      26
      34
      29
      30
      34
      28
      33
      34
      29
      34
      29
      20
      27
      32
      32
      20
      29
      29
      34
      49
      21
      19
      19
      15
      22
      26
      28
      21
      28
      33
      32
      30
      31
      30
      30
      30
      29
      34
      38
      30
      30
      25
      24
      27
      30
      25
      16
      23
      23
      30
      31
      33
      25
      25
      21
      19
      23
      30
      31
      28
      21
      25
      23
      24
      18
      23
      24
      18
      35
      23
      24
      17
      18
      24
      22
      23
      22
      22
      17
      30
      23
      24
      17
      21
      19
      18
      18
      16
      17
      18
      14
      22
      13
      19
      22
      23
      26
      17
      19
      25
      15
      13
      14
      15
      13
      19
      15
      15
      23
      23
      17
      20
      14
       7
      13
      19
       9
      18
      18
      21
      23
      19
      15
      21
      25
      12
      20
      19
      24
      21
      16
      16
      17
      17
      17
      12
      22
      12
      11
      17
      17
      12
      12
      16
      15
      16
       6
      13
      20
      11
      12
      15
      21
      15
      11
      16
      16
      15
      23
      21
      18
      19
      16
      12
      10
       9
      19
      14
      16
      17
      11
       9
      15
      16
      11
      13
      16
      21
      14
      12
      22
      24
      22
      18
      24
      28
      27
      34
      53
      44
      46
      25
      16
      15
      12
      16
       7
       9
      11
      13
      12
      14
      12
      16
       9
       9
      14
      17
      21
      15
      17
      24
      19
      13
      11
       8
       6
      15
      16
       7
      10
      18
       6
      14
      10
      10
      16
       9
      11
      13
       9
      10
      11
      17
      11
       9
      13
      16
      26
      38
      56
      98
     143
     154
     134
      89
      50
      29
      13
       6
      13
      11
      13
      12
       8
      11
      11
      14
      11
      14
      11
       9
       8
      10
       6
      14
      16
      13
       4
       9
      12
       8
      10
       7
      10
      12
      10
       9
      14
      11
      10
       6
       6
      11
      12
       9
      11
      13
      12
       8
      11
      10
       3
       5
       4
      14
      11
       8
      11
       6
       4
      11
      11
       5
      11
       8
      13
      16
      18
      27
      34
      31
      44
      30
      13
      20
      12
       9
       9
      11
       5
       8
       8
      11
       8
       5
       6
       9
       6
      12
      13
      13
       8
       4
       3
       7
       8
       8
      10
      14
       8
       4
       9
      11
       6
       7
      13
       5
       6
       3
      12
       4
       8
      11
       7
       5
       8
       6
       8
       7
       9
       5
       7
       5
       7
       6
       9
      16
       9
      12
      13
      14
      23
      18
      13
       7
       9
       6
       5
       3
       7
      10
       4
       5
       8
       4
       7
      13
       1
       8
       3
      11
      15
      11
      10
       8
       8
      10
       5
       8
       7
       8
       8
       9
       4
      11
       9
      13
      13
      14
      12
       9
       8
       9
       8
      12
       8
       5
       7
       6
       3
       6
       6
      10
       8
      14
      18
      18
      32
      39
      51
      34
      34
      31
      10
       5
       6
       6
       7
       9
       6
       6
       5
       2
       7
       9
       3
       5
       6
       3
       7
       8
       8
       3
       8
       2
       8
       7
       8
       8
       2
       3
       5
       8
       8
      11
       8
       8
      13
       4
      10
       6
       4
       3
      10
      10
      12
      17
      15
      22
      19
      13
      17
      19
      14
       8
       5
      12
       7
       7
      15
      10
      13
      29
      21
      37
      80
     109
     156
     295
     458
     604
     610
     531
     371
     183
      84
      36
      19
      17
       8
       9
       6
      10
      12
       9
       5
       5
       3
       6
       6
       8
       8
       8
       4
       5
       4
       9
       7
       2
       4
       5
       2
       5
       4
       5
       4
       8
       2
       5
       6
       2
       5
       2
       4
       3
       1
       1
       2
       1
       3
       5
       3
       1
       3
       5
       2
       3
       1
       2
       3
       5
       6
       4
       1
       6
       7
       3
       1
       2
       3
       0
       4
       8
       1
       5
       5
       4
       8
       8
       4
       2
       2
       0
       2
       0
       2
       0
       2
       2
       2
       3
       3
       5
       4
       5
       2
       1
       3
       1
       4
       2
       4
       1
       1
       5
       3
       4
       5
       1
       3
       4
       2
       2
       4
       3
       2
       4
       3
       1
       3
       1
       1
       4
       4
       5
       2
       2
       0
       3
       3
       2
       2
       4
       1
       2
       2
       2
       1
       1
       0
       3
       4
       0
       2
       2
       1
       2
       0
       1
       2
       3
       1
       0
       1
       5
       2
       2
       0
       2
       5
       3
       2
       3
       0
       3
       2
       2
       4
       0
       3
       3
       4
       3
       5
       1
       4
       3
       2
       4
       2
       0
       5
       0
       0
       3
       4
       3
       2
       2
       2
       1
       1
       2
       2
       2
       5
       6
       2
       2
       1
       2
       4
       1
       6
       1
       1
       1
       2
       0
       3
       1
       1
       2
       0
       0
       1
       1
       2
       3
       1
       2
       3
       0
       2
       1
       1
       2
       3
       1
       1
       3
       0
       3
       3
       2
       1
       1
       0
       4
       5
       3
       0
       2
       4
       2
       3
       1
       2
       1
       0
       2
       2
       1
       2
       2
       3
       0
       3
       3
       0
       3
       2
       3
       0
       1
       2
       2
       0
       3
       3
       1
       4
       1
       3
       3
       3
       1
       1
       1
       1
       0
       2
       2
       2
       2
       1
       2
       2
       2
       2
       0
       2
       0
       1
       2
       1
       2
       2
       4
       0
       2
       3
       2
       1
       0
       3
       0
       1
       3
       2
       1
       0
       0
       0
       2
       2
       1
       0
       2
       3
       0
       0
       3
       2
       1
       0
       1
       1
       5
       1
       0
       2
       4
       2
       3
       4
       5
      11
       6
      24
      28
      49
      52
      58
      54
      26
      19
      10
       4
       3
       2
       0
       1
       2
       0
       1
       2
       1
       2
       2
       2
       4
       1
       1
       3
       0
       1
       0
       0
       1
       2
       0
       2
       3
       3
       2
       0
       1
       4
       0
       2
       0
       1
       0
       1
       2
       0
       0
       2
       0
       1
       2
       0
       1
       0
       0
       2
       2
       0
       2
       5
       1
      11
       6
       6
      10
       4
       4
       3
       2
       0
       2
       2
       0
       2
       3
       1
       1
       2
       2
       0
       2
       0
       2
       3
       1
       2
       1
       0
       0
       3
       1
       1
       0
       0
       3
       2
       1
       1
       3
       1
       1
       1
       1
       2
       2
       2
       3
       1
       2
       0
       1
       0
       1
       0
       2
       0
       1
       0
       1
       0
       1
       0
       1
       0
       1
       1
       1
       2
       3
       1
       0
       1
       0
       1
       4
       1
       1
       1
       1
       2
       1
       1
       2
       1
       1
       0
       1
       0
       0
       3
       3
       2
       0
       2
       0
       4
       0
       1
       0
       1
       1
       0
       0
       1
       1
       1
       1
       0
       0
       0
       0
       0
       1
       1
       0
       0
       1
       2
       2
       2
       0
       1
       1
       0
       2
       2
       0
       3
       3
       1
       0
       3
       1
       0
       2
       1
       1
       4
       2
       1
       0
       1
       0
       1
       0
       0
       1
       1
       0
       2
       0
       1
       2
       3
       0
       0
       2
       2
       2
       2
       1
       0
       0
       0
       1
       1
       0
       1
       0
       1
       1
       0
       2
       1
       2
       1
       0
       2
       1
       1
       0
       1
       1
       1
       3
       1
       2
       0
       3
       0
       2
       0
       0
       1
       0
       0
       1
       4
       2
       1
       2
       0
       2
       0
       1
       2
       1
       0
       1
       1
       0
       0
       2
       2
       1
       1
       1
       0
       0
       0
       1
       2
       1
       0
       0
       1
       0
       0
       0
       1
       1
       0
       0
       2
       0
       1
       1
       2
       1
       2
       0
       0
       0
       1
       1
       2
       1
       1
       0
       0
       0
       1
       1
       1
       1
       1
       1
       1
       0
       0
       0
       0
       1
       0
       0
       0
       1
       2
       0
       0
       0
       1
       1
       1
       0
       1
       2
       1
       1
       1
       1
       0
       0
       0
       3
       0
       0
       0
       1
       1
       1
       1
       1
       0
       1
       1
       0
       0
       0
       0
       0
       1
       1
       2
       0
       3
       0
       1
       0
       1
       1
       2
       3
       0
       0
       0
       0
       0
       2
       1
       1
       1
       0
       1
       0
       0
       0
       0
       0
       1
       3
       1
       3
       1
       1
       0
       1
       2
       1
       2
       0
       0
       1
       0
       1
       1
       1
       3
       0
       0
       0
       0
       2
       0
       1
       0
       0
       1
       1
       1
       0
       2
       0
       2
       0
       1
       0
       0
       1
       0
       2
       1
       0
       1
       0
       0
       3
       0
       3
       0
       0
       0
       0
       0
       0
       0
       0
       1
       0
       1
       1
       4
       1
       1
       0
       0
       0
       1
       0
       0
       0
       1
       1
       0
       1
       1
       1
       0
       1
       1
       0
       2
       1
       2
       1
       0
       2
       0
       2
       0
       2
       2
       1
       2
       3
       6
       1
       3
       5
       2
       2
       4
       1
       0
       2
       0
       0
       0
       0
       0
       2
       0
       0
       1
       1
       1
       0
       0
       0
       0
       0
       2
       0
       0
       0
       1
       0
       1
       0
       0
       1
       0
       0
       0
       0
       2
       1
       0
       3
       3
       3
       1
       1
       1
       1
       0
       1
       2
       0
       1
       0
       0
       1
       1
       1
       0
       3
       1
       1
       0
       0
       1
       0
       0
       2
       1
       0
       0
       3
       2
       0
       1
       1
$ROI:
0
$PRESETS:
None
0
0
$ENER_FIT:
-0.17 0.50021
$MCA_CAL:
3
-0.17000 0.50021 0.00 keV
$SHAPE_CAL:
3
-0.765948053477 7.83958431117 -26.4079756712
$META:
{'istp': ['133CEm', '133CEg', '133LA', '132CE', '132LA', '139CE', '137CEg', '137CEm', '137LA', '135CE', '135LA', '134LA', '132CS', '7BE', '133BAm', '133BAg'], 'res': 0.05, 'R': 0.2, 'unc_eff': [[0.024053508436386758, -0.2517435071854035, 0.6502498581753428], [-0.25174350718540356, 2.65027007823169, -6.882714286693032], [0.6502498581753429, -6.882714286693032, 17.966849727438788]], 'alpha': 0.9}
