$SPEC_ID:
No sample description was entered.
$SPEC_REM:
DET# 9480
DETDESC# HPGE
AP# Maestro Version 7.01
$DATE_MEA:
10/17/2018 00:22:10
$MEAS_TIM:
900 1062
$DATA:
0 4095
     150
     177
       0
       0
       0
       0
       0
       0
       0
       0
       0
       0
       0
       0
       0
       0
       0
       0
       0
       0
       0
       0
       0
       0
       0
       0
       0
       0
       0
       0
       0
       0
       0
       0
       0
       0
       0
       0
       0
       0
       0
       0
       0
       0
       0
       0
       0
       0
       0
       0
       0
       0
       0
       0
       0
       0
       0
       0
       0
       0
       0
       0
       0
       0
       0
       0
       0
       0
       0
       0
       0
       0
       0
       0
       0
       0
       0
       0
       0
       3
      25
     192
     713
    2084
    8964
   13115
   13140
   13255
   13330
   13385
   13202
   12996
   13231
   13038
   12979
   13060
   12771
   12694
   12844
   12486
   12703
   12664
   12666
   12506
   12576
   12394
   12452
   12454
   12391
   12310
   12223
   12321
   12249
   12359
   12430
   12907
   16576
   19997
   14931
   12410
   12020
   12023
   11699
   12002
   12232
   12011
   12270
   11984
   12044
   12143
   11983
   11904
   12167
   12107
   11906
   11921
   12066
   12045
   11950
   12330
   12223
   12115
   11985
   12310
   12213
   12831
   12959
   12470
   12401
   12721
   13883
   12907
   11949
   12222
   12432
   12213
   12154
   12162
   11961
   12094
   12313
   12257
   12423
   12385
   12291
   12593
   12633
   12745
   12984
   13289
   13472
   13298
   13249
   13260
   14433
   17128
   21105
   16794
   14034
   13426
   13410
   13450
   13430
   13560
   13579
   13500
   13544
   13912
   13853
   13817
   13933
   14197
   14412
   14856
   17516
   17933
   15329
   14617
   14547
   14919
   14950
   14909
   14919
   14960
   15101
   14869
   15351
   15389
   15452
   15597
   15922
   15694
   16101
   16024
   16165
   16325
   16129
   16810
   16598
   16764
   16991
   16729
   17043
   17079
   17134
   17216
   17209
   17378
   17526
   17700
   17416
   17579
   17342
   17390
   17742
   18020
   18285
   18122
   18238
   19286
   18613
   17714
   17732
   17579
   17878
   17759
   17930
   18463
   18537
   18167
   17955
   17844
   18056
   17914
   17812
   18170
   18336
   18312
   18449
   18646
   23150
   41396
   48760
   27792
   19282
   18580
   18611
   18336
   18282
   18371
   18267
   18315
   18499
   18340
   18183
   18187
   18475
   18305
   18075
   18233
   18303
   18235
   18213
   18274
   18537
   18937
   18327
   18025
   18113
   17981
   18126
   18073
   18093
   18175
   17740
   17921
   18161
   17975
   17970
   17942
   17783
   17828
   17671
   17615
   17711
   17307
   17600
   17574
   17325
   17991
   21417
   26896
   23135
   18301
   17487
   17052
   17300
   17104
   16706
   16893
   16910
   16409
   16652
   16667
   16448
   16584
   16410
   16624
   16569
   16282
   16266
   16426
   16488
   16399
   16458
   16481
   16430
   16574
   16588
   16909
   16578
   16629
   16890
   16739
   16942
   16788
   16925
   16752
   17094
   16904
   16742
   16759
   16821
   16857
   17142
   17125
   17199
   18457
   18037
   17023
   16612
   16743
   18542
   32762
   71855
   72741
   31782
   18234
   16700
   16098
   16003
   15796
   15636
   15529
   15479
   15256
   15499
   15257
   15272
   15784
   17004
   16844
   15159
   15065
   14907
   15760
   16873
   15837
   14695
   14636
   14221
   14456
   13975
   14313
   14294
   14012
   13821
   13915
   14085
   13933
   14032
   13759
   13869
   13704
   13902
   13990
   13744
   13691
   13560
   13573
   13473
   13994
   16810
   20783
   18015
   14028
   13328
   13053
   12930
   12983
   12883
   12769
   12964
   13009
   12730
   12822
   12595
   12668
   12607
   12815
   12501
   12712
   13030
   14299
   16103
   14114
   12501
   12083
   12207
   12286
   11909
   12155
   12129
   11945
   11829
   11772
   11667
   11962
   12056
   11713
   11575
   11563
   11376
   11155
   11374
   11379
   11476
   11809
   11866
   11342
   11160
   11191
   11267
   11010
   10943
   11019
   10927
   10847
   10723
   10799
   10941
   10875
   10980
   10865
   10795
   10828
   10705
   10594
   10642
   10597
   10534
   10545
   10377
   10404
   10656
   10527
   10479
   10353
   10476
   10489
   10245
   10429
   10099
   10301
   10107
   10150
   10135
   10924
   11835
   10920
   10392
   10151
   10449
   11273
   10919
   10288
    9883
   10213
   11700
   12226
   10865
   10028
    9790
    9681
    9707
    9700
   10001
    9597
    9683
    9709
    9499
   10186
   11085
   11626
   10693
    9795
    9823
    9770
   10323
   12386
   23008
   39028
   31734
   15307
   10544
   10582
   11228
   10928
   10071
    9551
    9497
    9462
    9546
    9357
    9349
    9575
    9251
    9229
    9386
    9550
    9521
    9763
   10178
    9594
    9397
    9563
   11196
   15156
   17299
   12898
    9735
    9299
    9356
    9118
    9218
    9440
    9283
    9240
    9052
    9033
    9042
    9114
    9166
    9159
    9273
    9206
    9286
    9197
    9444
   11122
   13491
   12479
   10865
   10187
    9276
    9051
    8997
    9247
    9359
    9523
    8989
    9217
    8956
    8894
    8978
    9272
    9272
    9215
   10565
   15768
   23443
   19977
   11955
   10018
   12170
   14082
   11933
    9878
    8698
    8793
    8607
    9165
    9149
    8955
    9234
    9330
    8736
    8456
    8162
    8390
    8384
    8334
    8209
    8169
    8365
    8191
    8219
    8122
    8131
    7964
    8028
    8147
    8247
    8071
    7994
    7949
    8072
    8254
    8173
    8167
    8152
    7919
    8035
    7756
    8011
    7901
    7847
    7753
    7903
    7971
    7909
    7877
    7817
    7880
    7690
    7663
    7887
    8009
    8246
    8649
    8472
    7697
    7652
    7634
    7641
    7601
    7541
    7475
    7434
    7475
    7431
    7285
    7247
    7133
    7148
    7108
    7249
    7473
    8020
    7493
    6925
    6749
    6670
    6728
    6672
    6516
    6484
    6211
    6246
    6030
    6257
    6707
    8298
    9290
    8051
    6436
    5919
    5693
    5781
    5845
    5723
    5703
    5715
    5536
    5561
    5513
    5536
    5425
    5240
    5420
    5361
    5248
    5212
    5287
    5117
    5219
    5091
    5161
    5156
    5133
    5184
    5236
    5232
    5143
    4933
    4850
    4968
    5166
    5713
    5845
    5128
    4910
    4906
    4804
    4913
    5046
    5095
    4995
    4790
    4812
    4662
    4796
    4835
    5172
    5542
    5226
    4710
    4534
    4761
    4494
    4433
    4425
    4527
    4497
    4481
    4337
    4238
    4208
    4402
    4796
    4764
    4443
    4217
    4163
    4072
    4144
    4240
    4277
    4223
    4167
    4153
    4187
    4134
    4154
    3995
    4011
    4081
    4013
    3944
    4010
    3939
    4029
    3923
    3823
    4098
    4005
    3776
    3646
    3712
    3689
    3670
    3546
    3774
    3706
    3571
    4016
    4170
    3829
    3604
    3603
    3520
    3458
    3456
    3484
    3443
    3364
    3492
    3419
    3776
    4076
    4281
    3833
    3447
    3333
    3362
    3359
    3350
    3301
    3313
    3360
    3579
    3586
    3813
    3882
    3714
    3253
    3160
    3122
    3058
    3190
    3206
    3068
    3126
    3121
    3103
    3012
    3122
    3163
    3386
    3418
    3204
    3103
    2932
    2989
    3135
    3207
    3358
    3314
    3229
    3273
    3238
    2888
    2973
    2910
    2867
    2851
    2885
    2922
    2852
    2806
    2990
    3126
    3011
    3273
    4079
    4975
    4494
    3434
    2934
    2825
    2825
    2850
    2757
    2809
    2797
    2855
    2785
    2782
    2685
    2711
    2688
    2707
    2631
    2774
    2702
    2645
    2765
    3330
    3700
    3671
    3245
    2881
    2743
    2816
    2798
    2838
    2748
    2661
    2558
    2634
    2578
    2735
    2895
    2951
    2852
    2844
    3144
    3041
    2849
    2672
    2610
    2651
    2502
    2553
    2562
    2485
    2546
    2568
    2658
    2753
    2648
    2730
    2778
    2752
    2877
    3159
    4334
   10093
   28350
   48310
   40429
   16872
    5599
    3407
    3118
    2778
    2803
    2617
    2714
    2622
    2508
    2541
    2499
    2657
    2671
    2644
    2521
    2525
    2618
    3024
    3780
    4645
    5932
   11370
   21150
   21961
   12069
    5157
    3927
    4025
    3785
    3713
    3268
    2696
    2609
    2503
    2697
    3007
    2846
    2647
    2403
    2373
    2441
    2450
    2583
    2577
    2267
    2267
    2219
    2185
    2175
    2204
    2233
    2175
    2182
    2181
    2194
    2181
    2258
    2363
    2502
    2619
    2665
    2608
    2578
    2312
    2385
    2457
    2458
    2388
    2249
    2182
    2254
    2339
    2366
    2448
    2362
    2345
    2369
    2609
    2770
    2782
    2842
    3335
    3987
    5250
    7944
   12860
   22643
   39171
   61361
   78253
   81884
   72468
   56133
   36664
   22326
   13062
    8138
    5686
    4758
    5152
    5578
    4507
    4054
    5051
    6438
    5585
    3581
    2503
    2182
    2191
    2181
    2004
    2094
    2111
    2550
    3217
    3387
    2696
    2131
    1794
    1801
    1890
    1852
    1861
    1814
    1882
    1706
    1702
    1661
    1742
    1703
    1673
    1714
    1622
    1681
    1663
    1682
    1775
    1820
    1741
    1678
    1589
    1641
    1589
    1600
    1665
    1900
    2745
    4607
    5956
    5200
    3657
    2345
    1712
    1608
    1641
    1538
    1538
    1560
    1585
    1766
    1750
    1644
    1565
    1548
    1545
    1510
    1532
    1470
    1433
    1503
    1446
    1394
    1504
    1533
    1487
    1508
    1473
    1452
    1473
    1495
    1535
    1661
    1522
    1518
    1417
    1413
    1520
    1586
    1573
    1482
    1353
    1310
    1405
    1402
    1459
    1462
    1682
    2104
    2476
    3052
    5319
    8360
    8093
    4527
    2445
    1907
    1760
    1588
    1583
    1772
    2631
    3667
    3814
    2757
    1798
    1489
    1366
    1380
    1408
    1679
    2186
    2649
    2423
    1750
    1378
    1337
    1322
    1311
    1417
    1477
    1397
    1344
    1299
    1290
    1276
    1324
    1458
    1510
    1337
    1266
    1235
    1237
    1198
    1215
    1182
    1158
    1210
    1181
    1155
    1244
    1270
    1204
    1176
    1186
    1233
    1197
    1204
    1266
    1594
    1716
    1637
    1389
    1289
    1264
    1207
    1097
    1097
    1114
    1202
    1211
    1228
    1296
    1249
    1235
    1411
    1735
    2186
    2278
    2269
    3151
    4983
    5479
    3841
    1989
    1350
    1188
    1200
    1087
    1203
    1424
    1881
    2038
    1667
    1231
    1094
    1115
    1153
    1164
    1144
    1195
    1323
    1628
    2394
    2814
    2528
    1766
    1233
    1150
    1253
    1538
    1776
    1791
    1444
    1193
    1027
    1038
    1077
    1054
    1006
    1001
    1071
    1018
    1008
     998
    1049
     997
    1033
    1110
    1115
    1157
    1204
    1568
    2045
    2134
    1619
    1212
    1042
    1019
     993
     925
     931
     955
     988
     977
     971
    1031
    1005
     978
     943
     920
     910
     954
     933
     944
    1037
    1314
    1612
    1664
    1308
    1034
     919
     950
     922
     956
     865
     868
     875
     924
     838
     869
     870
     926
     963
     1000
    1141
    1107
    1052
     944
     842
     920
     958
     881
     902
     852
     806
     903
     883
     875
     872
     935
    1166
    1712
    2829
    4070
    3732
    2447
    1430
    1252
    1458
    1566
    1270
    1068
    1026
     1000
     943
     941
     848
     874
     903
     900
     856
     843
     799
     809
     840
     796
     822
     784
     782
     840
     905
     948
    1012
    1046
    1031
    1022
     941
     833
     872
     858
     789
     785
     759
     853
     875
     957
     980
     912
     824
     788
     832
     749
     853
     955
    1319
    1942
    2155
    1809
    1227
     828
     756
     769
     819
     778
     744
     771
     731
     735
     801
     755
     809
     928
    1080
    1044
     867
     788
     783
     773
     810
     678
     734
     708
     739
     739
     712
     682
     733
     721
     666
     707
     754
     764
     815
     787
     711
     731
     711
     731
     734
     751
     871
     801
     723
     683
     689
     669
     699
     714
     679
     670
     695
     736
     747
     736
     708
     756
     734
     678
     682
     640
     635
     618
     596
     644
     589
     648
     653
     596
     604
     651
     640
     601
     648
     585
     629
     638
     615
     659
     619
     641
     617
     652
     637
     590
     603
     652
     597
     607
     617
     616
     646
     638
     605
     626
     646
     617
     616
     614
     704
     667
     640
     610
     656
     611
     578
     608
     573
     560
     585
     587
     607
     602
     632
     608
     610
     603
     619
     652
     620
     655
     675
     653
     608
     633
     652
     655
     642
     659
     616
     597
     579
     592
     591
     592
     593
     640
     588
     536
     601
     526
     563
     603
     587
     574
     505
     547
     609
     613
     624
     613
     552
     601
     538
     551
     582
     552
     604
     612
     605
     580
     582
     539
     577
     604
     603
     613
     609
     557
     560
     531
     546
     594
     578
     612
     631
     624
     604
     582
     580
     649
     601
     834
    1112
    1972
    2891
    3875
    3927
    2963
    1741
     863
     697
     577
     595
     542
     558
     530
     579
     519
     535
     507
     538
     581
     528
     526
     582
     481
     485
     521
     571
     522
     494
     492
     531
     497
     517
     514
     574
     527
     525
     513
     510
     565
     572
     548
     563
     526
     487
     509
     533
     514
     536
     492
     520
     505
     594
     545
     532
     549
     569
     567
     559
     591
     462
     516
     483
     494
     527
     567
     649
     673
     674
     642
     558
     555
     562
     643
     721
     672
     574
     511
     514
     492
     480
     511
     523
     487
     441
     499
     491
     515
     533
     627
     824
    1131
    1326
    1275
     928
     697
     559
     508
     490
     477
     460
     461
     511
     521
     540
     532
     523
     462
     448
     412
     476
     517
     451
     477
     452
     486
     485
     545
     611
     516
     494
     477
     484
     521
     581
     599
     667
     840
     781
     639
     509
     460
     424
     426
     420
     450
     471
     447
     401
     436
     425
     446
     434
     409
     433
     420
     450
     449
     430
     472
     524
     652
     740
     715
     626
     524
     486
     523
     506
     567
     571
     535
     449
     442
     397
     383
     447
     428
     457
     515
     493
     481
     438
     428
     412
     487
     641
     786
     840
     730
     560
     489
     406
     436
     478
     462
     435
     426
     445
     435
     448
     419
     419
     423
     416
     472
     518
     557
     665
     595
     491
     422
     408
     379
     357
     376
     386
     385
     421
     433
     472
     472
     409
     401
     388
     413
     385
     352
     368
     456
     389
     416
     378
     376
     358
     433
     373
     391
     393
     367
     450
     605
     926
    1329
    1527
    1249
     735
     524
     453
     456
     380
     357
     357
     412
     409
     502
     562
     675
     670
     490
     415
     314
     361
     357
     339
     355
     376
     373
     395
     414
     398
     388
     396
     409
     343
     371
     342
     356
     358
     370
     391
     363
     397
     371
     376
     386
     376
     379
     386
     374
     373
     347
     358
     395
     379
     342
     377
     319
     335
     327
     347
     326
     354
     362
     347
     419
     389
     380
     411
     334
     339
     356
     358
     354
     360
     331
     342
     309
     312
     326
     343
     363
     345
     358
     336
     380
     372
     407
     359
     388
     381
     440
     506
     460
     378
     327
     346
     320
     294
     327
     325
     318
     345
     336
     329
     465
     551
     593
     484
     459
     385
     329
     296
     324
     325
     318
     321
     332
     342
     334
     272
     311
     294
     341
     325
     314
     302
     373
     371
     343
     374
     357
     371
     417
     369
     379
     397
     418
     411
     392
     427
     350
     324
     319
     340
     372
     361
     373
     429
     504
     552
     460
     425
     360
     343
     355
     330
     357
     343
     309
     348
     322
     330
     305
     310
     293
     324
     328
     333
     338
     347
     403
     455
     492
     417
     390
     358
     342
     315
     335
     359
     360
     424
     565
     676
     775
     769
     612
     444
     381
     360
     341
     337
     360
     339
     347
     310
     314
     316
     335
     287
     330
     340
     307
     322
     309
     352
     307
     286
     306
     278
     321
     307
     307
     345
     353
     325
     303
     314
     271
     288
     325
     335
     366
     347
     336
     333
     305
     294
     299
     307
     321
     319
     291
     318
     329
     382
     415
     397
     367
     322
     316
     332
     332
     319
     284
     315
     341
     331
     367
     390
     357
     313
     289
     303
     309
     270
     265
     256
     304
     309
     279
     298
     319
     360
     487
     815
    1236
    1750
    1747
    1390
     833
     424
     324
     278
     295
     334
     300
     328
     350
     366
     333
     273
     312
     299
     284
     283
     274
     286
     270
     296
     295
     379
     351
     416
     473
     584
     798
     982
     808
     631
     405
     316
     313
     269
     273
     270
     260
     274
     282
     230
     267
     229
     283
     280
     255
     294
     233
     281
     276
     254
     270
     238
     273
     266
     272
     291
     300
     325
     321
     304
     248
     289
     251
     286
     258
     272
     251
     270
     266
     249
     271
     235
     243
     260
     246
     251
     274
     247
     269
     286
     290
     287
     235
     251
     254
     291
     299
     260
     255
     269
     264
     251
     252
     244
     290
     320
     312
     293
     301
     257
     253
     252
     255
     272
     277
     287
     290
     269
     244
     249
     261
     242
     213
     274
     289
     316
     393
     379
     436
     396
     318
     307
     276
     233
     260
     251
     228
     248
     225
     248
     219
     273
     297
     319
     355
     314
     265
     266
     244
     255
     251
     265
     222
     221
     242
     236
     253
     270
     240
     248
     240
     227
     258
     241
     209
     229
     231
     229
     241
     229
     254
     217
     223
     225
     248
     217
     226
     230
     218
     216
     236
     241
     231
     210
     210
     243
     225
     254
     236
     244
     238
     206
     225
     210
     248
     234
     231
     240
     276
     259
     279
     280
     278
     292
     287
     260
     238
     249
     231
     200
     235
     226
     222
     203
     203
     250
     232
     248
     242
     225
     226
     234
     231
     240
     219
     230
     232
     202
     198
     234
     232
     217
     200
     214
     218
     215
     192
     217
     190
     223
     208
     240
     247
     286
     285
     283
     267
     284
     274
     298
     316
     267
     302
     323
     306
     273
     257
     227
     247
     224
     204
     229
     213
     195
     228
     218
     242
     225
     232
     217
     199
     206
     209
     186
     180
     191
     232
     220
     240
     240
     233
     253
     222
     281
     221
     243
     224
     340
     320
     283
     290
     306
     287
     261
     225
     222
     190
     214
     223
     190
     205
     218
     224
     232
     232
     229
     240
     260
     280
     312
     394
     470
     426
     387
     270
     244
     224
     206
     220
     252
     267
     234
     289
     260
     256
     269
     263
     249
     237
     232
     227
     199
     240
     252
     275
     350
     333
     348
     317
     276
     268
     270
     395
     399
     452
     400
     332
     273
     220
     205
     226
     208
     212
     213
     216
     224
     232
     256
     309
     308
     273
     291
     253
     263
     239
     287
     255
     299
     308
     357
     354
     353
     290
     264
     222
     193
     202
     223
     248
     233
     220
     233
     249
     286
     393
     531
     643
     669
     536
     428
     288
     234
     219
     216
     204
     202
     232
     222
     213
     202
     243
     200
     214
     215
     185
     198
     236
     192
     214
     246
     269
     298
     311
     269
     245
     206
     213
     253
     242
     288
     247
     236
     209
     206
     203
     198
     234
     268
     257
     242
     267
     250
     220
     241
     246
     264
     268
     252
     242
     258
     256
     230
     252
     217
     217
     235
     249
     261
     241
     267
     217
     197
     211
     201
     215
     224
     215
     234
     239
     294
     324
     311
     295
     255
     211
     216
     219
     217
     233
     214
     231
     233
     255
     258
     246
     258
     254
     229
     214
     210
     205
     221
     200
     227
     222
     241
     234
     205
     228
     217
     197
     193
     216
     214
     229
     225
     242
     239
     246
     286
     286
     236
     216
     187
     173
     190
     202
     214
     198
     218
     235
     226
     246
     215
     189
     201
     239
     219
     287
     320
     317
     230
     233
     211
     214
     208
     210
     203
     190
     183
     221
     201
     228
     204
     200
     238
     210
     159
     172
     193
     177
     202
     190
     209
     179
     189
     201
     192
     189
     199
     181
     185
     201
     223
     203
     204
     188
     200
     196
     201
     202
     180
     219
     228
     243
     202
     189
     190
     196
     177
     193
     218
     214
     217
     215
     211
     200
     212
     222
     213
     179
     176
     157
     174
     175
     169
     180
     198
     180
     214
     190
     201
     160
     170
     168
     174
     166
     175
     196
     164
     188
     145
     198
     181
     164
     155
     170
     182
     207
     193
     201
     211
     205
     194
     163
     183
     179
     163
     173
     183
     160
     186
     184
     157
     152
     187
     174
     196
     228
     202
     228
     236
     187
     185
     210
     174
     165
     165
     172
     193
     204
     190
     185
     165
     182
     152
     196
     164
     166
     175
     195
     181
     165
     198
     158
     180
     163
     182
     190
     153
     164
     175
     159
     156
     191
     184
     204
     215
     244
     249
     212
     218
     189
     195
     198
     157
     164
     147
     177
     164
     170
     187
     180
     173
     167
     158
     174
     175
     157
     151
     142
     159
     169
     164
     163
     211
     263
     332
     358
     403
     357
     254
     215
     190
     172
     190
     184
     159
     163
     149
     136
     154
     143
     138
     149
     159
     146
     147
     168
     142
     156
     133
     164
     169
     136
     149
     152
     152
     153
     142
     134
     140
     153
     167
     160
     169
     163
     161
     187
     178
     172
     173
     173
     164
     179
     163
     181
     161
     157
     154
     148
     163
     177
     160
     183
     155
     150
     191
     166
     183
     193
     169
     154
     157
     129
     147
     148
     136
     128
     141
     117
     152
     126
     144
     136
     147
     160
     149
     160
     133
     142
     164
     166
     149
     168
     139
     150
     183
     145
     158
     166
     132
     130
     139
     140
     134
     139
     126
     142
     145
     146
     130
     146
     152
     144
     170
     172
     225
     265
     246
     218
     186
     159
     159
     135
     167
     156
     122
     139
     137
     133
     124
     155
     150
     192
     144
     159
     151
     135
     128
     122
     123
     126
     115
     148
     150
     136
     134
     134
     139
     114
     129
     134
     133
     142
     133
     145
     127
     125
     115
     134
     113
     122
     136
     117
     137
     135
     130
     130
     128
     141
     170
     175
     156
     164
     130
     142
     139
     143
     132
     134
     142
     163
     185
     220
     229
     181
     182
     176
     157
     131
     115
     152
     126
     123
     144
     140
     118
     151
     158
     145
     122
     129
     131
     131
     118
     109
     131
     125
     119
     128
     135
     117
     136
     144
     126
     119
     131
     152
     150
     120
     129
     111
     134
     132
     127
     126
     143
     115
     141
     122
     131
     118
     134
     105
     130
     146
     129
     162
     175
     221
     272
     353
     466
     460
     403
     324
     233
     171
     168
     209
     230
     325
     469
     579
     668
     576
     411
     313
     173
     151
     133
     133
     126
     138
     150
     138
     142
     131
     124
     130
     134
     120
     147
     135
     124
     135
     113
     125
     125
     123
     124
     126
     130
     110
     122
     140
     120
     125
     122
     135
     139
     126
     138
     154
     163
     178
     156
     150
     148
     147
     121
     145
     141
     206
     242
     324
     338
     336
     268
     193
     144
     142
     127
     125
     126
     147
     140
     171
     244
     230
     302
     264
     242
     210
     149
     134
     106
     126
     116
     114
     134
     110
     104
     120
     110
     128
     107
     116
     118
     124
     110
     142
     122
     142
     132
     139
     120
     132
     107
     149
     115
     117
     108
     113
      99
     111
     124
     117
     134
     119
     114
     120
     142
     128
     115
     131
     119
     132
     151
     136
     135
     123
      94
     107
     110
     111
     125
     110
     108
      93
     131
     116
      93
     136
     125
     132
     102
     118
     120
      98
     101
     105
     122
     104
     103
     130
     123
     121
     147
     132
     138
     146
     138
      89
     101
     112
     109
      92
     104
     115
     135
     130
     115
     146
     156
     193
     177
     206
     219
     243
     235
     321
     289
     305
     266
     199
     171
     155
     148
     140
     129
     109
     114
     137
     139
     155
     148
     128
     149
     156
     154
     160
     159
     199
     219
     254
     254
     241
     153
     174
     119
     125
     115
     122
     121
     141
     140
     199
     253
     332
     454
     462
     447
     378
     252
     192
     138
     119
     126
     140
     153
     155
     129
     121
     133
     119
     145
     136
     107
     128
     117
     122
     110
     126
     105
     111
      97
     113
     127
     123
     115
     128
     110
     140
     153
     150
     123
     117
      95
     110
     128
     128
     120
     134
     101
     123
     101
     104
     100
     100
     118
     110
     120
     108
     101
     107
      87
     117
     121
     110
      96
     117
     107
     104
     134
     155
     158
     142
     138
     109
     135
     122
     135
     115
     121
     119
     105
     116
     110
     119
     110
     117
     106
     123
     122
     106
     131
     119
     123
     135
     124
     125
     106
     105
     111
     108
     135
     120
     144
     147
     147
     148
     152
     112
     109
     105
     100
     109
     106
     116
     135
     120
     131
     112
     137
     104
     121
     127
     130
     142
     152
     170
     179
     162
     154
     125
     101
     107
      96
      96
      99
     122
     104
     121
     108
     110
     111
      89
     100
     115
     125
      97
     113
     101
     110
     123
     107
     115
     142
     137
     119
     110
      96
     117
     102
     104
     106
     108
     114
     123
     104
     114
     110
     105
     112
     127
      91
     121
      93
      90
     111
      96
      74
      81
      74
      90
      95
     101
      94
      91
     113
     102
     102
     113
     101
     119
      89
     103
     150
     126
     106
     134
     126
     111
      86
      83
      80
      98
      82
      98
     113
      93
     101
      93
      89
     114
     103
     106
      95
      89
      96
      99
      75
     107
      91
      86
     112
      81
     101
     101
     103
      93
      81
      86
      93
     108
      97
      85
     101
     113
     118
     176
     175
     177
     168
     176
     121
     143
      98
      94
      89
      88
      88
     111
     101
     102
     110
      86
      88
     103
      91
      81
      79
      90
      94
     101
     100
     108
     103
     101
     107
      72
      66
     102
      92
      85
     102
      88
      94
      91
      80
      96
      85
      92
      86
     101
      99
      77
      81
      76
      76
      86
      92
      91
      85
      74
      80
      84
      80
      82
      93
      93
      70
      86
      89
      91
      84
      80
      89
      83
     111
     100
      89
     114
      98
     111
      94
      89
      83
      88
      86
      72
      70
      93
      96
      69
      79
      77
      95
      74
      79
      78
      83
      95
      72
      88
      84
     102
     124
     109
     148
     141
     164
     180
     169
      90
     121
     103
      72
      72
      84
      79
      84
      83
      83
      75
      90
      84
      67
      75
      90
      85
      91
      75
     110
     116
     126
     139
     122
     105
     103
      75
      79
      77
      62
      85
      90
      78
      72
      62
      75
      69
      64
      70
      68
      61
      76
      66
      85
      63
      79
      70
      78
      75
      68
      81
      63
      65
      75
      74
      74
      89
      76
      88
      95
      99
      91
      79
      76
      94
      96
     100
      96
     103
      86
      77
      90
      69
      57
      57
      84
      79
      76
      55
      74
      64
      79
      71
      68
      55
      76
      93
      64
      62
      68
      64
      75
      53
      67
      70
      75
      61
      63
      77
      81
      71
      66
      83
      86
      97
     116
      98
      87
      84
      88
      71
      78
      65
      68
      64
      52
      54
      56
      69
      69
      64
      64
      73
      56
      59
      61
      50
      59
      68
      72
      85
      80
      73
      62
      77
      72
      71
      64
      78
      76
      66
      49
      68
      63
      56
      75
      79
      61
      79
      91
      71
      72
      71
      63
      58
      65
      71
      74
      67
      85
     114
     105
      91
      89
     105
     100
      90
      91
      80
      54
      67
      67
      68
      72
      74
      71
      69
      60
      67
      75
      54
      65
      74
      63
      75
      55
      75
      47
      68
      49
      72
      61
      60
      70
      63
      78
      69
      65
      74
      66
      43
      73
      62
      60
      71
      60
      68
      86
      76
      63
      79
      94
      92
      81
      89
      76
      59
      65
      66
      58
      60
      39
      64
      60
      72
      78
      55
      68
      71
      83
      89
     105
     132
     136
     134
     108
      83
      72
      63
      56
      71
      61
      59
      56
      61
      71
      62
      58
      63
      59
      65
      60
      65
      67
      61
      71
      67
      53
      66
      60
      58
      51
      68
      52
      53
      58
      74
      64
      79
      71
      99
     108
     115
     170
     260
     397
     568
     743
     758
     698
     506
     375
     215
     112
      82
      57
      58
      48
      43
      46
      48
      69
      58
      68
      57
      62
      68
      74
      81
      74
     100
      78
      88
      86
      76
      65
      48
      69
      65
      50
      59
      55
      59
      59
      68
      88
      78
      70
      66
      64
      61
      75
      61
      51
      67
      54
      48
      50
      57
      64
      44
      61
      63
      50
      44
      42
      62
      54
      52
      72
      64
      71
      72
      66
      69
      49
      46
      52
      43
      53
      41
      51
      61
      61
      55
      51
      59
      66
      64
      70
      49
      56
      45
      41
      55
      50
      47
      39
      47
      51
      44
      45
      40
      43
      53
      51
      61
      45
      34
      48
      45
      52
      44
      55
      63
      48
      37
      48
      55
      36
      43
      43
      46
      50
      48
      44
      61
      56
      57
      46
      48
      45
      55
      39
      39
      47
      48
      49
      39
      46
      41
      32
      43
      43
      44
      32
      38
      46
      48
      31
      37
      33
      40
      48
      37
      43
      33
      50
      32
      43
      45
      34
      30
      50
      32
      51
      40
      43
      34
      31
      45
      38
      30
      29
      41
      34
      27
      38
      34
      37
      41
      50
      54
      68
      93
      63
      60
      76
      63
      44
      44
      41
      36
      34
      41
      36
      20
      33
      37
      38
      40
      40
      25
      24
      38
      44
      36
      43
      39
      34
      32
      33
      42
      47
      33
      32
      29
      39
      41
      42
      54
      59
      83
      89
     117
     119
     109
      99
      76
      42
      54
      35
      40
      34
      45
      40
      28
      41
      34
      51
      35
      26
      41
      43
      39
      38
      37
      28
      40
      46
      39
      53
      37
      43
      29
      33
      29
      33
      41
      38
      44
      31
      42
      44
      33
      45
      57
      60
      76
     100
     113
      89
      88
      74
      64
      83
      78
      70
      63
      54
      41
      40
      38
      33
$ROI:
0
$PRESETS:
None
0
0
$ENER_FIT:
-0.17 0.50021
$MCA_CAL:
3
-0.17000 0.50021 0.00 keV
$SHAPE_CAL:
3
-0.745400338012 7.65204008958 -26.7731741705
$META:
{'istp': ['133CEm', '133CEg', '133LA', '132CE', '132LA', '139CE', '137CEg', '137CEm', '137LA', '135CE', '135LA', '134LA', '132CS', '7BE', '133BAm', '133BAg'], 'res': 0.05, 'R': 0.2, 'unc_eff': [[0.022038742051812752, -0.23165177067312645, 0.6005679933771606], [-0.2316517706731248, 2.449183052674086, -6.383802492714265], [0.6005679933771524, -6.3838024927142225, 16.725097801251202]], 'alpha': 0.9}
