$SPEC_ID:
No sample description was entered.
$SPEC_REM:
DET# 9480
DETDESC# HPGE
AP# Maestro Version 7.01
$DATE_MEA:
10/18/2018 00:05:28
$MEAS_TIM:
3600 3948
$DATA:
0 4095
     600
     658
       0
       0
       0
       0
       0
       0
       0
       0
       0
       0
       0
       0
       0
       0
       0
       0
       0
       0
       0
       0
       0
       4
       4
       6
       7
       2
       0
       0
       3
       3
       4
       3
       2
       0
       0
       4
      28
      99
     557
    9887
   22837
   22787
   22149
   21935
   21749
   21777
   21683
   21688
   21543
   21305
   21007
   20975
   20568
   20582
   19947
   20256
   20118
   20258
   19980
   19873
   19384
   19540
   19461
   19142
   19201
   19156
   19028
   19174
   19066
   18848
   18724
   18804
   18564
   18718
   18647
   18710
   18913
   19055
   19765
   25999
   29069
   19096
   16883
   16685
   16535
   16573
   16264
   16447
   16260
   16336
   16338
   16241
   16361
   16265
   16046
   16319
   16123
   16008
   15710
   15860
   15961
   15599
   15895
   15665
   15906
   15734
   15879
   15902
   15695
   15717
   15562
   15951
   15628
   15994
   16162
   15783
   16404
   16055
   15412
   15210
   15461
   15380
   15347
   15451
   15302
   15402
   15219
   15003
   15251
   15299
   15409
   15820
   18320
   19692
   15975
   15081
   15198
   15068
   15003
   14936
   14858
   14937
   14659
   14952
   15246
   14812
   14773
   15107
   15463
   14851
   14690
   14702
   14871
   15019
   14632
   14814
   14548
   14673
   14641
   14901
   14596
   14935
   14879
   14901
   15196
   15130
   15207
   15428
   15408
   15410
   15239
   15239
   15235
   15215
   15244
   15147
   15186
   14915
   15017
   15121
   14901
   15177
   14842
   14917
   14976
   15015
   14964
   14882
   14586
   14942
   14934
   14957
   14935
   14981
   14946
   14914
   14823
   15121
   15076
   15151
   14930
   15184
   15390
   15399
   15319
   15329
   15288
   15395
   15320
   15568
   15809
   15648
   15665
   15815
   15638
   15870
   15850
   15819
   16107
   15757
   16192
   15923
   15860
   16240
   16215
   16014
   15891
   15982
   16039
   16405
   16027
   16201
   16185
   16215
   16354
   16589
   16246
   16386
   16577
   16832
   19894
   41648
   61433
   32926
   17239
   15911
   16158
   16154
   16128
   16218
   17338
   25501
   40545
   30482
   17382
   15920
   16389
   15767
   15963
   15875
   16086
   15987
   15798
   15685
   15885
   15950
   15840
   16086
   15940
   16777
   19615
   20897
   17205
   15770
   15999
   15809
   15679
   15992
   15972
   15920
   15640
   15871
   15812
   15657
   16173
   15930
   15848
   15898
   15886
   15952
   15770
   16114
   15692
   15795
   15937
   15870
   16099
   15944
   15953
   15683
   15971
   16237
   15988
   15852
   16087
   15795
   16016
   15923
   16052
   15993
   16022
   16075
   16044
   16194
   16097
   16111
   16433
   16225
   16544
   16191
   16302
   16086
   16161
   16399
   16521
   16586
   16507
   16563
   16508
   16763
   16659
   17326
   17072
   17289
   17532
   17805
   18126
   18780
   19479
   19690
   20611
   21061
   21240
   21423
   22111
   21794
   22273
   22212
   21975
   22188
   21735
   22220
   22408
   22181
   22159
   22237
   22081
   21891
   21790
   21909
   21599
   21900
   21631
   21408
   21240
   21118
   20998
   20858
   20204
   20345
   20165
   20026
   19813
   19591
   19518
   19342
   19016
   18794
   18837
   18794
   18319
   18263
   17977
   17823
   17792
   17703
   17498
   17189
   17503
   16715
   16825
   16687
   16804
   16339
   16120
   16086
   15896
   15971
   15649
   15371
   15624
   15519
   15436
   15150
   15407
   14841
   14931
   15003
   14671
   14834
   14531
   14491
   14328
   14209
   14090
   14318
   14211
   14028
   13695
   13868
   13736
   13755
   13475
   13420
   13610
   13417
   13374
   13355
   13169
   13180
   13262
   13155
   13033
   13034
   13065
   12741
   12911
   12786
   12867
   12686
   12569
   12504
   12490
   12664
   12501
   12384
   12364
   12176
   12220
   12603
   12091
   12160
   12131
   12143
   12046
   12052
   11938
   12042
   12001
   11847
   11759
   11869
   12014
   11848
   11839
   11751
   11819
   11699
   11894
   11773
   11625
   11509
   11759
   11539
   11389
   11571
   11730
   11560
   11655
   11406
   11424
   11666
   11900
   14065
   18876
   19030
   13483
   11554
   11336
   11790
   13068
   16261
   17247
   13447
   11420
   11148
   11200
   11195
   10936
   11155
   11140
   11022
   11181
   10932
   10978
   11043
   10939
   10879
   10882
   11095
   10993
   10908
   10942
   11083
   10969
   10941
   11199
   12343
   14206
   14642
   12147
   11123
   11021
   10996
   11035
   10917
   10774
   10878
   10923
   10800
   10836
   10720
   10812
   10840
   10880
   10858
   10951
   10862
   10916
   10809
   10860
   10931
   10793
   11175
   10993
   10922
   10944
   11029
   10939
   10933
   10942
   11100
   10834
   11077
   11062
   10995
   10955
   11135
   11087
   10995
   11331
   11747
   14031
   17481
   17315
   13102
   11584
   11224
   11150
   11195
   11221
   11091
   11175
   11211
   11184
   11198
   11518
   11366
   11330
   11340
   11291
   11644
   11344
   11436
   11392
   11544
   11365
   11523
   11524
   11785
   11536
   11631
   11494
   11625
   11778
   11647
   11837
   11775
   11782
   11804
   11746
   11910
   11842
   12000
   11871
   12172
   12142
   12379
   12624
   12237
   12119
   12076
   12184
   12296
   12341
   12347
   12239
   12278
   12245
   12300
   12521
   12335
   12429
   12657
   12511
   12254
   12538
   12639
   12708
   12709
   12749
   12934
   12691
   12974
   12986
   13072
   12778
   12915
   12888
   13009
   12976
   13051
   12798
   13103
   13172
   13333
   13194
   13599
   13421
   13369
   13396
   13321
   13434
   13442
   13540
   13541
   13136
   13503
   13323
   13213
   13503
   13274
   13395
   13096
   13443
   13333
   13149
   13065
   12906
   13129
   13029
   12820
   12750
   12455
   12341
   11937
   11849
   11370
   11059
   10777
   10598
    9998
    9910
    9693
    9490
    9186
    9043
    8866
    8716
    8667
    8730
    8397
    8234
    8321
    8390
    8476
    8643
    8757
    8253
    7873
    7725
    7717
    7599
    7362
    7510
    7483
    7477
    7330
    7312
    7195
    7267
    7095
    7145
    7054
    6954
    6969
    6939
    6626
    6818
    6755
    6606
    6704
    6599
    6673
    6481
    6522
    6449
    6443
    6278
    6461
    6398
    6213
    6196
    6200
    6109
    6250
    6218
    6129
    5967
    6062
    6102
    5991
    6339
    6626
    6405
    6029
    5722
    5620
    5522
    5650
    5558
    5484
    5510
    5544
    5293
    5316
    5260
    5212
    5315
    5003
    5116
    5196
    5131
    5142
    4935
    4923
    4965
    5012
    4812
    4889
    4811
    4808
    4780
    4777
    4627
    4711
    4739
    4588
    4533
    4636
    4534
    4648
    4732
    5045
    6042
    7546
    7454
    5574
    4551
    4353
    4371
    4358
    4096
    4146
    4164
    4124
    4137
    4113
    4021
    3922
    3858
    4016
    4059
    3977
    3895
    3860
    3748
    3857
    3884
    3713
    3762
    3660
    3759
    3707
    3605
    3585
    3564
    3583
    3646
    3634
    3485
    3571
    3562
    3500
    3486
    3491
    3480
    3418
    3306
    3255
    3298
    3305
    3222
    3365
    3274
    3265
    3221
    3202
    3096
    3183
    3230
    3073
    3155
    3141
    3117
    3086
    3169
    3081
    3106
    2987
    3098
    3016
    3052
    2910
    3010
    2940
    2991
    3014
    2984
    2949
    2975
    2909
    2834
    2995
    2884
    2999
    2915
    2918
    3038
    2908
    2888
    2922
    2876
    2918
    2854
    2944
    2834
    2841
    2917
    2869
    2859
    2854
    2857
    2879
    2833
    2813
    2855
    2863
    2905
    2751
    2817
    2826
    2898
    2763
    2832
    2750
    2773
    2865
    2831
    2714
    2708
    2659
    2839
    2759
    2802
    2930
    2712
    2789
    2797
    2716
    2692
    2744
    2774
    2789
    2790
    2701
    2823
    2767
    2778
    2735
    2830
    2759
    2729
    2669
    2648
    2749
    2733
    2689
    2657
    2612
    2684
    2741
    2760
    2663
    2737
    2770
    2686
    2628
    2571
    2735
    2663
    2758
    2793
    2774
    2772
    2722
    2790
    2669
    2837
    3165
    3621
    4782
    6078
    5762
    4040
    3024
    2699
    2846
    2816
    2791
    2744
    2681
    2789
    2872
    2653
    2852
    2801
    2820
    2884
    2843
    2712
    2759
    2822
    2737
    2919
    2833
    2753
    2758
    2908
    2933
    2834
    2907
    2855
    2976
    2899
    3049
    3027
    3000
    3003
    3104
    3145
    3102
    3181
    3216
    3280
    3204
    3151
    3303
    3420
    3413
    3488
    3582
    3604
    3654
    3807
    4134
    4446
    4970
    6032
    8204
   12725
   21477
   33596
   44031
   58566
   92480
  148039
  217491
  276524
  296941
  267817
  204157
  130820
   74630
   41153
   24524
   15523
   10708
    7928
    6131
    5270
    4562
    4158
    4084
    3752
    3718
    3460
    3362
    3196
    3123
    3126
    2976
    2940
    2818
    2813
    2726
    2720
    2681
    2734
    2523
    2624
    2532
    2468
    2367
    2518
    2459
    2460
    2402
    2345
    2307
    2175
    2194
    2185
    2211
    2180
    2204
    2080
    2117
    2247
    2074
    2066
    2024
    2007
    2029
    1990
    2009
    1939
    1966
    1857
    2025
    1984
    1905
    1873
    1971
    1914
    1920
    1786
    1856
    1977
    2123
    2800
    4339
    7432
   12221
   15888
   12177
    5198
    2388
    1810
    1780
    1755
    1736
    1586
    1734
    1670
    1656
    1618
    1589
    1604
    1652
    1608
    1586
    1560
    1543
    1574
    1552
    1635
    1596
    1595
    1583
    1544
    1527
    1525
    1567
    1626
    1602
    1526
    1542
    1509
    1614
    1545
    1502
    1503
    1555
    1539
    1538
    1537
    1542
    1551
    1473
    1447
    1463
    1497
    1420
    1518
    1517
    1542
    1447
    1524
    1453
    1507
    1473
    1527
    1504
    1449
    1461
    1439
    1441
    1465
    1368
    1458
    1482
    1492
    1416
    1440
    1469
    1461
    1460
    1455
    1412
    1436
    1462
    1425
    1512
    1672
    1670
    1528
    1459
    1407
    1442
    1311
    1454
    1374
    1440
    1566
    1801
    2596
    4334
    7765
   14015
   20759
   19602
   10414
    3569
    1750
    1486
    1381
    1454
    1479
    1389
    1469
    1369
    1369
    1371
    1363
    1319
    1326
    1393
    1322
    1364
    1312
    1261
    1384
    1326
    1222
    1324
    1342
    1342
    1287
    1265
    1341
    1296
    1309
    1329
    1223
    1250
    1231
    1218
    1251
    1200
    1227
    1195
    1184
    1168
    1150
    1170
    1102
    1127
    1130
    1129
    1160
    1104
    1122
    1154
    1100
    1103
    1089
    1100
    1163
    1073
    1086
    1090
    1045
    1022
    1081
     961
    1082
    1050
    1061
    1047
    1011
    1072
    1012
    1053
    1030
    1032
    1053
    1064
    1023
    1115
    1143
    1259
    1280
    1194
    1097
    1041
    1075
    1008
    1030
    1030
     981
    1030
    1022
     958
     985
     945
     993
     957
    1034
    1016
     987
     898
     995
     918
     953
     944
    1035
     980
     949
     977
     926
     942
     911
    1003
    1016
    1081
    1349
    1611
    2066
    2284
    2056
    1369
     993
     896
     923
     963
    1007
     919
     927
     869
     922
     876
     881
     906
     926
     896
     928
     848
     893
     882
     850
     885
     923
     911
     868
     903
     860
     914
     868
     939
     888
     918
     903
     926
     864
     854
     867
     871
     877
     915
     905
     870
     907
     839
     932
     971
     941
    1006
     887
     943
     988
     939
     972
     993
     931
     900
     884
     837
     878
     838
     892
     799
     838
     832
     865
     804
     858
     821
     798
     820
     818
     823
     820
     771
     741
     825
     730
     765
     759
     777
     745
     772
     733
     740
     698
     718
     736
     756
     680
     720
     744
     746
     735
     731
     664
     755
     776
     681
     706
     697
     721
     739
     642
     712
     698
     656
     661
     686
     692
     687
     666
     709
     675
     667
     689
     695
     724
     713
     683
     719
     692
     698
     658
     685
     669
     643
     658
     661
     636
     648
     680
     590
     641
     680
     643
     651
     651
     643
     648
     607
     624
     630
     602
     623
     623
     617
     617
     619
     640
     607
     631
     625
     606
     648
     595
     664
     625
     630
     640
     669
     596
     609
     673
     618
     633
     573
     591
     640
     604
     649
     643
     583
     619
     607
     608
     585
     582
     578
     592
     582
     550
     624
     607
     629
     605
     614
     594
     596
     618
     630
     588
     600
     607
     562
     572
     586
     599
     589
     584
     624
     574
     563
     553
     561
     571
     562
     594
     603
     580
     531
     581
     551
     563
     606
     577
     589
     529
     506
     589
     569
     579
     585
     550
     603
     559
     558
     539
     557
     573
     538
     581
     577
     534
     535
     548
     542
     599
     542
     535
     515
     553
     562
     558
     544
     588
     535
     545
     523
     570
     559
     552
     525
     521
     517
     598
     542
     525
     545
     543
     540
     562
     510
     569
     535
     531
     544
     519
     550
     559
     536
     559
     551
     618
     548
     510
     521
     552
     518
     548
     523
     546
     511
     543
     532
     524
     552
     556
     551
     557
     533
     533
     556
     541
     525
     544
     495
     554
     562
     557
     542
     646
     658
     871
    1120
    1930
    3022
    4654
    7707
   10057
    9667
    5738
    2255
     840
     595
     545
     546
     534
     535
     553
     540
     579
     616
     552
     489
     547
     470
     509
     497
     477
     480
     513
     490
     463
     461
     516
     449
     513
     479
     458
     515
     471
     490
     475
     474
     531
     482
     472
     484
     489
     483
     518
     508
     474
     502
     533
     548
     564
     542
     586
     474
     468
     467
     468
     467
     473
     466
     474
     514
     465
     477
     500
     478
     468
     463
     498
     488
     491
     455
     477
     514
     511
     498
     465
     486
     444
     458
     452
     469
     406
     437
     438
     428
     455
     442
     443
     452
     447
     421
     426
     458
     458
     404
     421
     456
     444
     456
     455
     442
     432
     421
     435
     486
     472
     524
     481
     478
     473
     446
     418
     438
     436
     422
     452
     413
     419
     404
     415
     427
     434
     434
     400
     413
     443
     444
     430
     451
     441
     486
     492
     467
     448
     463
     398
     417
     372
     415
     400
     397
     427
     424
     415
     423
     417
     387
     363
     437
     395
     402
     418
     392
     428
     397
     350
     440
     396
     401
     451
     436
     386
     412
     416
     402
     376
     427
     413
     407
     448
     435
     451
     410
     409
     422
     466
     427
     387
     392
     413
     385
     406
     419
     425
     429
     386
     421
     386
     433
     425
     391
     432
     418
     427
     429
     460
     505
     496
     455
     416
     412
     378
     367
     408
     410
     397
     390
     377
     412
     355
     385
     418
     410
     408
     408
     397
     400
     408
     411
     376
     381
     405
     389
     399
     409
     393
     393
     400
     435
     379
     345
     367
     383
     380
     387
     397
     389
     379
     367
     371
     387
     385
     353
     373
     337
     394
     391
     370
     408
     379
     372
     377
     417
     369
     343
     386
     408
     410
     367
     386
     341
     372
     369
     370
     400
     340
     421
     361
     381
     348
     348
     378
     390
     383
     377
     391
     396
     325
     347
     377
     387
     390
     398
     372
     376
     394
     393
     360
     376
     409
     369
     404
     392
     402
     363
     368
     388
     355
     344
     398
     383
     414
     382
     398
     381
     357
     339
     330
     366
     370
     342
     340
     355
     376
     361
     390
     355
     395
     353
     373
     367
     363
     360
     381
     347
     373
     351
     384
     356
     387
     370
     381
     381
     381
     373
     344
     367
     371
     359
     362
     353
     369
     327
     369
     333
     358
     386
     367
     375
     362
     366
     380
     350
     324
     400
     358
     367
     352
     373
     374
     352
     375
     398
     372
     353
     351
     341
     373
     374
     390
     372
     359
     372
     384
     369
     362
     362
     351
     351
     364
     364
     384
     376
     390
     391
     418
     401
     378
     338
     381
     388
     372
     376
     387
     378
     406
     406
     384
     370
     398
     382
     339
     400
     337
     355
     354
     341
     386
     393
     422
     399
     409
     409
     355
     404
     408
     450
     391
     477
     403
     460
     404
     448
     428
     390
     314
     390
     358
     326
     357
     329
     336
     337
     322
     320
     355
     335
     323
     345
     363
     343
     343
     304
     352
     355
     339
     324
     353
     301
     346
     300
     296
     342
     346
     322
     359
     316
     317
     381
     350
     300
     332
     319
     318
     352
     319
     304
     334
     330
     331
     340
     322
     363
     349
     325
     314
     332
     317
     341
     337
     327
     350
     334
     326
     344
     314
     330
     347
     322
     327
     327
     345
     344
     329
     326
     333
     315
     349
     348
     328
     336
     315
     321
     331
     322
     363
     363
     333
     344
     345
     355
     344
     339
     352
     381
     317
     341
     308
     310
     321
     343
     330
     325
     306
     340
     354
     342
     334
     322
     339
     320
     341
     343
     338
     333
     329
     365
     355
     335
     330
     339
     366
     344
     369
     334
     342
     320
     343
     350
     353
     362
     325
     341
     308
     349
     314
     353
     355
     366
     346
     326
     305
     341
     318
     362
     318
     372
     329
     350
     329
     323
     343
     352
     364
     370
     359
     388
     382
     394
     403
     369
     330
     352
     335
     358
     349
     390
     357
     345
     376
     322
     349
     348
     359
     333
     360
     366
     332
     349
     333
     339
     339
     367
     364
     379
     340
     383
     410
     373
     401
     448
     474
     458
     416
     389
     341
     333
     354
     378
     348
     343
     372
     332
     362
     352
     351
     354
     346
     324
     346
     344
     338
     369
     358
     359
     352
     365
     352
     337
     333
     331
     341
     346
     335
     349
     357
     349
     339
     346
     332
     346
     345
     322
     335
     350
     371
     333
     359
     380
     385
     387
     338
     357
     357
     348
     352
     336
     333
     326
     382
     355
     344
     355
     319
     342
     353
     344
     335
     325
     315
     364
     328
     324
     341
     343
     308
     341
     355
     328
     346
     337
     326
     342
     368
     335
     354
     338
     348
     333
     349
     319
     316
     317
     332
     305
     275
     282
     285
     294
     282
     286
     279
     285
     294
     282
     285
     285
     275
     281
     286
     318
     282
     345
     357
     341
     419
     420
     399
     303
     318
     268
     257
     243
     276
     286
     300
     278
     279
     225
     261
     268
     253
     292
     265
     277
     278
     308
     339
     393
     382
     467
     436
     363
     287
     290
     244
     237
     257
     249
     227
     249
     262
     216
     292
     216
     247
     253
     247
     260
     243
     242
     261
     249
     271
     222
     288
     250
     274
     231
     249
     270
     258
     221
     228
     226
     223
     241
     246
     224
     230
     250
     256
     232
     244
     239
     220
     219
     236
     238
     220
     236
     232
     257
     219
     249
     234
     255
     227
     228
     224
     254
     230
     231
     238
     238
     244
     228
     217
     219
     218
     230
     211
     209
     225
     222
     206
     224
     239
     222
     224
     203
     209
     231
     237
     203
     242
     216
     217
     231
     249
     207
     215
     219
     220
     211
     219
     213
     212
     209
     231
     232
     207
     214
     208
     258
     240
     255
     261
     226
     216
     207
     225
     228
     200
     232
     216
     220
     189
     203
     202
     235
     204
     205
     218
     209
     193
     216
     209
     205
     202
     193
     213
     201
     222
     231
     184
     186
     198
     183
     196
     175
     190
     183
     187
     210
     193
     197
     197
     192
     187
     192
     174
     177
     199
     189
     202
     201
     177
     226
     181
     160
     182
     192
     202
     194
     173
     202
     167
     190
     196
     179
     173
     177
     170
     179
     185
     227
     192
     175
     197
     175
     196
     162
     180
     143
     202
     142
     204
     179
     186
     160
     174
     177
     173
     209
     172
     184
     177
     170
     162
     161
     181
     160
     189
     165
     160
     152
     174
     167
     155
     158
     180
     181
     197
     194
     154
     188
     169
     155
     166
     173
     185
     162
     162
     182
     171
     163
     143
     180
     164
     172
     178
     144
     176
     169
     168
     161
     153
     158
     154
     188
     165
     159
     138
     149
     175
     169
     155
     184
     164
     148
     165
     170
     168
     168
     143
     165
     165
     176
     171
     152
     158
     173
     162
     166
     152
     154
     157
     174
     175
     183
     179
     184
     167
     166
     182
     182
     188
     147
     174
     180
     157
     150
     174
     163
     142
     178
     172
     154
     148
     167
     187
     177
     189
     173
     182
     179
     165
     176
     166
     172
     163
     144
     173
     160
     167
     147
     173
     156
     180
     178
     161
     178
     219
     239
     227
     288
     309
     448
     575
     710
     787
     739
     607
     389
     252
     177
     143
     165
     157
     149
     156
     181
     160
     154
     153
     179
     152
     171
     141
     185
     157
     153
     156
     147
     130
     155
     165
     163
     168
     174
     152
     183
     163
     169
     161
     157
     166
     183
     174
     165
     173
     172
     159
     151
     173
     149
     159
     179
     166
     136
     169
     202
     215
     258
     274
     359
     458
     573
     765
    1074
    1464
    1901
    2654
    3271
    3598
    3125
    1884
     878
     396
     212
     162
     156
     174
     155
     165
     170
     155
     166
     149
     138
     161
     156
     176
     157
     171
     161
     134
     140
     148
     155
     138
     153
     137
     153
     155
     167
     136
     150
     126
     158
     154
     154
     162
     158
     141
     165
     136
     134
     151
     146
     152
     133
     146
     150
     125
     148
     144
     149
     144
     147
     162
     142
     163
     152
     132
     159
     164
     149
     158
     152
     129
     141
     153
     141
     127
     152
     151
     141
     126
     123
     131
     114
     138
     132
     134
     151
     129
     166
     154
     139
     147
     125
     147
     136
     140
     150
     144
     134
     148
     112
     150
     131
     142
     135
     153
     153
     148
     139
     147
     151
     139
     136
     115
     126
     167
     126
     127
     136
     121
     149
     138
     126
     136
     130
     110
     142
     136
     138
     134
     147
     144
     125
     136
     130
     141
     109
     124
     142
     141
     133
     122
     135
     135
     149
     130
     125
     141
     141
     127
     145
     135
     118
     135
     101
     124
     138
     128
     138
     136
     138
     134
     125
     121
     131
     131
     126
     124
     112
     136
     138
     146
     144
     130
     134
     120
     129
     128
     147
     125
     118
     143
     143
     136
     123
     136
     133
     120
     129
     139
     123
     141
     116
     140
     128
     110
     124
     143
     120
     129
     121
     120
     132
     115
     115
     131
     121
     122
     129
     125
     137
     120
     130
     119
     111
     122
     127
     116
     130
     125
     132
     128
     127
     110
     130
     108
     108
     110
     118
     120
     103
     129
     115
     119
     129
     107
     113
     122
      90
     107
     131
     111
     138
     127
     128
     120
     142
     128
     101
     125
     109
     111
     131
     147
     134
     131
     143
     140
     162
     126
     121
     113
     128
     121
     112
     141
     127
     108
     124
     107
     135
     118
     128
     128
     116
     115
     115
     124
     110
     110
     117
     121
     102
     118
     104
     122
     106
     131
     122
     140
     107
     121
     128
     116
     123
     136
     118
     123
     116
     120
     114
     113
     110
     127
     105
     131
     122
     113
     131
     110
     116
     119
     105
     121
     133
     111
     111
     121
     126
     110
     116
     106
     125
     121
     117
     117
     113
     118
     114
     109
     112
     100
     110
     126
     110
     111
      89
     118
     120
     109
     105
     107
     100
     104
     109
     120
     107
     122
     116
     101
     100
     111
     105
     117
     114
     120
      93
     112
     103
      99
     118
     122
     109
     117
     115
      98
      99
     109
      96
     121
     112
     119
     108
     111
     101
      81
     113
     109
      88
     112
      99
     110
      98
     105
     115
      85
     105
     117
      96
      99
     100
     109
     105
      99
     103
     122
      97
      96
      97
     111
     109
     106
      94
     108
     109
     114
      96
     108
     114
      96
     104
      85
      98
      89
     114
      94
      93
     107
     101
      85
     102
      94
     105
      98
     109
     117
     100
      80
     108
     103
     113
     115
      96
      92
     105
      95
     101
     101
     107
      89
      89
      91
     100
     104
      97
      97
     101
      85
      89
      98
      90
     111
     111
      93
     115
     116
      88
      83
      96
      88
      94
      87
      92
     106
     102
     110
     101
      95
      92
      90
      91
     112
      99
     112
      84
     103
      88
     107
     114
     106
     104
     104
     108
      89
      92
      92
      96
     104
      83
      88
      91
     103
      92
      92
      94
      90
     102
      87
      98
      93
     109
      86
     104
      99
      95
     100
      91
     102
      91
      91
      99
     103
      86
      99
      87
      82
      84
      80
      88
     105
     112
     111
      92
     103
     104
      96
     104
      90
     104
     102
      96
      87
      76
      77
      76
      93
      83
      90
      80
      87
      89
      84
      99
      82
      94
     105
      99
      96
      93
      84
     103
     102
      94
     110
      99
      98
     106
      93
      95
      92
      94
      69
     107
      92
     102
      91
      90
      91
      89
      85
      99
      98
      95
      98
      88
     100
      84
     105
     111
      91
     100
      76
      86
      88
     100
      92
      94
      93
      82
      75
      91
      76
      88
      92
      86
     114
     106
      92
     104
     120
     105
     115
      86
      79
      80
      83
      94
      87
      74
      90
      95
      93
      93
      75
      88
      89
      88
      84
      71
      99
      99
      84
      79
      92
      80
      85
      82
      63
      79
      74
      82
      88
      64
      74
      79
      86
      82
      93
      80
      83
      75
      71
      94
      91
      63
      78
      83
      64
      82
      75
      76
      78
      85
      96
      83
      78
      92
      72
      75
      78
      85
      75
      71
      70
      60
      77
      74
      70
      81
      91
      75
      84
      58
      85
      76
      73
      70
      80
      67
      74
      84
      64
      73
      72
      82
      57
      74
      89
      78
      62
      81
      78
      67
      71
      72
      70
      71
      67
      73
      65
      70
      74
      64
      82
      63
      65
      68
      83
      62
      85
      89
      67
      69
      66
      68
      83
      71
      68
      72
      78
      76
      79
      76
      73
      78
      68
      65
      71
      56
      71
      64
      78
      62
      69
      59
      77
      83
      68
      75
      70
      54
      61
      57
      58
      58
      78
      57
      73
      75
      75
      60
      61
      84
      75
      74
      75
      73
      69
      79
     121
     139
     147
     175
     185
     218
     268
     205
     173
     144
      82
      62
      58
      40
      71
      68
      44
      68
      60
      68
      69
      65
      57
      89
      68
      58
      63
      68
      76
      69
      60
      64
      54
      59
      67
      76
      67
      62
      57
      65
      68
      67
      56
      66
      60
      60
      70
      63
      72
      61
      67
      58
      65
      49
      62
      55
      65
      44
      63
      53
      57
      54
      41
      63
      64
      65
      49
      47
      58
      64
      56
      47
      46
      55
      54
      55
      50
      47
      65
      56
      56
      63
      51
      48
      57
      55
      43
      66
      45
      57
      52
      54
      45
      54
      65
      64
      65
      51
      52
      63
      49
      51
      60
      50
      59
      46
      56
      36
      47
      53
      49
      45
      40
      43
      44
      42
      45
      36
      39
      60
      46
      58
      50
      57
      59
      35
      48
      55
      59
      49
      47
      52
      53
      40
      53
      50
      50
      53
      54
      45
      48
      57
      57
      45
      51
      42
      42
      55
      66
      56
      44
      49
      56
      35
      55
      40
      49
      55
      51
      43
      47
      43
      42
      54
      52
      54
      54
      52
      54
      40
      43
      38
      50
      40
      46
      46
      51
      35
      35
      41
      48
      37
      51
      46
      46
      53
      36
      43
      50
      46
      37
      45
      45
      62
      51
      45
      42
      35
      42
      44
      40
      43
      52
      40
      30
      53
      40
      33
      46
      38
      49
      56
      41
      38
      48
      41
      49
      45
      44
      40
      36
      49
      40
      47
      49
      46
      41
      51
      46
      45
      54
      47
      53
      41
      52
      44
      36
      40
      45
      46
      35
      45
      37
      56
      31
      36
      36
      42
      59
      45
      47
      46
      52
      37
      39
      41
      51
      44
      42
      35
      50
      46
      55
      55
      56
      45
      53
      69
      56
      52
      40
      45
      54
      39
      44
      31
      37
      29
      27
      44
      37
      34
      37
      44
      49
      40
      42
      32
      40
      45
      45
      35
      42
      31
      38
      34
      27
      41
      39
      28
      32
      41
      37
      37
      40
      41
      35
      53
      51
      42
      39
      40
      36
      40
      34
      51
      56
      59
      57
      72
      78
      68
      93
     101
     125
     158
     194
     242
     268
     347
     346
     328
     277
     166
      99
      60
      45
      34
      46
      38
      42
      44
      41
      40
      40
      37
      40
      35
      31
      39
      35
      40
      21
      36
      36
      45
      34
      27
      33
      37
      30
      40
      36
      32
      29
      34
      37
      24
      30
      37
      30
      45
      37
      40
      26
      23
      28
      26
      26
      35
      35
      32
      36
      48
      32
      41
      24
      34
      29
      30
      32
      29
      31
      22
      28
      32
      28
      26
      40
      28
      39
      29
      26
      42
      40
      30
      37
      27
      26
      28
      31
      28
      33
      28
      31
      23
      36
      33
      21
      30
      28
      32
      30
      21
      28
      33
      30
      30
      41
      34
      31
      34
      24
      20
      34
      27
      28
      20
      25
      33
      26
      22
      33
      27
      27
      20
      25
      29
      34
      26
      28
      37
      36
      27
      31
      28
      30
      37
      28
      30
      25
      18
      28
      29
      33
      28
      26
      27
      22
      30
      31
      26
      30
      34
      15
      21
      26
      27
      32
      34
      33
      15
      35
      32
      33
      32
      26
      22
      26
      35
      25
      31
      21
      30
      26
      36
      33
      34
      34
      22
      27
      24
      30
      29
      19
      32
      21
      27
      25
      24
      29
      28
      20
      12
      29
      22
      20
      25
      25
      23
      21
      22
      21
      31
      27
      28
      23
      27
      22
      24
      26
      23
      22
      31
      29
      16
      28
      28
      27
      26
      22
      26
      15
      31
      19
      32
      21
      17
      25
      27
      22
      24
      19
      31
      27
      16
      25
      32
      27
      29
      32
      22
      33
      38
      24
      24
      26
      28
      16
      18
      21
      23
      26
      26
      15
      23
      22
      24
       9
      21
      23
      21
      14
      28
      20
      26
      19
      26
$ROI:
0
$PRESETS:
None
0
0
$ENER_FIT:
0.095 0.50031
$MCA_CAL:
3
0.09500 0.50031 0.00 keV
$SHAPE_CAL:
3
-0.898383546091 8.9526342793 -25.115346611
$META:
{'istp': ['62ZN', '63ZN', '65ZN', '7BE', '58CO', '61CU', '57CO', '64CO', '56CO'], 'res': 0.05, 'R': 0.2, 'unc_eff': [[0.028787930103945265, -0.2942980340858346, 0.7442515342308331], [-0.29429803408583455, 3.022016856655637, -7.675333967462559], [0.7442515342308331, -7.675333967462559, 19.577835672186247]], 'alpha': 0.9}
