$SPEC_ID:
No sample description was entered.
$SPEC_REM:
DET# 9480
DETDESC# HPGE
AP# Maestro Version 7.01
$DATE_MEA:
10/17/2018 00:42:20
$MEAS_TIM:
900 1002
$DATA:
0 4095
     150
     167
       0
       0
       0
       0
       0
       0
       0
       0
       0
       0
       0
       0
       0
       0
       0
       0
       0
       0
       0
       0
       0
       0
       0
       0
       0
       0
       0
       0
       0
       0
       0
       0
       0
       0
       0
       0
       0
       0
       0
       0
       0
       0
       0
       0
       0
       0
       0
       0
       0
       0
       0
       0
       0
       0
       0
       0
       0
       0
       0
       0
       0
       0
       0
       0
       0
       0
       0
       0
       0
       0
       0
       0
       0
       0
       0
       0
       0
       0
      10
      91
     329
     951
    5585
    9210
    9342
    9092
    9339
    9032
    8903
    9014
    8906
    9062
    9007
    8933
    8980
    8764
    9005
    8684
    8770
    8719
    8634
    8534
    8434
    8501
    8576
    8628
    8548
    8345
    8411
    8382
    8578
    8428
    8739
    9028
   12796
   16635
   10561
    8527
    8253
    8189
    8105
    8184
    8132
    8130
    8236
    8171
    8062
    8243
    8274
    8188
    8264
    8289
    8475
    8301
    8382
    8319
    8280
    8224
    8329
    8358
    8387
    8460
    8541
    8902
    9086
    8569
    8684
    8617
    9715
    8799
    8263
    8532
    8673
    8547
    8449
    8358
    8434
    8394
    8413
    8447
    8660
    8511
    8730
    8712
    8755
    8871
    9038
    9267
    9460
    9163
    8967
    9363
   10290
   13794
   17727
   12765
   10145
    9560
    9293
    9253
    9393
    9449
    9390
    9604
    9437
    9476
    9595
    9633
    9734
    9945
    9954
   10465
   13556
   13555
   10587
    9936
   10064
   10015
   10101
   10025
   10416
   10214
   10209
   10216
   10317
   10433
   10575
   10636
   10793
   10776
   10803
   10806
   11010
   11101
   11194
   11296
   11335
   11304
   11344
   11505
   11543
   11512
   11497
   11579
   11725
   11683
   11670
   11763
   11946
   11921
   11963
   12110
   12073
   12457
   12721
   12519
   13064
   14394
   13433
   12171
   11920
   11996
   12177
   12149
   12183
   12776
   13016
   12520
   12018
   12114
   12241
   12234
   12406
   12255
   12465
   12351
   12582
   12988
   17071
   37153
   44139
   19936
   13116
   12824
   12880
   12665
   12627
   12365
   12268
   12312
   12495
   12250
   12372
   12500
   12366
   12235
   12410
   12282
   12338
   12223
   12512
   12383
   12373
   12302
   12245
   12217
   12272
   12208
   12068
   12124
   12081
   11931
   12038
   11866
   12066
   11852
   11930
   11833
   11732
   11768
   11665
   11746
   11770
   11693
   11744
   11649
   11710
   11714
   11837
   12285
   11862
   11580
   11394
   11483
   11567
   11381
   11377
   11425
   11409
   11421
   11166
   11410
   11276
   11443
   11142
   11144
   11171
   11165
   11089
   11434
   11220
   11012
   11221
   11063
   11118
   11138
   11356
   11138
   11183
   11360
   11179
   11504
   11344
   11311
   11510
   11343
   11749
   11587
   11258
   11183
   11414
   11452
   11333
   11413
   12047
   13059
   12615
   11351
   11073
   11167
   11161
   11853
   14385
   14045
   11547
   10695
   10688
   10829
   10663
   10891
   10823
   10617
   10786
   10721
   10413
   10427
   10432
   10452
   10456
   10329
   10229
   10189
   10292
   10163
   10182
   10064
    9907
   10037
    9923
   10039
    9969
    9901
    9712
    9811
    9633
    9679
    9637
    9677
    9612
    9437
    9662
    9423
    9588
    9574
    9492
    9434
    9558
    9344
    9488
   10246
   14620
   20715
   15849
   10082
    9375
    9130
    9075
    8933
    8934
    8921
    9133
    9184
    9034
    8828
    8825
    8655
    8707
    8475
    8680
    8699
    8868
    8854
    8613
    8589
    8304
    8307
    8227
    8253
    8212
    8024
    8198
    8106
    8270
    8073
    8078
    7934
    8171
    8083
    7885
    7710
    7857
    7697
    7628
    7501
    7883
    8033
    7855
    7411
    7560
    7631
    7558
    7510
    7359
    7364
    7358
    7286
    7351
    7306
    7173
    7280
    7231
    7351
    7335
    7112
    7100
    6946
    7085
    6913
    7095
    7060
    6741
    6874
    6830
    6956
    6858
    6740
    6812
    6870
    6856
    6764
    6682
    6616
    6684
    6724
    6916
    7662
    8378
    7494
    6896
    6638
    6675
    6642
    6717
    6413
    6661
    7069
    8854
    9069
    7604
    6509
    6382
    6481
    6387
    6284
    6222
    6257
    6186
    6268
    6288
    6618
    7618
    8293
    7281
    6624
    6233
    6494
    7031
    9975
   26516
   50654
   36654
   12580
    7212
    7196
    7612
    7160
    6374
    6280
    6037
    6085
    6074
    6031
    6211
    6037
    5872
    6044
    5877
    5833
    6167
    6103
    6481
    6163
    5927
    6180
    7715
   11437
   12977
    8738
    6209
    5889
    5908
    5769
    5869
    6047
    5874
    5687
    5592
    5774
    5665
    5776
    5891
    5925
    5779
    5820
    5817
    5782
    5952
    7612
    9632
    8593
    7403
    6781
    5912
    5717
    5814
    5880
    6261
    6020
    5827
    5701
    5629
    5575
    5558
    5701
    5762
    6123
    8008
   16214
   27627
   21239
    9321
    6913
    8764
    9819
    7515
    5849
    5661
    5637
    5463
    5864
    5633
    5621
    6094
    6363
    5827
    5469
    5422
    5418
    5517
    5440
    5383
    5268
    5291
    5231
    5297
    5200
    5249
    5248
    5366
    5355
    5242
    5195
    5131
    5215
    5311
    5346
    5505
    5253
    5273
    5126
    5281
    5159
    5083
    5167
    4991
    5173
    5224
    5116
    5125
    5180
    5029
    5163
    5016
    4876
    5104
    5356
    5125
    5274
    4942
    5000
    4980
    4963
    4956
    4886
    4888
    4792
    5027
    4893
    4777
    4719
    4761
    4832
    4788
    4806
    4955
    5232
    5315
    5112
    4747
    4349
    4451
    4410
    4245
    4296
    4282
    4233
    4172
    4141
    4231
    4604
    6420
    7245
    5821
    4229
    3856
    3857
    3823
    3826
    3904
    3859
    3665
    3525
    3628
    3567
    3586
    3550
    3496
    3480
    3423
    3587
    3380
    3440
    3566
    3401
    3371
    3304
    3239
    3397
    3298
    3311
    3332
    3290
    3264
    3255
    3259
    3502
    4027
    4212
    3607
    3177
    3054
    3115
    3121
    3112
    3017
    3175
    3050
    3200
    3116
    3125
    3026
    3002
    3039
    2999
    3180
    3155
    3076
    3008
    2897
    2822
    2981
    2989
    3028
    2832
    2814
    2824
    2968
    3655
    3796
    3093
    2827
    2687
    2783
    2688
    2662
    2788
    2713
    2637
    2814
    2796
    2584
    2630
    2747
    2880
    2871
    2712
    2705
    2567
    2694
    2529
    2577
    2550
    2665
    2640
    2595
    2390
    2443
    2369
    2413
    2326
    2298
    2308
    2484
    2766
    3074
    2708
    2506
    2312
    2399
    2305
    2324
    2275
    2243
    2263
    2289
    2317
    2495
    3094
    3215
    2659
    2260
    2250
    2291
    2236
    2189
    2142
    2157
    2194
    2341
    2405
    2335
    2174
    2159
    1980
    1948
    2015
    2028
    1969
    2007
    2045
    2013
    2022
    2029
    1998
    1996
    2081
    2224
    2191
    2040
    1952
    1903
    2006
    2045
    2112
    2356
    2229
    1954
    1914
    1933
    1895
    1893
    1938
    1909
    1806
    1909
    1886
    1880
    1834
    1861
    1915
    1882
    2148
    2927
    3996
    3493
    2312
    1885
    1709
    1730
    1800
    1843
    1848
    1854
    1866
    1845
    1778
    1740
    1720
    1714
    1695
    1666
    1705
    1700
    1717
    1924
    2274
    2772
    2742
    2305
    1825
    1750
    1856
    1988
    1896
    1771
    1624
    1590
    1603
    1660
    1683
    1646
    1586
    1686
    1767
    2129
    2173
    1791
    1652
    1604
    1557
    1589
    1571
    1591
    1567
    1584
    1564
    1610
    1596
    1641
    1601
    1664
    1612
    1535
    1667
    1603
    2083
    3436
    4861
    4104
    2503
    1711
    1572
    1592
    1556
    1510
    1489
    1542
    1578
    1557
    1547
    1497
    1512
    1532
    1482
    1593
    1571
    1686
    2071
    3029
    3766
    4852
   10593
   20901
   21529
   10248
    3255
    1938
    1955
    2315
    2736
    2406
    1800
    1582
    1704
    2014
    2390
    2166
    1705
    1707
    1575
    1553
    1707
    1781
    1648
    1515
    1461
    1371
    1325
    1384
    1413
    1429
    1306
    1358
    1403
    1435
    1390
    1397
    1566
    1793
    1798
    1872
    1770
    1639
    1475
    1392
    1481
    1555
    1485
    1388
    1432
    1518
    1512
    1526
    1516
    1543
    1559
    1677
    1761
    1878
    1961
    2004
    2167
    2717
    3812
    5605
    9200
   16670
   29698
   47476
   60034
   60526
   52188
   39072
   25007
   14854
    8122
    4982
    3359
    2447
    2183
    2108
    2069
    2767
    5114
    7339
    5807
    2824
    1458
    1315
    1277
    1182
    1175
    1174
    1258
    1670
    2481
    2454
    1709
    1209
    1056
    1035
    1062
    1126
    1131
    1122
    1088
    1056
    1007
     993
     995
     954
     980
     925
     973
     959
     975
     959
     961
    1014
    1026
     951
     951
     931
     908
     934
     854
     869
    1050
    1326
    1830
    2350
    2259
    1529
     981
     873
     855
     838
     901
     937
    1094
    1161
    1157
    1046
     985
     832
     827
     802
     807
     845
     828
     895
     859
     852
     911
     840
     875
     827
     878
     860
     930
     978
     931
    1014
     932
     868
     816
     847
    1030
    1070
    1064
     865
     808
     885
     914
     981
     908
     920
    1118
    1446
    1487
    1329
    1453
    1867
    1760
    1224
     968
     790
     880
     912
    1002
    1355
    2454
    4253
    4441
    2635
    1277
     879
     801
     848
     909
    1166
    1896
    2550
    2227
    1371
     917
     792
     790
     844
     914
    1042
     975
     782
     820
     781
     752
     861
    1004
     881
     839
     741
     754
     770
     799
     755
     714
     721
     686
     693
     776
     826
     791
     798
     724
     718
     732
     722
     762
     843
    1062
    1175
    1066
     944
     851
     744
     779
     663
     650
     668
     687
     727
     693
     736
     773
     874
    1083
    1685
    2520
    2559
    2294
    3773
    6498
    7039
    4207
    1710
     864
     703
     710
     716
     771
    1066
    1468
    1635
    1261
     797
     692
     670
     705
     742
     763
     700
     801
    1224
    1930
    2376
    1928
    1205
     769
     684
     780
    1157
    1414
    1337
     975
     707
     657
     586
     607
     609
     577
     586
     541
     567
     575
     576
     628
     606
     644
     684
     716
     672
     772
    1114
    1623
    1603
    1075
     739
     617
     560
     561
     547
     523
     556
     547
     608
     627
     601
     625
     556
     507
     566
     515
     569
     563
     534
     618
     885
    1168
    1137
     856
     610
     525
     505
     463
     494
     492
     452
     489
     499
     515
     506
     534
     533
     539
     540
     641
     632
     594
     494
     495
     566
     536
     515
     478
     507
     488
     465
     511
     469
     484
     503
     572
     558
     658
     748
     755
     713
     738
     949
    1271
    1418
    1033
     697
     593
     562
     551
     552
     517
     498
     558
     500
     523
     505
     471
     461
     425
     452
     468
     462
     457
     484
     542
     567
     641
     614
     625
     611
     502
     477
     469
     463
     470
     442
     506
     475
     556
     645
     659
     620
     531
     449
     456
     440
     482
     522
     845
    1516
    1768
    1410
     801
     508
     475
     445
     457
     442
     428
     439
     410
     403
     445
     445
     501
     481
     479
     475
     391
     450
     478
     456
     447
     403
     406
     417
     440
     411
     376
     349
     390
     380
     383
     390
     417
     476
     489
     464
     406
     388
     420
     398
     436
     476
     517
     468
     413
     414
     454
     345
     403
     363
     345
     336
     363
     401
     460
     475
     417
     474
     442
     400
     370
     386
     360
     374
     344
     344
     336
     324
     354
     391
     352
     340
     355
     333
     365
     357
     389
     364
     344
     337
     359
     374
     324
     366
     356
     339
     323
     348
     322
     380
     361
     387
     376
     361
     335
     364
     348
     363
     358
     391
     397
     406
     385
     374
     376
     358
     334
     318
     359
     335
     326
     294
     306
     346
     358
     339
     344
     322
     371
     396
     405
     356
     402
     373
     353
     351
     426
     397
     440
     362
     364
     362
     326
     344
     339
     297
     343
     373
     333
     325
     320
     288
     305
     312
     334
     287
     336
     333
     359
     374
     396
     319
     341
     335
     306
     297
     312
     298
     345
     313
     314
     309
     304
     314
     345
     340
     382
     388
     355
     334
     309
     333
     327
     371
     399
     409
     393
     366
     355
     342
     373
     374
     421
     592
    1170
    2204
    3570
    4324
    3985
    2757
    1435
     590
     390
     314
     312
     302
     317
     288
     282
     300
     301
     316
     286
     294
     301
     272
     248
     260
     274
     276
     272
     273
     231
     263
     283
     334
     285
     264
     324
     274
     283
     293
     303
     317
     287
     295
     291
     275
     294
     307
     306
     284
     307
     276
     255
     257
     273
     277
     328
     366
     328
     369
     341
     326
     270
     268
     270
     247
     269
     338
     380
     353
     291
     266
     270
     295
     318
     433
     485
     432
     352
     291
     260
     294
     254
     276
     230
     254
     273
     268
     254
     304
     314
     441
     741
    1227
    1555
    1320
     874
     488
     347
     325
     250
     252
     249
     266
     247
     306
     353
     354
     323
     254
     294
     254
     268
     258
     278
     272
     274
     260
     285
     348
     326
     303
     303
     259
     282
     301
     344
     399
     508
     580
     576
     375
     303
     205
     254
     256
     256
     244
     208
     269
     242
     248
     249
     256
     263
     215
     249
     248
     260
     250
     257
     291
     311
     458
     482
     439
     320
     294
     293
     293
     349
     367
     393
     346
     277
     244
     212
     216
     233
     257
     313
     324
     320
     299
     281
     265
     272
     388
     549
     829
     881
     704
     436
     278
     283
     305
     310
     295
     290
     270
     259
     299
     262
     274
     228
     254
     297
     275
     278
     256
     247
     222
     237
     220
     191
     211
     212
     217
     194
     201
     224
     270
     234
     261
     253
     224
     210
     206
     213
     233
     193
     229
     217
     242
     223
     232
     207
     206
     175
     179
     196
     201
     184
     200
     226
     284
     284
     268
     263
     248
     223
     243
     215
     214
     195
     213
     256
     380
     536
     598
     490
     287
     248
     210
     208
     225
     208
     228
     236
     253
     269
     273
     232
     215
     219
     204
     222
     247
     230
     219
     219
     185
     171
     165
     201
     195
     205
     210
     213
     233
     224
     208
     209
     209
     207
     196
     204
     250
     203
     222
     210
     171
     197
     177
     195
     199
     181
     197
     221
     243
     248
     216
     208
     216
     220
     212
     188
     229
     198
     208
     188
     199
     190
     213
     196
     180
     192
     185
     186
     201
     210
     190
     237
     291
     306
     294
     242
     237
     182
     204
     191
     188
     179
     184
     172
     179
     229
     352
     399
     437
     365
     269
     214
     193
     181
     211
     168
     205
     179
     174
     180
     184
     184
     182
     195
     187
     189
     175
     175
     213
     234
     213
     218
     233
     206
     208
     260
     215
     210
     222
     194
     207
     191
     207
     200
     193
     214
     210
     209
     235
     282
     363
     398
     308
     231
     201
     193
     182
     195
     164
     191
     182
     225
     179
     202
     190
     175
     173
     194
     186
     180
     200
     224
     290
     333
     370
     307
     227
     214
     173
     181
     196
     236
     232
     307
     414
     572
     686
     629
     438
     296
     184
     191
     190
     192
     167
     179
     178
     155
     182
     196
     201
     205
     206
     171
     154
     161
     175
     183
     145
     155
     164
     145
     196
     184
     212
     227
     198
     178
     174
     155
     150
     163
     166
     200
     179
     190
     189
     177
     166
     159
     154
     179
     172
     193
     158
     191
     190
     224
     254
     261
     219
     185
     188
     192
     190
     171
     175
     193
     200
     232
     228
     234
     213
     153
     166
     134
     170
     134
     173
     163
     162
     151
     165
     185
     183
     166
     168
     211
     210
     264
     275
     233
     183
     156
     142
     151
     130
     153
     167
     165
     170
     167
     171
     171
     169
     170
     152
     153
     150
     159
     142
     154
     178
     198
     207
     211
     236
     207
     235
     224
     190
     182
     155
     179
     154
     154
     131
     123
     142
     142
     165
     150
     144
     118
     125
     121
     165
     162
     137
     138
     129
     159
     132
     122
     145
     164
     156
     174
     184
     201
     183
     179
     172
     164
     154
     149
     148
     131
     158
     139
     144
     149
     136
     148
     133
     133
     138
     140
     157
     134
     148
     165
     178
     187
     148
     134
     156
     155
     155
     142
     172
     148
     173
     147
     149
     158
     163
     168
     173
     165
     164
     144
     144
     172
     149
     174
     187
     191
     159
     157
     149
     159
     131
     149
     130
     162
     187
     186
     268
     311
     290
     224
     208
     172
     152
     146
     122
     117
     146
     145
     151
     165
     135
     156
     188
     189
     232
     170
     167
     142
     132
     136
     121
     124
     132
     132
     158
     112
     151
     126
     133
     129
     141
     118
     146
     163
     148
     108
     147
     139
     125
     113
     140
     143
     121
     124
     107
     156
     114
     132
     132
     123
     145
     132
     132
     113
     139
     141
     148
     121
     125
     155
     108
     117
     108
     127
     116
     123
     109
     139
     127
     167
     173
     204
     203
     206
     217
     172
     130
     137
     125
     122
     137
     114
     141
     149
     128
     119
     149
     128
     127
     128
     113
     125
     124
     141
     128
     127
     112
     127
     128
     144
     139
     122
     122
     112
     148
     111
     129
     117
     123
     118
     144
     158
     221
     226
     214
     179
     197
     160
     174
     187
     194
     202
     201
     180
     165
     199
     160
     149
     123
     127
     122
     131
     110
     117
     113
      99
     110
     102
     116
     121
     119
     119
     109
      91
     120
     113
      94
     138
     125
     134
     121
     154
     136
     138
     146
     151
     190
     216
     229
     224
     172
     188
     157
     166
     141
     132
     139
     103
     113
     110
     110
     114
     135
     134
     151
     130
     137
     158
     198
     250
     330
     334
     357
     306
     236
     157
     150
     137
     116
     148
     143
     140
     154
     184
     197
     163
     149
     160
     116
     132
     122
     137
     151
     129
     144
     172
     182
     201
     172
     167
     170
     225
     273
     329
     355
     332
     229
     125
     123
     132
     107
     103
     106
     124
     130
     165
     158
     179
     197
     204
     162
     147
     142
     121
     138
     131
     147
     198
     198
     269
     260
     250
     232
     170
     139
     116
     129
     124
     135
     135
     116
     137
     134
     111
     126
     143
     180
     145
     132
     131
     100
      99
     129
     121
     111
     135
     137
     126
     112
     124
      99
      99
     125
     121
     128
     127
     120
     117
     128
     166
     198
     214
     208
     171
     149
     130
     101
      98
     124
     117
     136
     141
     127
     120
     126
     141
     141
     126
     146
     118
     138
     133
     133
     147
     150
     154
     138
     121
     108
     120
     152
     147
     149
     163
     127
     146
     133
     160
     149
     130
     135
     125
      97
     126
     104
     124
     121
     161
     163
     243
     176
     203
     182
     162
     130
     116
     126
     130
     128
     122
     147
     135
     134
     140
     126
     156
     139
     132
     117
     115
     120
     140
     115
     139
     134
     133
     140
     147
     143
     127
     121
     122
     105
     116
     122
     106
     150
     133
     146
     170
     154
     155
     116
     127
      95
     101
     109
     106
     119
     116
     116
     137
     142
     117
     143
     113
     128
     145
     220
     224
     191
     177
     138
     107
      87
     119
      96
      82
      87
      99
     117
     136
     148
     126
     134
     102
     109
      97
     105
     110
     106
     109
     104
     107
     108
     120
      99
     109
     104
      98
      85
     110
      93
     110
     126
      98
     100
     113
      97
      86
     104
     115
     116
     132
     117
     118
      96
     108
     102
      75
      97
     108
     108
     132
     129
     113
     115
     123
     101
     120
      93
     111
     100
     105
      78
     112
     115
      93
     100
     104
      91
      97
      93
      86
      98
      89
      86
      96
      84
     104
      75
      80
      82
      92
     106
      86
      85
     100
      78
     131
     119
      96
     108
     102
      89
      91
      91
      80
      87
      91
      78
     100
      98
      86
      77
      95
     110
     101
      80
      96
      93
      93
      86
      82
      99
      91
      88
     117
     105
     134
     120
     120
     119
      76
     101
      94
      98
      98
      85
     111
      90
      83
      85
      92
      97
     100
      85
      90
      89
      87
      83
      94
      85
      81
      93
     102
      76
     136
     140
     181
     124
     117
      94
      76
      91
      92
      96
      79
      77
      75
      66
      87
      87
      71
      91
      69
     100
      72
      78
      83
      78
      82
      88
      96
     102
     129
     150
     234
     269
     268
     215
     146
     117
      93
      99
     119
      91
      88
      84
      68
      78
      61
      77
      82
      72
      80
      74
      79
      64
      70
      70
      86
      73
      61
      67
      86
      64
      59
      66
      78
      82
      77
      76
      78
      81
      74
      91
      71
      61
      74
      74
      74
      76
      85
      75
      60
      84
      81
      83
      78
      83
      88
      82
      90
      78
      86
      89
      73
      69
      75
      74
      92
      67
      67
      58
      53
      79
      54
      56
      53
      77
      75
      84
      72
      62
      81
      71
      63
      69
      63
      66
      78
      61
      70
      73
      64
      75
      79
      89
      84
      87
      87
      69
      75
      71
      72
      84
      73
      74
      68
      56
      77
      77
      58
      94
     102
     129
     180
     187
     170
     160
     108
      83
      71
      69
      61
      91
      57
      70
      73
      64
      67
      67
      63
      82
      69
      68
      58
      66
      48
      53
      65
      43
      69
      63
      57
      65
      50
      55
      78
      65
      50
      72
      73
      49
      55
      55
      58
      58
      54
      59
      58
      59
      80
      67
      78
      61
      67
      68
      57
      61
      54
      66
      53
      54
      55
      43
      64
      57
      55
      71
      50
      98
     130
     146
     141
     125
      92
     103
      75
      56
      55
      71
      65
      53
      70
      63
      76
      80
      95
      67
      70
      61
      60
      65
      60
      46
      53
      68
      53
      59
      63
      59
      54
      54
      53
      58
      58
      69
      61
      68
      78
      77
      51
      51
      65
      46
      66
      65
      64
      58
      62
      73
      53
      54
      64
      68
      82
      83
     119
     136
     196
     271
     371
     375
     331
     214
     131
     117
     113
     150
     160
     284
     397
     515
     552
     468
     337
     219
     101
      65
      70
      68
      65
      64
      65
      70
      84
      63
      53
      56
      71
      53
      45
      64
      57
      52
      43
      54
      76
      54
      40
      48
      45
      43
      47
      52
      65
      62
      59
      60
      73
      62
      83
      79
      99
     107
     118
      78
      60
      60
      70
      66
     106
     125
     157
     208
     294
     268
     188
     124
      76
      58
      59
      51
      54
      53
      53
      54
      49
      66
      78
      55
      65
      60
      53
      55
      43
      48
      43
      50
      49
      60
      41
      53
      46
      48
      56
      64
      57
      47
      45
      50
      69
      47
      42
      52
      43
      53
      39
      41
      59
      42
      44
      48
      48
      48
      36
      50
      40
      38
      52
      61
      63
      71
      59
      74
      44
      68
      76
      92
      73
      53
      53
      52
      59
      43
      41
      60
      39
      52
      45
      50
      60
      30
      38
      53
      41
      50
      43
      42
      41
      49
      32
      43
      39
      47
      47
      51
      61
      60
      64
      70
      72
      46
      50
      38
      46
      34
      44
      43
      45
      43
      46
      50
      43
      50
      52
      65
      82
     109
     155
     236
     235
     225
     196
     156
      74
      61
      54
      48
      43
      38
      45
      52
      51
      55
      70
      75
      62
      60
      67
      67
      94
     130
     208
     204
     193
     173
     106
      68
      49
      46
      38
      32
      39
      52
      48
      57
      44
      48
      52
      64
      55
      57
      53
      36
      35
      52
      58
      50
      55
      58
      39
      57
      44
      40
      41
      48
      44
      46
      41
      40
      40
      33
      29
      24
      41
      44
      42
      49
      40
      48
      58
      60
      45
      48
      40
      47
      38
      48
      52
      41
      43
      34
      36
      25
      38
      35
      24
      39
      26
      22
      23
      38
      39
      32
      34
      30
      40
      34
      32
      36
      33
      54
      53
      65
      82
      56
      76
      49
      55
      41
      55
      53
      44
      54
      44
      32
      31
      36
      41
      32
      35
      36
      47
      41
      40
      50
      59
      37
      36
      41
      35
      36
      34
      43
      49
      49
      67
      61
      64
      72
      58
      37
      42
      34
      36
      46
      43
      45
      44
      54
      41
      48
      35
      41
      48
      42
      43
      59
      75
      84
      86
      88
      85
      54
      50
      47
      28
      30
      34
      32
      27
      45
      31
      29
      21
      20
      26
      33
      29
      24
      35
      31
      41
      35
      46
      46
      49
      59
      46
      54
      35
      39
      37
      35
      34
      40
      33
      52
      41
      27
      39
      44
      34
      38
      34
      27
      37
      26
      36
      29
      23
      25
      38
      27
      32
      36
      31
      29
      35
      25
      40
      42
      30
      30
      43
      62
      58
      66
      59
      55
      36
      30
      17
      35
      28
      35
      36
      29
      27
      44
      37
      38
      41
      40
      42
      36
      25
      29
      26
      31
      23
      27
      21
      38
      37
      33
      49
      26
      27
      30
      32
      27
      36
      27
      23
      47
      46
      44
      57
      91
     124
     142
     122
     107
      76
      55
      51
      44
      40
      37
      26
      28
      41
      51
      44
      38
      42
      28
      38
      27
      23
      33
      46
      35
      39
      43
      36
      25
      25
      31
      26
      34
      32
      31
      28
      26
      27
      29
      35
      31
      29
      24
      23
      22
      21
      21
      28
      19
      25
      22
      28
      18
      19
      25
      25
      21
      18
      21
      18
      27
      20
      23
      19
      28
      21
      22
      35
      26
      27
      32
      34
      31
      30
      27
      20
      25
      36
      27
      27
      11
      24
      18
      26
      18
      24
      16
      35
      16
      28
      22
      20
      31
      28
      41
      45
      33
      72
      57
      93
     129
     124
     100
      86
      57
      46
      30
      34
      27
      27
      31
      32
      37
      27
      30
      32
      25
      22
      39
      28
      26
      27
      48
      60
      63
      69
      76
      67
      60
      34
      37
      25
      29
      28
      23
      23
      20
      36
      19
      19
      25
      20
      20
      16
      19
      23
      17
      27
      23
      16
      25
      15
      23
      20
      20
      18
      24
      24
      22
      26
      28
      20
      24
      21
      21
      24
      35
      28
      27
      18
      30
      27
      31
      21
      23
      27
      20
      22
      23
      22
      17
      25
      24
      21
      23
      22
      18
      24
      14
      20
      19
      18
      20
      22
      19
      24
      27
      21
      19
      20
      28
      25
      21
      27
      34
      29
      23
      20
      23
      25
      37
      40
      24
      23
      19
      20
      21
      19
      21
      25
      16
      27
      15
      29
      20
      16
      21
      19
      13
      19
      16
      12
      23
      16
      22
      24
      29
      31
      33
      30
      27
      22
      16
      22
      25
      19
      25
      15
      11
      14
      21
      18
      16
      29
      21
      19
      20
      19
      27
      20
      14
      25
      31
      41
      35
      62
      58
      55
      48
      39
      24
      23
      16
      20
      25
      22
      24
      31
      27
      28
      27
      15
      24
      10
      17
      17
      18
      16
      15
      17
      18
      23
      22
      26
      19
      10
      20
      13
      14
      17
      18
      27
      11
      21
      23
      19
      16
      12
      21
      18
      15
      22
      19
      23
      21
      31
      20
      28
      21
      20
      15
       7
      14
      20
      12
      30
      13
      13
      17
      11
      24
      17
      18
      29
      59
      75
      93
      91
      81
      71
      42
      33
      19
      19
      18
      18
      21
      19
      27
      15
      12
      13
      16
      12
      11
      18
      18
      23
      18
      23
      22
      31
      14
      12
      14
      11
      15
      15
      10
      20
      16
      13
      10
      28
      21
      14
      18
      25
      31
      39
      57
      55
      63
      63
      44
      28
      25
      15
      20
      20
       9
       8
      12
      13
      14
       9
      15
       8
      12
      18
      14
      13
      15
      14
      19
      20
      17
      14
      11
       6
      15
      10
      17
      12
      11
      14
      14
      15
      14
      24
      17
      26
      23
      20
      37
      27
      32
      30
      17
      13
      17
      17
      12
      17
       9
      13
      13
       5
      13
      16
       8
      17
      16
      21
      28
      32
      34
      31
      23
      13
      12
      10
       9
       8
       7
      12
       8
       9
       9
      10
      10
      11
      18
       9
      10
      13
      15
      15
       9
       8
      12
      11
      10
      11
       9
      15
      10
      13
      13
      21
      18
      14
      17
      15
      20
      21
      18
      17
      21
      28
      14
      16
      15
      10
      14
       7
       8
      10
      13
      10
       7
       8
      16
       5
      11
      12
      14
      11
       8
       7
      12
      11
       3
      12
       8
      10
      14
       9
      10
      13
       8
       8
       9
      10
       6
       9
       8
      11
       4
       7
       8
       6
      11
       7
      15
       5
      12
      11
      12
       8
       7
       6
      13
      11
      10
      12
       6
      10
       7
      12
       5
       9
      15
       8
      13
       7
       8
      10
      16
      15
      13
      11
      10
       5
      11
      12
       8
       8
       9
       6
       9
       9
       6
       5
       8
       7
       9
       7
       6
      11
       6
       8
      11
       7
      11
      10
       7
       7
       7
       9
       7
      10
      21
      21
      23
      47
      53
      70
      88
      94
      72
      60
      43
      24
       9
       6
       7
       7
       7
      10
       9
       9
       5
       7
       8
       7
      10
      11
       9
      15
      15
      13
      12
      13
      11
      12
      23
       6
       9
       4
       3
       4
       7
       8
       7
       4
       4
       7
      11
       5
      14
      18
      13
      15
      18
      19
      16
      21
      40
      50
      48
      56
      27
      30
      13
      10
      12
       9
$ROI:
0
$PRESETS:
None
0
0
$ENER_FIT:
-0.17 0.50021
$MCA_CAL:
3
-0.17000 0.50021 0.00 keV
$SHAPE_CAL:
3
-0.745400338012 7.65204008958 -26.7731741705
$META:
{'istp': ['133CEm', '133CEg', '133LA', '132CE', '132LA', '139CE', '137CEg', '137CEm', '137LA', '135CE', '135LA', '134LA', '132CS', '7BE', '133BAm', '133BAg'], 'res': 0.05, 'R': 0.2, 'unc_eff': [[0.022038742051812752, -0.23165177067312645, 0.6005679933771606], [-0.2316517706731248, 2.449183052674086, -6.383802492714265], [0.6005679933771524, -6.3838024927142225, 16.725097801251202]], 'alpha': 0.9}
