$SPEC_ID:
No sample description was entered.
$SPEC_REM:
DET# 9480
DETDESC# HPGE
AP# Maestro Version 7.01
$DATE_MEA:
10/17/2018 01:01:37
$MEAS_TIM:
900 1056
$DATA:
0 4095
     150
     176
       0
       0
       0
       0
       0
       0
       0
       0
       0
       0
       0
       0
       0
       0
       0
       0
       0
       0
       0
       0
       0
       0
       0
       0
       0
       0
       0
       0
       0
       0
       0
       0
       0
       0
       0
       0
       0
       0
       0
       0
       0
       0
       0
       0
       0
       0
       0
       0
       0
       0
       0
       0
       0
       0
       0
       0
       0
       0
       0
       0
       0
       0
       0
       0
       0
       0
       0
       0
       0
       0
       0
       0
       0
       0
       0
       0
       0
       1
      23
     201
     677
    2050
    9231
   13939
   13806
   13594
   13692
   13553
   13409
   13371
   13460
   13403
   13167
   13431
   13123
   13139
   13091
   13397
   12956
   13026
   12863
   12931
   12753
   12949
   12841
   12567
   12754
   12757
   12798
   12622
   12671
   12569
   12545
   12985
   15411
   17363
   13950
   12443
   12412
   12439
   12422
   12221
   12257
   12268
   12265
   12234
   12313
   12124
   12494
   12549
   12338
   12332
   12277
   12501
   12405
   12207
   12322
   12465
   12486
   12295
   12628
   12616
   12610
   13233
   13174
   12701
   12596
   13010
   13735
   13227
   12318
   12382
   12537
   12448
   12396
   12485
   12553
   12567
   12881
   12538
   12702
   12565
   12792
   12982
   12890
   13019
   13268
   13786
   13971
   13492
   13360
   13946
   15502
   16929
   18837
   17383
   15696
   14059
   13931
   13616
   13949
   13770
   13767
   14105
   13910
   13969
   14135
   14298
   14284
   14386
   14276
   15212
   16856
   16922
   15189
   14857
   14954
   14881
   15039
   15191
   15167
   15170
   15415
   15372
   15496
   15727
   15912
   15792
   16062
   16198
   16085
   16255
   16239
   16429
   16432
   16562
   16489
   16615
   16546
   16799
   16921
   16896
   17036
   17096
   17110
   17523
   17497
   17192
   17588
   17915
   17651
   17975
   18194
   18684
   19961
   19552
   20871
   24564
   21719
   18714
   18547
   18195
   18559
   18427
   18843
   19695
   19702
   19113
   18538
   18657
   18730
   18682
   18604
   18684
   18995
   18764
   18754
   19711
   22682
   34967
   38175
   24703
   20272
   20272
   20256
   20045
   19871
   19470
   19471
   19527
   19291
   19438
   19554
   19275
   19261
   19329
   19357
   19347
   19462
   19176
   19318
   19361
   19035
   19240
   19064
   19039
   19104
   18938
   19240
   18969
   19106
   18495
   18867
   18835
   18708
   18518
   18661
   18351
   18334
   18333
   18331
   18133
   18229
   18118
   18038
   18068
   17862
   17991
   17817
   17512
   17829
   17582
   17594
   17404
   17557
   17681
   17428
   17533
   17224
   17170
   17199
   17379
   17271
   17592
   17210
   16873
   16733
   16980
   16854
   17011
   16684
   16940
   16834
   16661
   16812
   16916
   17512
   17185
   17339
   17350
   17299
   17647
   17517
   17670
   18025
   17855
   18012
   17832
   18137
   17771
   18190
   17915
   18088
   18111
   18649
   19173
   19015
   18092
   17406
   17642
   17770
   17526
   17683
   17483
   17357
   17344
   17323
   17516
   16970
   17246
   17043
   16859
   17097
   16809
   16734
   16761
   16649
   16677
   16378
   16414
   16154
   16282
   15872
   16132
   16035
   15617
   15440
   15547
   15403
   15528
   15440
   15251
   15009
   15048
   14928
   14902
   14800
   14503
   14690
   14594
   14685
   14478
   14172
   14090
   14063
   14181
   14036
   13939
   14362
   16373
   28659
   45194
   32267
   16801
   13885
   13564
   13520
   13200
   13140
   13038
   12995
   13224
   12902
   12737
   12673
   12353
   12446
   12239
   12684
   12694
   13226
   12700
   12237
   11939
   12124
   11771
   11812
   11869
   11746
   11801
   11924
   11703
   11472
   11376
   11203
   11449
   11479
   11362
   11402
   11076
   11229
   11007
   11188
   10957
   11033
   11106
   10956
   11125
   10916
   10921
   10745
   10927
   10799
   10748
   10501
   10721
   10620
   10658
   10492
   10612
   10455
   10593
   10675
   10497
   10412
   10305
   10297
   10503
   10327
   10177
   10239
   10335
   10128
   10462
   10133
   10174
   10248
   10051
   10170
   10072
   10047
    9982
    9866
    9964
   10163
   10484
   10912
   10517
   10045
   10261
    9870
   10058
    9691
    9984
    9994
   11218
   15061
   15913
   12156
   10126
   10002
    9863
    9723
    9746
    9751
    9707
    9704
    9671
    9797
    9965
   10471
   10935
   10262
    9876
    9825
   10334
   11798
   20699
   66212
  131183
   94576
   29971
   13606
   12905
   13253
   11800
   10369
    9925
    9520
    9714
    9533
    9427
    9572
    9277
    9314
    9142
    9224
    9300
    9374
    9525
   10086
    9708
    9057
    8954
    9971
   12175
   13270
   10641
    9139
    8926
    8902
    8728
    9018
    8730
    9058
    8669
    8688
    8354
    8617
    8667
    8616
    8757
    8685
    8663
    8781
    8679
    8846
    9931
   10996
   10493
    9501
    9133
    8585
    8383
    8546
    8503
    8867
    8710
    8481
    8553
    8485
    8441
    8335
    8732
    8903
    9697
   15373
   37702
   67595
   51334
   19670
   10731
   10875
   11221
    9875
    8561
    8588
    8462
    8419
    8404
    8219
    8315
    8560
    8701
    8369
    7964
    8006
    7910
    7860
    8041
    7829
    8064
    7735
    7857
    7815
    7768
    7711
    7743
    7710
    7706
    7826
    7755
    7556
    7627
    7844
    7866
    8121
    7779
    7741
    7684
    7642
    7667
    7423
    7548
    7620
    7514
    7439
    7431
    7638
    7629
    7450
    7557
    7644
    7416
    7762
    7922
    8069
    7740
    7655
    7419
    7129
    7215
    7251
    7494
    7269
    7290
    7331
    7182
    7135
    7108
    7178
    6941
    7077
    6923
    7134
    7131
    7299
    7170
    6684
    6510
    6225
    6260
    6215
    6207
    6352
    6109
    5932
    5931
    5662
    6161
    7016
    7568
    6671
    5725
    5341
    5455
    5400
    5209
    5331
    5239
    5156
    5085
    5144
    4895
    4951
    5085
    5029
    4909
    5003
    4881
    4865
    4897
    4766
    4911
    4763
    4773
    4684
    4713
    4736
    4782
    4682
    4630
    4716
    4586
    4550
    4656
    5196
    5078
    4724
    4456
    4480
    4503
    4509
    4287
    4418
    4381
    4448
    4401
    4333
    4489
    4285
    4306
    4335
    4319
    4473
    4544
    4512
    4244
    4303
    4256
    4230
    4258
    4245
    4089
    4048
    4235
    4796
    6108
    6427
    5177
    4214
    3981
    3842
    3898
    3891
    3928
    3870
    3864
    3966
    3844
    3945
    3903
    4197
    4560
    4777
    4172
    3683
    3763
    3698
    3622
    3700
    3714
    3714
    3821
    3653
    3584
    3575
    3495
    3560
    3418
    3432
    3474
    3608
    4036
    4389
    4231
    3711
    3619
    3857
    3619
    3375
    3293
    3147
    3160
    3145
    3191
    3382
    3665
    3816
    3498
    3280
    3125
    3200
    3146
    3069
    3092
    3154
    3115
    3271
    3370
    3211
    3081
    2958
    2972
    2959
    2980
    3006
    2883
    3012
    2926
    2957
    2902
    2881
    2915
    2942
    2905
    3008
    3011
    2847
    2878
    2763
    2761
    2722
    2988
    3045
    2921
    2892
    2752
    2768
    2744
    2681
    2805
    2618
    2679
    2651
    2643
    2653
    2676
    2618
    2489
    2677
    2719
    3193
    3813
    3615
    2942
    2570
    2632
    2552
    2564
    2565
    2646
    2587
    2514
    2517
    2591
    2410
    2387
    2393
    2492
    2352
    2518
    2552
    2435
    2522
    2702
    3061
    3044
    2710
    2535
    2448
    2768
    3060
    2957
    2530
    2263
    2437
    2322
    2337
    2268
    2368
    2433
    2314
    2433
    2652
    2475
    2397
    2295
    2231
    2315
    2201
    2229
    2182
    2206
    2262
    2317
    2374
    2354
    2385
    2311
    2291
    2177
    2119
    2124
    2177
    2218
    2346
    2624
    2646
    2409
    2177
    2216
    2125
    2215
    2121
    2185
    2116
    2204
    2151
    2226
    2122
    2085
    2079
    2127
    2155
    2195
    2268
    2420
    3021
    3311
    4147
    7538
   13553
   13764
    7703
    3507
    2579
    2817
    3803
    4786
    4132
    2932
    2452
    2588
    3723
    4643
    3944
    2943
    2458
    2360
    2342
    2589
    2974
    2758
    2325
    2116
    2150
    2057
    2014
    2093
    2033
    2090
    2077
    1972
    2100
    1975
    2124
    2199
    2374
    2469
    2765
    2756
    2561
    2298
    2129
    2248
    2194
    2274
    2138
    2125
    2153
    2244
    2321
    2288
    2215
    2413
    2428
    2602
    2806
    2898
    3166
    3710
    4598
    6254
    9837
   16402
   29588
   50813
   78615
  100076
  106485
   95745
   73938
   48570
   28465
   16377
   10139
    6735
    5006
    3993
    3705
    4019
    6378
   12840
   18995
   15245
    7130
    3300
    2584
    2331
    2152
    2220
    2126
    2086
    2315
    2725
    2771
    2298
    2008
    1888
    1726
    1780
    1879
    1802
    1846
    1860
    1737
    1610
    1634
    1710
    1647
    1587
    1563
    1631
    1573
    1549
    1598
    1577
    1572
    1530
    1570
    1505
    1372
    1494
    1424
    1559
    1524
    1432
    1627
    1874
    2233
    2204
    1810
    1540
    1470
    1387
    1399
    1429
    1585
    1930
    2088
    1972
    1618
    1461
    1343
    1447
    1330
    1327
    1280
    1326
    1331
    1359
    1276
    1304
    1306
    1322
    1314
    1295
    1354
    1292
    1393
    1359
    1355
    1374
    1318
    1359
    1274
    1346
    1469
    1452
    1347
    1329
    1323
    1524
    1607
    1609
    1494
    1542
    1687
    1717
    1688
    1910
    2098
    1834
    1555
    1338
    1311
    1310
    1420
    1751
    2723
    5805
   10565
   11477
    6795
    2792
    1762
    1542
    1493
    1497
    2370
    4324
    6287
    5673
    3081
    1660
    1408
    1262
    1345
    1308
    1353
    1337
    1187
    1251
    1222
    1167
    1216
    1230
    1309
    1227
    1230
    1165
    1222
    1271
    1326
    1204
    1141
    1153
    1111
    1150
    1170
    1150
    1193
    1200
    1159
    1145
    1118
    1121
    1164
    1324
    1379
    1350
    1262
    1170
    1083
    1089
    1062
    1054
    1078
    1061
    1073
    1064
    1144
    1191
    1497
    2170
    3990
    6226
    6350
    5760
    9628
   17017
   18460
   10603
    4043
    1789
    1399
    1310
    1283
    1310
    1361
    1547
    1685
    1396
    1162
    1092
    1086
    1047
    1037
    1051
    1041
    1104
    1392
    1746
    2059
    1808
    1390
    1111
    1036
    1130
    1399
    1802
    1722
    1382
    1030
     982
     934
     884
     859
    1003
     952
     904
     924
     919
     875
     934
     937
     916
     952
     906
    1016
    1041
    1228
    1532
    1521
    1242
    1036
     902
     924
     907
     842
     845
     748
     860
     841
     887
     871
     845
     837
     786
     841
     835
     816
     808
     823
     907
    1029
    1184
    1132
     967
     815
     788
     761
     850
     731
     776
     775
     732
     768
     770
     774
     799
     752
     778
     782
     856
     775
     775
     768
     738
     803
     741
     741
     706
     685
     735
     740
     739
     757
     693
     791
     722
     729
     737
     782
     790
     903
    1147
    1781
    2880
    3259
    2454
    1383
     990
     923
     810
     794
     726
     711
     726
     747
     690
     781
     662
     708
     671
     662
     681
     680
     634
     702
     766
     771
     762
     861
     793
     667
     652
     682
     739
     671
     658
     672
     703
     711
     810
    1027
     980
     891
     740
     666
     677
     667
     686
     712
     904
    1201
    1416
    1264
     833
     655
     628
     636
     597
     601
     627
     585
     538
     569
     575
     602
     635
     627
     606
     563
     594
     569
     665
     613
     600
     577
     591
     550
     550
     574
     564
     549
     556
     537
     546
     534
     553
     579
     632
     560
     544
     538
     536
     505
     549
     612
     619
     560
     559
     532
     511
     506
     499
     474
     492
     513
     517
     559
     568
     683
     778
     794
     664
     551
     537
     520
     505
     458
     444
     485
     461
     472
     485
     475
     450
     444
     479
     484
     495
     526
     529
     552
     478
     446
     416
     514
     447
     473
     454
     449
     408
     440
     473
     460
     454
     470
     486
     471
     458
     466
     466
     464
     469
     482
     479
     519
     434
     448
     449
     454
     454
     475
     465
     418
     405
     436
     423
     429
     463
     443
     401
     440
     447
     444
     481
     508
     507
     501
     468
     470
     476
     478
     486
     432
     442
     457
     399
     405
     428
     417
     426
     418
     401
     431
     382
     405
     441
     412
     386
     452
     371
     413
     435
     448
     418
     424
     407
     416
     418
     390
     399
     404
     407
     460
     416
     435
     449
     441
     528
     537
     630
     687
     570
     511
     438
     461
     441
     494
     585
     648
     549
     527
     437
     437
     490
     539
     690
    1095
    2397
    4926
    7436
    7570
    5084
    2759
    1387
     708
     507
     486
     417
     434
     421
     441
     379
     415
     381
     400
     368
     367
     402
     396
     365
     363
     367
     329
     364
     343
     357
     347
     324
     330
     342
     405
     332
     358
     372
     345
     390
     406
     317
     344
     353
     332
     335
     371
     379
     404
     334
     332
     318
     333
     319
     354
     382
     389
     385
     388
     374
     357
     337
     316
     346
     318
     359
     460
     516
     549
     460
     366
     330
     316
     394
     422
     467
     435
     354
     326
     322
     313
     306
     299
     312
     351
     377
     372
     391
     444
     497
     852
    1750
    2840
    3511
    2778
    1452
     680
     441
     412
     348
     360
     329
     329
     337
     378
     427
     465
     452
     357
     302
     336
     318
     318
     293
     290
     311
     300
     308
     360
     351
     353
     322
     355
     312
     368
     419
     444
     485
     534
     462
     394
     352
     300
     307
     268
     289
     289
     294
     279
     294
     252
     265
     270
     272
     266
     294
     286
     317
     286
     272
     279
     362
     410
     417
     408
     358
     307
     301
     289
     324
     358
     368
     326
     296
     261
     227
     283
     258
     305
     311
     342
     345
     383
     324
     338
     401
     628
    1152
    1823
    2066
    1559
     839
     514
     341
     371
     422
     416
     355
     326
     305
     295
     290
     301
     284
     307
     285
     248
     278
     234
     259
     254
     251
     231
     249
     249
     252
     234
     259
     279
     238
     277
     269
     246
     261
     258
     240
     220
     251
     263
     255
     261
     241
     243
     233
     237
     249
     272
     233
     225
     194
     228
     220
     238
     231
     210
     217
     257
     226
     286
     256
     256
     254
     262
     251
     289
     410
     599
    1010
    1096
     899
     542
     311
     241
     267
     205
     249
     229
     230
     257
     255
     264
     237
     243
     261
     219
     218
     266
     251
     239
     216
     237
     218
     225
     218
     244
     238
     237
     260
     221
     250
     245
     220
     209
     217
     241
     235
     247
     248
     240
     239
     222
     200
     199
     210
     211
     222
     247
     226
     232
     235
     241
     232
     213
     245
     244
     235
     235
     225
     186
     203
     187
     225
     218
     232
     201
     205
     205
     222
     193
     205
     214
     202
     262
     260
     274
     224
     220
     187
     212
     227
     176
     214
     210
     219
     230
     233
     270
     338
     349
     303
     261
     252
     192
     190
     197
     191
     214
     208
     220
     178
     201
     197
     186
     193
     204
     182
     190
     197
     203
     227
     232
     207
     228
     230
     254
     335
     351
     313
     242
     252
     194
     199
     209
     193
     201
     217
     213
     224
     207
     243
     299
     308
     279
     214
     193
     198
     192
     178
     178
     189
     206
     196
     214
     201
     167
     213
     192
     179
     188
     201
     195
     213
     259
     291
     321
     288
     249
     199
     197
     184
     204
     198
     225
     269
     308
     400
     511
     492
     343
     248
     211
     198
     192
     179
     192
     199
     181
     161
     182
     191
     180
     180
     187
     177
     167
     163
     181
     190
     170
     174
     165
     164
     203
     194
     202
     197
     191
     194
     162
     152
     178
     182
     164
     172
     186
     184
     175
     155
     165
     191
     170
     170
     187
     170
     192
     166
     200
     218
     251
     210
     199
     199
     179
     168
     206
     203
     188
     188
     193
     217
     220
     221
     180
     144
     154
     161
     148
     140
     135
     152
     143
     148
     136
     134
     137
     133
     158
     152
     153
     154
     159
     152
     157
     134
     138
     145
     136
     134
     125
     167
     165
     152
     169
     160
     175
     135
     123
     136
     144
     146
     148
     141
     148
     172
     176
     166
     174
     174
     132
     183
     152
     154
     173
     161
     150
     117
     169
     150
     139
     136
     170
     156
     143
     154
     135
     123
     151
     108
     144
     143
     140
     137
     125
     126
     114
     151
     137
     150
     151
     187
     145
     158
     123
     132
     137
     148
     127
     142
     129
     126
     124
     138
     129
     127
     123
     156
     134
     139
     126
     124
     134
     163
     152
     135
     139
     125
     115
     152
     143
     152
     136
     137
     118
     118
     120
     107
     150
     152
     144
     151
     170
     152
     107
     150
     145
     149
     145
     157
     148
     139
     116
     124
     132
     119
     132
     134
     144
     185
     173
     217
     245
     177
     160
     162
     138
     136
     111
     109
     131
     103
     122
     122
     126
     141
     157
     159
     169
     167
     162
     139
     139
     112
     118
     124
     109
     113
     122
     123
     116
     129
     117
     123
     121
     109
      94
     141
     115
     122
     105
     117
      95
     110
     123
     132
     113
     122
     104
     110
     102
     112
     128
     112
     124
     121
     115
      99
     120
     101
     126
     152
     111
     111
     108
     103
     110
      99
     117
     132
      92
     117
     125
     119
     143
     158
     171
     159
     153
     124
     132
     114
     104
     114
      96
     111
     113
     102
     119
      99
     131
     107
     125
     124
      95
     105
     128
     136
     138
     129
     110
     116
     105
     103
     107
     126
      94
     124
     107
     109
     106
     102
     110
     139
     143
     196
     306
     326
     324
     255
     192
     178
     134
     160
     131
     142
     153
     152
     159
     134
     131
     128
     111
      91
      98
      93
      90
     104
     107
     101
     100
     105
      88
      94
     104
     105
     110
      97
     114
     123
     127
     104
     119
     129
     123
     112
     116
     131
     127
     165
     183
     222
     200
     224
     159
     162
     178
     183
     151
     142
     113
      94
     125
     114
     102
     118
     112
     135
     122
     146
     116
     149
     185
     238
     352
     470
     526
     462
     348
     234
     157
     128
     134
     114
     102
     104
     139
     143
     138
     145
     122
     121
      97
     116
     112
     112
      94
     116
     142
     137
     138
     136
     141
     143
     139
     164
     160
     259
     244
     216
     160
     125
     100
      99
     101
     112
      94
     105
     114
     114
     123
     134
     154
     155
     127
     113
      99
     106
     122
     119
     165
     173
     157
     207
     185
     209
     195
     180
     124
     121
     105
     114
      89
     123
     109
      93
     123
     101
     117
     117
     123
     117
     112
      98
      94
      73
     102
     102
      96
      99
     110
     106
      91
      93
      86
     100
     117
     111
     107
      90
     102
      99
     126
     152
     150
     171
     141
     125
     113
      94
     101
      94
      96
     119
     118
     128
     115
      92
     110
     118
     102
     101
      86
     107
      99
     107
     125
     110
     107
     138
     112
     119
     105
     103
     102
      93
     105
     124
     110
     112
     121
     122
     127
     101
     129
     101
     114
      88
      93
      90
      97
      93
     121
     147
     158
     175
     133
     127
     101
     119
      97
     106
     102
     104
     100
      79
      98
     104
     109
     119
     111
     134
     107
     100
      85
      93
      87
      90
     105
     114
     108
     111
     102
      88
      92
      98
      93
      83
      93
     111
     103
     133
     114
     142
     143
     111
     103
      97
      95
      81
      89
     108
      91
      99
     124
     102
      92
      89
      98
     112
     106
     124
     142
     135
     161
     140
     109
      92
      95
      83
      87
      96
     104
     105
     104
     111
     120
     104
      81
      89
     102
      82
      74
     105
      89
      97
     101
     119
     110
     100
      86
     105
      82
      93
      82
      93
      72
      97
     106
      91
      77
     102
      73
      81
      92
      86
      80
      93
      96
     108
      88
      76
      85
      77
      82
     102
      93
      89
      87
     106
      87
      88
     101
     105
      77
     101
      80
      89
      78
     103
      92
     101
      77
      64
      72
      82
      81
      77
      90
      81
      95
      78
      80
      71
      84
      75
      82
      69
      84
      72
      79
      60
      72
      95
     111
     104
      99
      88
      71
      91
      95
      79
      66
      57
      80
      67
      80
      76
      78
      72
      87
      66
      77
      69
      76
      78
      89
      77
      71
      83
      76
      80
      89
      85
      92
      93
      84
      66
      83
      83
      69
      66
      68
      69
      76
      68
      69
      64
      81
      75
      59
      56
      77
      85
      74
      65
      89
      83
      76
      78
     100
     110
     106
     113
     106
      97
      82
      72
      75
      73
      61
      68
      77
      88
      69
      75
      61
      57
      73
      66
      75
      74
      70
      64
      67
      70
      84
      85
      74
     103
     122
     137
     172
     167
     140
      93
      91
      86
      81
      71
      82
      78
      68
      66
      70
      63
      68
      67
      52
      66
      67
      71
      58
      60
      63
      59
      70
      58
      58
      64
      63
      52
      81
      58
      61
      57
      69
      54
      55
      70
      66
      57
      80
      70
      59
      51
      56
      61
      74
      56
      48
      56
      66
      41
      73
      62
      73
      64
      73
      74
      51
      65
      58
      50
      56
      64
      49
      67
      64
      61
      61
      66
      46
      44
      45
      46
      61
      61
      60
      55
      46
      53
      51
      53
      65
      51
      70
      57
      84
      50
      50
      60
      61
      72
      59
      62
      82
      71
      80
      74
      68
      73
      62
      73
      65
      52
      56
      68
      58
      70
      67
     114
     120
     129
     121
      75
      65
      55
      45
      61
      42
      47
      50
      60
      68
      57
      54
      53
      79
      70
      66
      47
      44
      41
      53
      40
      51
      37
      46
      56
      52
      52
      46
      43
      51
      36
      52
      58
      44
      56
      51
      50
      47
      48
      54
      46
      57
      60
      67
      56
      55
      37
      51
      45
      47
      40
      59
      38
      49
      49
      51
      41
      51
      52
      45
      67
      54
      89
     109
      97
     117
     118
     124
     104
      80
      68
      54
      54
      49
      60
      64
      60
      67
      52
      69
      52
      50
      56
      43
      54
      42
      68
      47
      38
      43
      51
      41
      43
      45
      50
      37
      60
      49
      59
      74
      54
      71
      69
      46
      53
      36
      50
      55
      54
      58
      50
      44
      42
      41
      42
      45
      49
      69
      60
      81
     144
     161
     249
     269
     214
     153
     107
      65
      75
      88
     112
     169
     259
     324
     351
     347
     237
     130
      82
      63
      52
      61
      49
      47
      58
      42
      54
      55
      41
      53
      43
      47
      37
      45
      49
      41
      45
      44
      53
      36
      36
      41
      36
      38
      47
      46
      37
      54
      50
      51
      41
      53
      53
      45
      76
      69
      67
      68
      51
      46
      51
      45
      51
      93
     116
     166
     217
     180
     129
      83
      64
      48
      33
      37
      32
      35
      60
      48
      44
      43
      46
      43
      47
      45
      40
      41
      42
      36
      35
      46
      28
      42
      38
      33
      37
      47
      33
      32
      36
      36
      31
      34
      48
      57
      37
      32
      40
      35
      33
      43
      32
      48
      36
      37
      42
      38
      39
      37
      45
      43
      46
      72
      79
     106
     100
      84
      56
      49
      57
      54
      61
      46
      67
      42
      57
      58
      43
      34
      35
      40
      32
      36
      30
      35
      24
      29
      41
      31
      37
      44
      27
      44
      34
      31
      31
      30
      36
      44
      48
      55
      48
      66
      42
      38
      34
      34
      37
      34
      27
      37
      36
      43
      38
      39
      41
      34
      40
      47
      63
      63
      92
     142
     152
     163
     115
     116
      98
      68
      36
      43
      20
      37
      38
      31
      57
      49
      50
      65
      45
      50
      68
      66
     107
     186
     289
     342
     337
     273
     179
      94
      63
      46
      37
      29
      45
      35
      46
      36
      37
      38
      32
      46
      38
      21
      46
      35
      26
      27
      33
      53
      47
      41
      35
      29
      30
      38
      39
      35
      33
      36
      37
      29
      25
      28
      30
      22
      22
      27
      33
      31
      37
      40
      38
      47
      34
      29
      32
      33
      28
      44
      39
      29
      36
      33
      37
      22
      22
      31
      24
      26
      29
      19
      21
      29
      21
      36
      29
      23
      36
      28
      37
      30
      40
      34
      38
      47
      43
      49
      48
      42
      41
      38
      30
      31
      44
      28
      35
      31
      30
      22
      33
      29
      33
      27
      30
      29
      37
      28
      35
      26
      44
      34
      31
      29
      20
      27
      53
      34
      34
      56
      52
      53
      43
      40
      34
      18
      32
      24
      32
      26
      30
      37
      28
      32
      25
      34
      16
      36
      29
      39
      41
      76
      72
      70
      58
      29
      23
      29
      21
      19
      20
      18
      33
      16
      27
      14
      21
      29
      20
      17
      26
      15
      26
      24
      33
      16
      28
      32
      38
      30
      42
      26
      42
      20
      37
      19
      23
      33
      29
      20
      38
      28
      32
      31
      16
      31
      32
      33
      32
      19
      23
      22
      21
      20
      21
      30
      23
      27
      31
      35
      28
      23
      30
      26
      19
      23
      29
      37
      29
      26
      29
      26
      19
      26
      30
      33
      14
      15
      23
      20
      20
      21
      21
      37
      21
      25
      36
      34
      26
      25
      15
      25
      27
      18
      26
      18
      28
      24
      20
      29
      22
      18
      31
      25
      16
      16
      20
      24
      28
      32
      41
      57
      70
      85
      94
      68
      59
      46
      36
      27
      43
      32
      20
      24
      23
      37
      41
      34
      34
      29
      17
      28
      28
      26
      31
      38
      45
      43
      43
      40
      34
      25
      18
      30
      25
      21
      13
      17
      17
      18
      25
      25
      22
      12
      23
      17
      20
      19
      20
      21
      17
      25
      14
      20
      13
      13
      18
      23
      19
      18
      16
      16
      18
      19
      15
      19
      14
      16
      20
      28
      26
      18
      17
      21
      20
      17
      18
      23
      19
      18
      22
      18
      12
      13
      23
      17
      15
      11
      19
      17
      21
      20
      20
      18
      25
      28
      39
      51
      61
      59
      63
      78
      68
      77
      49
      45
      38
      31
      18
      22
      33
      22
      30
      31
      24
      15
      32
      24
      18
      25
      11
      23
      26
      24
      27
      39
      50
      50
      50
      41
      21
      25
      23
      20
      11
      27
      11
      26
      21
      13
      12
      15
      22
      21
      16
      20
      19
      15
      17
      14
      19
      13
      15
      15
      16
      17
      18
      20
      26
      15
      19
      13
      13
       8
      22
      17
      14
      19
      13
      19
      15
      22
      18
      14
      25
      13
      27
      17
       9
      17
      11
      14
      16
      13
      16
      12
      18
      16
      13
      15
      17
      25
      13
      12
      19
      21
      12
      10
      21
      20
      15
      13
      15
      20
      15
      17
      12
      12
      15
      18
      22
      10
      21
      25
      12
      13
      22
      21
      12
      17
      22
      10
      11
      12
      16
      17
      22
      17
      22
      13
      11
      13
      12
      11
      20
      19
      22
      15
      23
      18
      20
      15
      13
       9
      19
       9
      19
       7
      16
      22
      10
      11
      10
      14
      17
      14
      13
       8
      12
      13
       5
      15
      14
      24
      20
      31
      36
      35
      47
      34
      29
      22
      20
      13
       9
       7
      12
      22
      15
      16
      15
       6
      15
      15
      11
      13
      12
      11
      14
      10
      17
      10
      14
      13
      16
      13
      14
      16
       9
      14
      10
      13
      13
      16
      12
      11
      17
      12
      14
      11
      10
      19
      15
      11
      15
      18
      14
      20
      15
      10
      18
      13
       9
      10
      16
       9
      11
       8
      12
      16
      15
      11
      15
      20
      26
      36
      48
      55
      57
      58
      44
      30
      26
      17
       8
      12
      12
      16
      11
       9
      14
      16
      11
      10
       8
       8
      10
      18
      12
      20
      13
      11
      16
      15
      12
      16
       8
      10
      10
      15
      15
      12
      12
      14
      10
      11
       9
       6
      12
       6
       8
      19
      12
      13
      20
       8
       9
      12
       6
      13
       3
       8
       8
      13
      14
       8
      12
      11
      16
      12
       7
      11
       9
       5
       9
      15
      13
       5
       8
       6
      11
      12
      15
       7
      11
       8
      13
      14
       5
      14
      12
      11
       6
      15
      16
      20
      29
      18
      15
      21
      13
      11
      13
       6
      10
       8
       5
       7
      10
       9
       9
       8
      11
      12
      20
      14
       9
      21
      19
      13
      19
       4
      11
      12
       7
       6
       8
       5
       9
       7
       8
       8
      10
      13
       6
       9
       4
       8
      10
       4
       7
       3
      10
       7
       5
       5
       6
      14
       7
      10
      10
      16
      17
      21
      25
      16
      18
      19
       8
      12
      18
       9
      11
       6
       8
       8
       9
      13
       6
       8
       7
       5
       5
       5
       6
       8
      13
       7
       4
       5
       7
       8
       7
       9
       4
       8
       6
       5
       7
       7
       9
       6
       3
       7
       8
       5
       8
       8
       2
       7
       4
       3
       5
       5
       4
       9
       5
       3
       3
       3
       6
       9
       6
       2
       8
      11
       4
       3
       7
      13
       6
      13
       9
      10
      13
      12
       8
      11
       8
       7
       9
       8
      12
      13
       5
      10
       7
       3
       5
       4
       9
       7
       5
      12
       8
       6
       6
       3
       7
       7
       4
       5
       7
       7
       6
       5
       6
       5
      10
       8
       6
       7
       5
       8
      11
      19
      28
      36
      52
      67
      61
      44
      34
      19
      13
       6
      10
       5
       6
       8
       6
       2
       6
       8
       6
       4
       5
      11
       8
       8
       9
       4
      10
       8
      11
      10
       7
       5
       5
       7
       7
       6
       4
       3
       5
      11
       7
      13
       6
       7
       7
       6
       7
       7
       3
      11
       9
      14
      12
      21
      26
      27
      33
      35
      11
      12
       3
      10
       4
$ROI:
0
$PRESETS:
None
0
0
$ENER_FIT:
-0.17 0.50021
$MCA_CAL:
3
-0.17000 0.50021 0.00 keV
$SHAPE_CAL:
3
-0.765948053477 7.83958431117 -26.4079756712
$META:
{'istp': ['133CEm', '133CEg', '133LA', '132CE', '132LA', '139CE', '137CEg', '137CEm', '137LA', '135CE', '135LA', '134LA', '132CS', '7BE', '133BAm', '133BAg'], 'res': 0.05, 'R': 0.2, 'unc_eff': [[0.024053508436386758, -0.2517435071854035, 0.6502498581753428], [-0.25174350718540356, 2.65027007823169, -6.882714286693032], [0.6502498581753429, -6.882714286693032, 17.966849727438788]], 'alpha': 0.9}
