$SPEC_ID:
No sample description was entered.
$SPEC_REM:
DET# 9480
DETDESC# HPGE
AP# Maestro Version 7.01
$DATE_MEA:
10/17/2018 13:58:30
$MEAS_TIM:
1800 1800
$DATA:
0 4095
     300
     300
       0
       0
       0
       0
       0
       0
       0
       0
       0
       0
       0
       0
       0
       0
       0
       0
       0
       0
       0
       0
       0
       0
       0
       0
       0
       0
       0
       0
       0
       0
       0
       0
       0
       0
       0
       0
       0
       0
       0
       0
       0
       0
       0
       0
       0
       0
       0
       0
       0
       0
       0
       0
       0
       0
       0
       0
       0
       0
       0
       0
       0
       0
       0
       0
       0
       0
       0
       0
       0
       0
       0
       0
       0
       0
       0
       0
       0
       0
       0
       0
       0
       2
     160
     491
     459
     495
     469
     483
     470
     490
     468
     492
     499
     473
     454
     464
     443
     408
     483
     458
     434
     427
     487
     425
     436
     435
     447
     451
     464
     453
     396
     443
     394
     461
     412
     456
     463
     423
     421
     410
     460
     431
     459
     450
     462
     468
     453
     474
     433
     467
     476
     446
     431
     455
     435
     434
     475
     483
     480
     462
     444
     463
     429
     457
     464
     460
     485
     477
     556
     512
     460
     446
     469
     494
     452
     427
     434
     466
     477
     450
     432
     459
     464
     465
     482
     499
     535
     501
     508
     509
     519
     487
     671
     576
     546
     599
     749
     527
     488
     521
     513
     523
     479
     524
     528
     527
     492
     517
     487
     534
     564
     487
     533
     529
     560
     570
     537
     586
     621
     526
     556
     571
     566
     578
     563
     558
     572
     595
     604
     587
     582
     577
     596
     606
     630
     611
     647
     598
     621
     621
     660
     635
     625
     683
     621
     608
     679
     666
     666
     666
     687
     667
     707
     738
     756
     808
     726
    1216
    1120
     724
     691
     732
     677
     696
     672
     670
     719
     712
     712
     679
     751
     688
     693
     689
     700
     677
     741
     718
     701
     765
     786
     732
     756
     802
     866
     803
     753
     771
     805
     785
     754
     703
     799
     693
     747
     765
     752
     750
     753
     766
     726
     714
     787
     689
     723
     757
     707
     734
     698
     741
     724
     682
     704
     665
     680
     675
     639
     632
     686
     659
     588
     621
     622
     649
     599
     613
     556
     585
     596
     618
     630
     566
     599
     586
     572
     569
     545
     561
     546
     568
     564
     545
     539
     532
     534
     568
     559
     536
     526
     545
     566
     584
     509
     500
     522
     510
     555
     640
     593
     466
     512
     554
     507
     526
     529
     508
     538
     545
     486
     483
     516
     498
     472
     530
     496
     478
     499
     539
     502
     454
     502
     522
     478
     520
     535
     502
     515
     461
     452
     492
     464
     491
     479
     523
     485
     468
     529
     479
     468
     452
     429
     491
     428
     494
     461
     430
     455
     443
     468
     455
     466
     456
     449
     404
     437
     427
     399
     445
     425
     449
     449
     427
     413
     403
     386
     429
     430
     437
     397
     518
    1078
    2952
    2623
     851
     398
     409
     381
     364
     381
     358
     397
     370
     384
     411
     354
     356
     356
     366
     363
     350
     374
     359
     348
     361
     352
     346
     346
     352
     352
     378
     372
     379
     366
     330
     346
     368
     323
     353
     324
     355
     334
     351
     327
     325
     335
     328
     320
     331
     341
     359
     319
     340
     353
     343
     330
     318
     317
     291
     362
     334
     303
     358
     332
     304
     355
     341
     298
     369
     302
     345
     323
     330
     326
     322
     354
     346
     326
     303
     352
     300
     320
     293
     327
     299
     311
     294
     313
     309
     295
     296
     337
     318
     287
     344
     311
     446
    1205
    2036
    1172
     408
     261
     297
     264
     277
     274
     240
     270
     263
     288
     262
     284
     249
     296
     282
     286
     318
     412
     725
    3108
    9885
   10078
    2783
     415
     297
     422
     340
     244
     212
     192
     227
     218
     188
     213
     216
     194
     206
     194
     198
     200
     246
     340
     347
     226
     203
     201
     191
     198
     190
     177
     209
     205
     185
     188
     169
     191
     200
     198
     184
     207
     187
     174
     199
     183
     199
     170
     166
     158
     181
     173
     172
     191
     197
     175
     173
     160
     164
     167
     193
     176
     173
     195
     172
     174
     211
     184
     237
     439
    1747
    4944
    4922
    1583
     233
     146
     145
     144
     129
     159
     163
     161
     137
     120
     146
     150
     125
     123
     138
     159
     153
     123
     140
     148
     133
     154
     105
     129
     145
     145
     150
     128
     139
     138
     119
     134
     148
     138
     163
     153
     147
     146
     128
     117
     140
     147
     136
     140
     143
     142
     128
     133
     154
     148
     133
     130
     144
     167
     193
     225
     200
     130
     129
     120
     143
     161
     129
     121
     126
     155
     132
     137
     119
     127
     127
     122
     121
     136
     149
     154
     127
     121
     138
     135
     140
     140
     117
     155
     141
     145
     142
     120
     123
     106
     139
     108
     128
     112
     109
     128
     113
     106
     136
     126
     110
     117
     121
     118
     110
     133
     117
     112
     139
     139
     109
     128
     113
     112
      96
     120
     139
     110
     119
     117
     104
     140
     107
     125
     122
     108
     113
     127
     121
     107
     128
     112
     111
     107
     115
     118
     138
     122
     123
     132
     105
     120
     111
     120
     104
     108
     111
     134
     133
     122
     122
     115
     109
     110
     119
     148
     284
     358
     263
     153
     127
     113
     102
     113
      97
     111
     118
     120
     114
     100
     116
     137
     161
     201
     147
     115
     111
     108
     112
     104
      95
     102
      99
      95
     111
     112
     109
     109
      87
     108
     129
     100
     115
     187
     141
     135
     110
     142
     164
     107
     110
     106
     110
     117
      78
      78
      78
      84
      88
     112
     102
      92
     120
     103
     104
      96
      90
     102
      90
      87
      93
      89
     100
      84
      69
     110
      94
      89
     102
     129
     104
      96
      91
     112
     103
     102
      99
     100
      99
      75
      95
     108
      96
      89
      98
     101
      99
      85
      73
      85
      92
      82
      66
      86
      69
      80
      84
      64
      83
      85
      56
      82
      83
      96
      97
      70
      85
      75
      75
     100
     100
     111
      77
      85
      72
      71
      72
      58
      83
      63
      73
      63
      94
      86
      60
      68
      66
      80
      81
      93
     145
     180
     233
     148
      87
      75
      71
      61
      59
      68
      72
      55
      66
      76
      87
      72
      56
      67
      75
      63
      63
      70
      81
      64
      77
      79
      84
      67
      52
      68
      65
      67
      58
      63
      75
      79
      80
      76
      72
      73
      67
      68
      61
      47
      51
      67
      52
      69
      53
      70
      74
      71
      61
      60
      84
      59
      70
      70
      66
      49
      82
      83
      66
      77
      59
      64
      88
     131
     235
     196
     123
      80
     108
     175
     251
     262
     155
     100
      80
      86
     118
     180
     148
     100
      60
      48
      57
      53
      53
      53
      63
      53
      52
      58
      55
      46
      51
      57
      65
      48
      51
      57
      51
      54
      48
      55
      56
      38
      48
      43
      44
      43
      47
      56
      52
      55
      57
      54
      62
      72
      56
      50
      63
      68
      53
      60
      64
      83
     111
     110
     118
      93
      97
      66
      58
      55
      55
      56
      54
      77
     127
     276
     777
    1466
    1329
     565
     153
      52
      46
      61
      43
      46
      42
      41
      46
      56
      45
      45
      44
      43
      40
      38
      49
      42
      48
      47
      58
      39
      38
      41
      42
      39
      46
      45
      50
      40
      31
      47
      57
      49
      41
      47
      55
      47
      39
      43
      30
      39
      52
      37
      34
      33
      44
      44
      34
      49
      50
      42
      79
     111
      96
      54
      50
      43
      43
      50
      48
      58
      44
      35
      41
      36
      43
      37
      49
      41
      37
      40
      44
      51
      40
      33
      40
      44
      38
      57
      47
      45
      42
      48
      48
      46
      45
      56
      61
      37
      47
      45
      64
      54
      82
      96
      84
      62
      45
      45
      36
      36
      71
     128
     369
     773
    1016
     680
     177
      65
      36
      38
      73
     103
     239
     432
     439
     232
      95
      39
      32
      27
      32
      33
      35
      28
      31
      28
      41
      47
      42
      32
      27
      31
      27
      44
      35
      44
      45
      36
      31
      31
      42
      36
      33
      29
      37
      24
      25
      31
      35
      36
      35
      34
      37
      33
      33
      35
      37
      29
      42
      43
      39
      24
      42
      41
      56
      47
      79
     181
     247
     320
     302
     615
    1224
    1660
    1062
     341
      79
      41
      22
      34
      21
      27
      22
      29
      30
      24
      20
      27
      27
      20
      28
      30
      22
      13
      23
      24
      21
      21
      21
      30
      22
      38
      43
      60
      40
      32
      39
      19
      21
      27
      28
      28
      22
      22
      18
      20
      14
      27
      29
      29
      18
      27
      23
      30
      19
      24
      22
      27
      20
      28
      19
      29
      22
      13
      20
      20
      33
      20
      18
      16
      24
      24
      13
      15
      24
      24
      26
      23
      11
      19
      16
      15
      16
      17
      20
      21
      15
      25
      30
      22
      10
      24
      17
      21
      32
      22
      16
      22
      21
      19
      19
      17
      14
      19
      20
      21
      21
      16
      16
      22
      26
      17
      23
      23
      21
      23
      21
      44
      43
     100
     180
     257
     189
      71
      44
      14
      12
       7
      22
      13
      12
      13
      14
      18
      28
      17
       9
      19
      23
      19
       9
      20
      15
      17
      15
      20
      19
      17
       8
      13
      15
      13
      13
      12
      11
      19
      27
      40
      39
      32
      28
      22
      15
      20
      17
      19
      15
      13
      15
      22
      13
      19
      11
      12
      14
      11
      12
      18
      19
      14
      15
      11
      12
      20
      24
      25
      15
      11
      17
      12
      14
       9
       4
      17
      15
      17
      10
      17
      12
      15
      11
       9
      11
      10
      15
      13
      11
      18
      10
      10
      12
      19
      13
      16
      12
      18
      13
      11
       8
      14
       8
      10
      11
      19
      16
      28
      26
      35
      47
      17
      15
       8
      14
       7
       9
      11
      10
       7
      13
       8
      10
      11
       6
      13
      12
      12
      18
      16
      11
      15
      10
      11
       8
      21
       6
       9
       7
      12
      10
      10
       9
      10
       9
       5
       9
       8
      18
      12
       7
       9
      12
       8
      11
       6
       7
       8
       8
       8
      15
      10
      12
       9
       9
       9
      12
      11
       7
      12
      10
      14
       8
      12
      13
      11
       7
       6
      10
       6
       8
      10
      13
       2
      11
       9
       9
       6
       4
      12
       7
      10
      11
      13
      11
      18
      16
      16
      14
       9
       4
       7
      13
      11
       7
       8
       5
       8
       5
       8
       5
       8
       7
       6
       8
      13
      15
      15
      25
      32
      33
      19
       8
      11
      11
      19
      22
      31
      28
      18
      26
       6
      19
      26
      29
      72
     155
     350
     558
     531
     325
     109
      29
      11
       3
       8
       7
       6
       4
       3
       5
       8
       8
       4
       4
       7
       9
       6
       3
       7
       6
       2
       2
       8
       7
       3
       4
       9
       2
       1
       7
       0
       6
       3
       6
       2
       8
       9
       9
       2
      11
      10
       5
       6
       4
       2
       5
       7
       6
       7
       7
       7
       3
       5
       5
       8
       8
       9
       5
      11
      11
      15
      36
      48
      30
      16
       9
       2
       2
      12
       2
      10
       5
       6
       5
       7
      11
      10
      11
       6
      14
      26
      17
      15
      23
      62
     111
     180
     271
     242
     108
      29
      11
       2
       7
       4
       7
       2
       8
       6
       7
      12
      12
       4
       5
       1
       7
       7
       7
       3
       7
       5
       5
       8
       1
       3
       3
       3
       6
       7
      11
      13
      21
       9
       8
       3
       6
       5
       5
       5
       6
       6
       2
       5
       7
       3
       8
       4
       5
       3
       5
       8
       3
       2
       6
       3
       3
       4
       7
       6
       5
       8
       9
       2
       5
       1
       4
       6
       3
       6
       6
       7
       3
       2
       7
       7
      13
      10
      12
      17
      13
      39
      73
     134
     144
     124
      70
      18
       5
      13
      11
      17
       6
       6
       1
       8
       2
       4
       3
       2
       4
       5
       3
       5
       7
       5
       2
       5
       5
       2
       4
       3
       2
       3
       3
       6
       2
       6
       5
       8
       3
       5
       2
       4
       3
       8
       9
       3
       4
       1
       7
       6
       8
       3
       3
       3
       6
       4
       5
       7
       5
       3
       6
       3
       4
       5
       4
       2
       6
       9
      23
      43
      65
      64
      66
      37
      13
       5
       3
       3
       7
       2
       1
       6
       3
       5
       5
       7
       1
       3
       3
       5
       4
       4
       3
       5
       3
       4
       5
       5
      12
       9
       6
       6
       0
       4
       3
       7
       5
       5
       6
      14
       8
      11
      11
       8
       5
       4
       2
       3
       7
       3
       3
       7
       2
       3
       9
       6
       7
       5
       5
       6
       4
       2
       3
       5
       2
       7
       3
       4
       5
       6
       6
       1
       2
       2
       4
       1
       4
       3
       1
       4
       4
       4
       3
       5
       3
       3
       4
       2
       5
       4
       1
       5
       3
       5
       3
       3
       1
       4
       4
       3
       3
       1
       2
       3
       9
       4
       4
       3
       5
       4
       0
       4
       2
       5
       3
      10
       3
       9
      13
      26
      17
       6
       2
       2
       4
       1
       1
       2
       2
       2
       1
       1
       0
       3
       3
       3
       2
       2
       6
       1
       4
       2
       3
       5
       2
       1
       3
       4
       5
       5
       7
       1
       4
       5
       1
       4
       6
       3
       5
       4
       7
       2
       3
       6
       1
       3
       2
       3
       4
       3
       3
       1
       2
       3
       6
       0
       5
       4
       2
       4
       3
       2
       3
       2
       5
       0
       2
       6
       0
       2
       3
       2
       7
       3
       1
       4
       1
       1
       1
       2
       6
       2
       2
       2
       2
       7
       6
       3
       4
       1
       3
       1
       1
       2
       4
       6
       2
       2
       2
       2
       1
       0
       1
       2
       1
       0
       3
       6
       1
       3
       5
       2
       5
       4
       1
       1
       3
       2
       3
       2
       3
       3
       2
       1
       1
       0
       2
       2
       0
       3
       2
       2
       4
       3
       2
       4
       1
       2
       4
       1
       2
       2
       0
       0
       3
       2
       2
       4
       7
       4
       2
       5
       3
       1
       1
       2
       4
       0
       0
       4
       1
       2
       4
       1
       4
       1
       3
       1
       2
       1
       2
       4
       5
       3
       2
       4
       4
       0
       1
       2
       4
       2
       2
       0
       1
       1
       2
       2
       0
       3
       1
       1
       0
       0
       2
       1
       2
       3
       4
       3
       2
       0
       4
       1
       2
       1
       2
       1
       1
       1
       2
       5
       2
       5
       3
       4
       3
       2
       4
       5
       2
       2
       4
       2
       2
       0
       1
       2
       1
       2
       1
       1
       3
       1
       2
       2
       2
       3
       2
       6
       2
       6
       3
       1
       4
       1
       2
       1
       4
       1
       3
       0
       4
       5
       1
       3
       4
       2
       2
       0
       2
       3
       4
       3
       0
       2
       1
       2
       4
       3
       1
       1
       2
       4
       2
       2
       2
       3
       2
       2
       1
       3
       0
       3
       2
       3
       3
       1
       3
       1
       0
       4
       0
       1
       4
       3
       2
       1
       2
       0
       1
       1
       1
       1
       3
       1
       2
       0
       1
       2
       3
       5
       0
       0
       1
       3
       2
       2
       2
       3
       3
       0
       3
       0
       1
       1
       3
       1
       1
       4
       1
       6
       2
       1
       1
       3
       2
       3
       3
       2
       2
       5
       0
       1
       2
       5
       2
       3
       4
       8
       2
       5
       3
       2
       2
       0
       0
       2
       1
       1
       1
       2
       5
       6
       3
      13
      10
      14
      23
      19
      14
      12
       3
       1
       2
       2
       1
       2
       3
       1
       3
       5
       2
       0
       3
       2
       1
       0
       1
       2
       4
       2
       1
       1
       2
       1
       1
       0
       3
       5
       0
       4
       2
       2
       4
       1
       3
       1
       2
       2
       4
       5
       5
       8
       8
       4
       9
       4
      10
       5
       4
       3
       1
       2
       6
       4
       4
       2
       1
       3
       2
       0
       7
       8
       8
      21
      29
      37
      28
      25
      10
       3
       2
       5
       0
       1
       1
       2
       4
       2
       2
       1
       2
       1
       4
       0
       1
       1
       3
       5
       2
       1
       4
       2
       4
       1
       3
       2
       0
       2
       3
       3
       0
       2
       0
       0
       4
       0
       3
       6
       0
       2
       1
       3
       0
       4
       5
       0
       3
       1
       1
       2
       1
       2
       0
       4
       2
       5
       2
       5
       2
       0
       1
       2
       0
       1
       2
       1
       4
       5
       2
       0
       2
       1
       0
       3
       3
       3
       6
       3
       2
       2
       3
       3
       3
       1
       3
       0
       3
       2
       2
       4
       4
       5
       4
       4
       1
       4
       3
       1
       1
       4
       4
       0
       2
       0
       3
       2
       1
       5
       0
       1
       3
       3
       1
       1
       1
       1
       1
       1
       2
       1
       2
       1
       1
       2
       1
       3
       0
       0
       2
       2
       1
       1
       0
       0
       0
       2
       2
       2
       0
       1
       2
       3
       1
       1
       0
       4
       1
       4
       1
       1
       1
       3
       2
       0
       2
       1
       0
       1
       0
       3
       1
       0
       1
       1
       3
       0
       2
       0
       1
       2
       4
       0
       1
       1
       0
       2
       1
       1
       1
       2
       1
       0
       1
       1
       3
       2
       0
       2
       3
       3
       1
       3
       3
       3
       2
       3
       1
       3
       3
       1
       6
       1
       1
       4
       2
       1
       3
       3
       1
       1
       1
       0
       2
       1
       0
       3
       1
       1
       2
       0
       2
       1
       1
       4
       1
      11
       7
       1
       3
       1
       1
       1
       1
       0
       2
       1
       1
       3
       4
       0
       2
       4
       1
       1
       1
       3
       0
       2
       3
       2
       0
       3
       2
       1
       4
       1
       1
       3
       2
       0
       2
       1
       3
       4
       2
       4
       2
       0
       1
       3
       1
       0
       0
       2
       2
       1
       0
       1
       3
       1
       4
       2
       2
       1
       2
       0
       2
       2
       4
       2
       0
       2
       1
       1
       2
       2
       2
       1
       2
       0
       3
       1
       2
       5
       1
       3
       3
       2
       2
       2
       3
       2
       1
       4
       0
       1
       4
       2
       2
       1
       1
       1
       4
       3
       1
       3
       1
       2
       1
       1
       0
       1
       2
       4
       3
       4
       5
       0
       4
       1
       2
       1
       0
       0
       4
       2
       4
       2
       2
       2
       2
       0
       4
       0
       1
       2
       0
       2
       2
       2
       2
       3
       1
       2
       1
       1
       2
       3
       1
       2
       2
       1
       1
       2
       1
       2
       3
       2
       0
       3
       1
       2
       0
       1
       2
       4
       3
       2
       2
       2
       3
       2
       3
       0
       1
       1
       2
       1
       2
       1
       1
       0
       1
       2
       0
       1
       1
       2
       3
       1
       2
       1
       1
       3
       1
       2
       1
       2
       2
       1
       3
       1
       1
       1
       0
       0
       0
       3
       1
       1
       2
       0
       1
       0
       1
       1
       2
       0
       0
       2
       2
       3
       1
       2
       1
       0
       0
       2
       0
       0
       1
       3
       1
       0
       0
       0
       1
       1
       1
       0
       1
       1
       0
       1
       0
       1
       1
       2
       0
       1
       1
       1
       2
       3
       0
       4
       0
       3
       0
       0
       2
       0
       0
       1
       1
       0
       0
       0
       1
       1
       4
       1
       1
       2
       0
       2
       0
       1
       0
       1
       1
       1
       0
       0
       0
       0
       2
       0
       2
       2
       0
       1
       1
       1
       2
       0
       0
       0
       1
       1
       1
       1
       0
       0
       1
       1
       0
       0
       0
       0
       0
       0
       1
       2
       0
       1
       1
       1
       1
       2
       1
       1
       1
       2
       0
       0
       1
       1
       4
       4
       5
       3
       0
       1
       3
       2
       0
       3
       3
       2
       2
       3
       3
       2
       3
       0
       0
       1
       0
       1
       1
       1
       0
       0
       1
       2
       0
       0
       0
       1
       1
       0
       1
       1
       0
       0
       1
       0
       2
       1
       1
       0
       0
       0
       0
       0
       0
       0
       0
       2
       0
       0
       0
       0
       1
       1
       0
       0
       2
       0
       3
       0
       0
       1
       1
       1
       1
       0
       0
       0
       1
       0
       1
       0
       0
       1
       1
       1
       1
       1
       1
       2
       0
       1
       3
       0
       0
       0
       0
       2
       0
       0
       0
       1
       0
       0
       0
       0
       0
       1
       1
       1
       1
       0
       1
       1
       0
       2
       0
       0
       0
       0
       0
       0
       0
       0
       1
       0
       0
       0
       2
       0
       0
       0
       0
       0
       0
       1
       0
       1
       0
       0
       0
       0
       0
       1
       1
       0
       0
       0
       0
       1
       1
       0
       0
       0
       0
       0
       0
       0
       1
       0
       0
       1
       0
       0
       0
       2
       1
       2
       1
       0
       0
       0
       0
       0
       0
       0
       0
       1
       0
       0
       0
       2
       0
       1
       1
       1
       0
       0
       0
       0
       0
       1
       0
       1
       1
       1
       0
       0
       0
       0
       1
       0
       1
       0
       2
       0
       4
       1
       1
       4
       0
       0
       1
       1
       2
       2
       0
       1
       0
       0
       0
       0
       1
       2
       0
       1
       0
       0
       0
       0
       0
       0
       0
       0
       1
       0
       1
       0
       0
       0
       2
       0
       1
       3
       1
       0
       1
       1
       0
       1
       2
       1
       2
       1
       2
       1
       4
       3
       0
       0
       0
       1
       2
       2
       0
       0
       1
       1
       2
       2
       2
       4
       3
      13
      16
      21
      40
      40
      53
      42
      25
      16
       5
       3
       1
       1
       0
       0
       0
       0
       0
       0
       0
       1
       0
       0
       0
       0
       0
       0
       0
       1
       0
       0
       0
       0
       1
       0
       0
       1
       0
       0
       0
       0
       0
       0
       1
       0
       1
       0
       0
       0
       0
       0
       1
       0
       0
       0
       0
       1
       0
       1
       0
       0
       0
       1
       0
       0
       1
       0
       1
       0
       0
       0
       0
       0
       0
       0
       0
       1
       2
       0
       1
       0
       0
       0
       0
       0
       0
       0
       0
       0
       0
       1
       0
       0
       0
       1
       0
       0
       2
       0
       0
       0
       0
       0
       0
       0
       0
       0
       0
       0
       0
       0
       0
       0
       0
       0
       1
       0
       0
       0
       1
       0
       0
       0
       0
       0
       0
       0
       0
       0
       0
       0
       0
       1
       1
       0
       2
       1
       0
       0
       0
       0
       0
       0
       0
       0
       0
       1
       0
       0
       0
       1
       0
       0
       0
       2
       0
       0
       0
       0
       0
       1
       0
       0
       0
       0
       0
       0
       1
       0
       0
       0
       0
       0
       0
       0
       0
       1
       0
       0
       0
       0
       0
       1
       0
       0
       0
       0
       0
       0
       0
       0
       1
       0
       1
       1
       0
       0
       1
       0
       1
       0
       1
       0
       0
       0
       0
       1
       0
       0
       0
       0
       1
       0
       0
       0
       0
       0
       0
       0
       0
       0
       0
       0
       0
       0
       0
       0
       1
       0
       1
       0
       0
       0
       0
       0
       0
       0
       0
       0
       0
       0
       0
       0
       0
       0
       0
       0
       0
       0
       0
       0
       0
       0
       0
       0
       0
       0
       0
       1
       0
       0
       0
       1
       0
       0
       0
       0
       0
       0
       2
       0
       0
       0
       0
       0
       0
       0
       0
       0
       1
       2
       1
       0
       0
       0
       0
       1
       0
       0
       0
       0
       0
       0
       2
       0
       0
       0
       2
       0
       0
       0
       0
       0
       0
       0
       0
       0
       0
       0
       0
       0
       0
       1
       0
       0
       0
       0
       1
       0
       1
       1
       1
       0
       0
       0
       0
       1
       0
       0
       0
       1
       0
       0
       1
       0
       0
       0
       0
       0
       0
       3
       0
       1
       0
       1
       1
       0
       3
       1
       1
       0
       2
       0
       0
       0
       0
       0
       0
       0
       0
       0
       0
       0
       0
       0
       0
       0
       2
       0
       0
       0
       0
       0
       1
       0
       0
       0
       0
       0
       0
       0
       0
       1
       0
       0
       0
       1
       0
       0
       1
       0
       0
       0
       0
       0
       0
       0
       1
       0
       0
       0
       0
       0
       0
       0
       0
       2
       0
       0
       1
       0
       0
       0
       0
       0
       0
       1
       1
       0
       2
       1
       1
       0
       0
       0
       1
       0
       0
       0
       0
       1
       0
       0
       0
       0
       2
       1
       0
       0
       0
       1
       0
       0
       0
       2
       0
       1
       1
       0
       0
       0
       0
       0
       0
       0
       0
       0
       0
       0
       0
       0
       0
       1
       0
       0
       0
       0
       0
       0
       0
       0
       0
       1
       1
       0
       0
       0
       0
       0
       0
       0
       0
       0
       0
       0
       0
       1
       2
       0
       0
       0
       0
       0
       0
       0
       0
       0
       0
       1
       1
       0
       0
       0
       0
       0
       0
       0
       0
       0
       0
       0
       0
       0
       0
       1
       0
       0
       0
       0
       1
       0
       0
       1
       1
       0
       1
       0
       0
       0
       0
       0
       0
       0
       0
       0
       0
       0
       0
       0
       1
       0
       0
       0
       0
       0
       0
       0
       0
       0
       0
       0
       0
       0
       0
       1
       0
       0
       0
       0
       0
       0
       1
       0
       1
       0
       0
       1
       0
       0
       0
       0
       0
       0
       0
       0
       0
       0
       0
       0
       0
       0
       0
       0
       0
       0
       0
       1
       0
       0
       0
       0
       1
       1
       0
       0
       0
       1
       0
       0
       0
       1
       0
       0
       0
       1
       0
       0
       0
       0
       0
       0
       0
       0
       0
       0
       0
       0
       0
       0
       0
       0
       0
       0
       0
       0
       0
       0
       0
       0
       0
       0
       0
       1
       1
       0
       0
       0
       0
       0
       0
       0
       0
       0
       0
       0
       0
       0
       0
       0
       1
       0
       0
       1
       0
       0
       0
       0
       0
       0
       0
       0
       0
       2
       0
       0
       0
       0
       0
       0
       0
       0
       0
       0
       2
       0
       0
       0
       0
       0
       0
       0
       0
       0
       0
       0
       0
       0
       0
       0
       0
       0
       0
       0
       0
       0
       0
       0
       0
       0
       0
       0
       1
       0
       0
       0
       0
       0
       0
       1
       0
       0
       0
       0
       0
       0
       0
       1
       0
       1
       0
       0
       0
       0
       0
       0
       0
       0
       0
       0
       0
       0
       0
       1
       0
       0
       0
       0
       0
       0
       0
       0
       0
       0
       1
       0
       0
       1
       0
       0
       0
       0
       1
       0
       0
       0
       0
       1
       0
       0
       0
       0
       0
       0
       0
       0
       0
       0
       0
       0
       0
       0
       0
       0
       0
       0
       0
       0
       2
       0
       0
       0
       0
       0
       0
       0
       0
       0
       0
       1
       0
       0
       0
       0
       0
       0
       0
       0
       0
       0
       0
       1
       1
       1
       0
       0
       1
       0
       0
       0
       0
       1
       0
       0
       0
       0
       0
       0
       0
       0
       0
       1
       0
       0
       1
       2
       0
       0
       0
       1
       1
       0
       1
       0
       0
       0
       0
       0
       0
       0
       0
       0
       0
       0
       0
       0
       0
       0
       0
       0
       0
       0
       0
       0
       0
       0
       0
       0
       0
       0
       0
       0
       1
       1
       0
       0
       0
       0
       0
       0
       0
       0
       0
       0
       0
       0
       0
       1
       0
       0
       0
       1
       0
       0
       0
       0
       0
       0
       0
       0
       0
       1
       0
       0
       1
       0
       1
       0
       0
       0
       0
       1
       0
       0
       0
       1
       0
       1
       0
$ROI:
0
$PRESETS:
None
0
0
$ENER_FIT:
-0.17 0.50021
$MCA_CAL:
3
-0.17000 0.50021 0.00 keV
$SHAPE_CAL:
3
-0.898383546091 8.9526342793 -25.115346611
$META:
{'istp': ['133CEm', '133CEg', '133LA', '132CE', '132LA', '139CE', '137CEg', '137CEm', '137LA', '135CE', '135LA', '134LA', '132CS', '7BE', '133BAm', '133BAg'], 'res': 0.05, 'R': 0.2, 'unc_eff': [[0.028787930103945265, -0.2942980340858346, 0.7442515342308331], [-0.29429803408583455, 3.022016856655637, -7.675333967462559], [0.7442515342308331, -7.675333967462559, 19.577835672186247]], 'alpha': 0.9}
