$SPEC_ID:
No sample description was entered.
$SPEC_REM:
DET# 9480
DETDESC# HPGE
AP# Maestro Version 7.01
$DATE_MEA:
10/17/2018 01:21:56
$MEAS_TIM:
900 1050
$DATA:
0 4095
     150
     175
       0
       0
       0
       0
       0
       0
       0
       0
       0
       0
       0
       0
       0
       0
       0
       0
       0
       0
       0
       0
       0
       0
       0
       0
       0
       0
       0
       0
       0
       0
       0
       0
       0
       0
       0
       0
       0
       0
       0
       0
       0
       0
       0
       0
       0
       0
       0
       0
       0
       0
       0
       0
       0
       0
       0
       0
       0
       0
       0
       0
       0
       0
       0
       0
       0
       0
       0
       0
       0
       0
       0
       0
       0
       0
       0
       0
       0
       0
      15
     176
     688
    1983
    9321
   13940
   14065
   13879
   13983
   13784
   13699
   13832
   13681
   13624
   13505
   13470
   13531
   13379
   13373
   13431
   13215
   13158
   13230
   13232
   13001
   13114
   12998
   13056
   12973
   13065
   12887
   12795
   12873
   12803
   12614
   12758
   12945
   13065
   12796
   12882
   12568
   12595
   12661
   12724
   12499
   12559
   12496
   12646
   12541
   12528
   12470
   12372
   12695
   12545
   12494
   12657
   12443
   12672
   12722
   12703
   12650
   12691
   12675
   12837
   12815
   13298
   13514
   12895
   12888
   13405
   14251
   13664
   12698
   12373
   12694
   12660
   12596
   12586
   12638
   12884
   12749
   12977
   13077
   13019
   13217
   13121
   13131
   13370
   13323
   14162
   14183
   13925
   13788
   14911
   16258
   14840
   14883
   16789
   16895
   14447
   14002
   14083
   13955
   14021
   14477
   14321
   14338
   14336
   14511
   14633
   14787
   14815
   14788
   14878
   15092
   15288
   15347
   15299
   15298
   15447
   15638
   15603
   15931
   15943
   16045
   16070
   15973
   15920
   16475
   16467
   16428
   16619
   16662
   16715
   16887
   17137
   17050
   17185
   17140
   17166
   17587
   17429
   17704
   17807
   17917
   17960
   17946
   18015
   18250
   18327
   18360
   18663
   18661
   18676
   19379
   19888
   21971
   21169
   23034
   28905
   25064
   19820
   19444
   19117
   19328
   19266
   19450
   19617
   20007
   19382
   19547
   19405
   19627
   19588
   19535
   19730
   19830
   19716
   20116
   20094
   20637
   21743
   22291
   21207
   20960
   21543
   21938
   21554
   21143
   20795
   20877
   21015
   20914
   20818
   20482
   20751
   20864
   20585
   20696
   20874
   20940
   20886
   20617
   20787
   20652
   20428
   20574
   20359
   20399
   20285
   20076
   19924
   20132
   20118
   19780
   19759
   19984
   19626
   19900
   19228
   19484
   19263
   19206
   19134
   19259
   19019
   18843
   18926
   18777
   18785
   18598
   18622
   18555
   18502
   18669
   18369
   18282
   18253
   18317
   18097
   18007
   17953
   18067
   18041
   18022
   18296
   18092
   17720
   17473
   17591
   17524
   17419
   17517
   17444
   17253
   17455
   17287
   17425
   17862
   18073
   17655
   17803
   17656
   18049
   17749
   18319
   18099
   18359
   18425
   18158
   18122
   18393
   18153
   18130
   18409
   18523
   18625
   18431
   18528
   18121
   17961
   18168
   18014
   18022
   18076
   17951
   18073
   17776
   17586
   17772
   17839
   17503
   17699
   17277
   17142
   17412
   17000
   16763
   16851
   16839
   16708
   16564
   16695
   16254
   16343
   16170
   16260
   15951
   15815
   15838
   15517
   15663
   15707
   15520
   15453
   15132
   15293
   14920
   14977
   14934
   14890
   14886
   14811
   14470
   14580
   14102
   14038
   14451
   14132
   14023
   14559
   17595
   36462
   62990
   43826
   18986
   14349
   13697
   13473
   13218
   13029
   12818
   12586
   12572
   12300
   12343
   12429
   12057
   12160
   12086
   11905
   12049
   11973
   12115
   11778
   11517
   11308
   11611
   11490
   11304
   11275
   11503
   11462
   11468
   11105
   11235
   11056
   10986
   10952
   10720
   10787
   10659
   10644
   10706
   10561
   10663
   10646
   10513
   10539
   10394
   10290
   10244
   10210
   10294
   10304
   10276
   10289
   10116
    9930
   10000
   10144
    9961
    9954
    9852
    9881
    9911
    9819
    9869
    9840
    9982
    9858
    9799
    9674
    9963
    9513
    9753
    9682
    9792
    9760
    9754
    9713
    9411
    9472
    9559
    9565
    9365
    9641
    9394
    9637
    9665
    9601
    9457
    9367
    9387
    9487
    9518
    9582
   10888
   14962
   16551
   12152
    9933
    9481
    9244
    9504
    9577
    9364
    9290
    9473
    9374
    9446
    9354
    9444
    9537
    9685
    9862
    9908
   10489
   12472
   25679
   95162
  200442
  148817
   43001
   15818
   14334
   14417
   12137
   10423
    9778
    9254
    9377
    9321
    8991
    9088
    8965
    8877
    8716
    8736
    8693
    8741
    9344
    9864
    9350
    8712
    8469
    8682
    8837
    8846
    8734
    8347
    8385
    8389
    8264
    8306
    8077
    8128
    8323
    8250
    8123
    8183
    8408
    8237
    8151
    8305
    8103
    8125
    8038
    8046
    8189
    8279
    8081
    8155
    8099
    7875
    7866
    7996
    8092
    7923
    8051
    8077
    8050
    7987
    7998
    8252
    8366
    8681
   10064
   17714
   52407
  101818
   77157
   26129
   11017
    9261
    8979
    8359
    8225
    8214
    8144
    8035
    7917
    7731
    7654
    7820
    7761
    7639
    7643
    7508
    7413
    7473
    7497
    7479
    7512
    7392
    7398
    7476
    7393
    7317
    7400
    7288
    7342
    7353
    7215
    7142
    7255
    7221
    7387
    7259
    7192
    7221
    7145
    7244
    7118
    7084
    7120
    7173
    6977
    6858
    7245
    7064
    7046
    6986
    7045
    6878
    7047
    7209
    7454
    7456
    7189
    6993
    6941
    7023
    6947
    6737
    6914
    6762
    6550
    6748
    6792
    6827
    6583
    6589
    6544
    6562
    6483
    6449
    6595
    6393
    6374
    6329
    6079
    6064
    5950
    5904
    5943
    5943
    5964
    5580
    5586
    5477
    5307
    5299
    5382
    5268
    5175
    5184
    5145
    5166
    5041
    4981
    5055
    4986
    5029
    4968
    4875
    4791
    4749
    4795
    4816
    4689
    4781
    4695
    4653
    4653
    4635
    4687
    4484
    4731
    4521
    4454
    4438
    4441
    4498
    4588
    4578
    4511
    4453
    4641
    4478
    4328
    4427
    4416
    4471
    4448
    4307
    4339
    4232
    4243
    4212
    4172
    4157
    4226
    4310
    4175
    4145
    4138
    4176
    4151
    4202
    4079
    4109
    3949
    3875
    4026
    3924
    4054
    4218
    5165
    7145
    8078
    5911
    4343
    4098
    3896
    3841
    3817
    3738
    3827
    3803
    3774
    3843
    3752
    3833
    4124
    5058
    5275
    4482
    3824
    3899
    3783
    3693
    3757
    3597
    3639
    3517
    3525
    3485
    3618
    3514
    3466
    3483
    3513
    3508
    3497
    4018
    4639
    4253
    3737
    3821
    4216
    3775
    3386
    3280
    3206
    3227
    3279
    3230
    3213
    3204
    3317
    3088
    3065
    3116
    3048
    3117
    3076
    3096
    3004
    2998
    2991
    3025
    3035
    2886
    3015
    3068
    2976
    2902
    3084
    3021
    2982
    2969
    2838
    2901
    2955
    2963
    2911
    2893
    2891
    2836
    2782
    2818
    2811
    2840
    2782
    2780
    2799
    2794
    2754
    2708
    2735
    2702
    2615
    2696
    2601
    2555
    2442
    2567
    2604
    2595
    2501
    2450
    2562
    2495
    2517
    2597
    2666
    2589
    2465
    2485
    2406
    2415
    2389
    2489
    2504
    2417
    2352
    2249
    2392
    2387
    2295
    2466
    2335
    2378
    2392
    2296
    2327
    2284
    2335
    2372
    2271
    2273
    2334
    2639
    2945
    2929
    2472
    2312
    2155
    2259
    2221
    2204
    2148
    2247
    2231
    2163
    2213
    2193
    2183
    2104
    2177
    2133
    2187
    2141
    2102
    2197
    2226
    2199
    2425
    2408
    2148
    2048
    2085
    2114
    2069
    2022
    2107
    2053
    2099
    2213
    2269
    2247
    2102
    2132
    2022
    2077
    2015
    1999
    2038
    2042
    1998
    2050
    2031
    2089
    1974
    2024
    1980
    2005
    2007
    1927
    1979
    1964
    2103
    2407
    2622
    2938
    2445
    2068
    2180
    2488
    3773
    4915
    4284
    2808
    2208
    2760
    4332
    5897
    5138
    3386
    2550
    2302
    2227
    2550
    2806
    2557
    2165
    2032
    1889
    1909
    2000
    1974
    1990
    1917
    1884
    1891
    1890
    1915
    2031
    1964
    1950
    2054
    2221
    2205
    2160
    2011
    2000
    1987
    1976
    1890
    2007
    1977
    2087
    2086
    2130
    2091
    2122
    2043
    2086
    2245
    2328
    2563
    2876
    3253
    3892
    5344
    8311
   13319
   23388
   40314
   60840
   77802
   85746
   78869
   61251
   40820
   24050
   13765
    8537
    5831
    4430
    3586
    3658
    4175
    7732
   18006
   28326
   22796
    9881
    3882
    2542
    2415
    2114
    2077
    2062
    2025
    1957
    1954
    1947
    1842
    1802
    1807
    1722
    1728
    1780
    1809
    1827
    1888
    1702
    1605
    1573
    1599
    1568
    1501
    1576
    1494
    1488
    1589
    1423
    1486
    1502
    1452
    1450
    1461
    1525
    1433
    1356
    1416
    1401
    1427
    1390
    1404
    1394
    1504
    1423
    1424
    1427
    1432
    1362
    1386
    1600
    2066
    2561
    2195
    1629
    1320
    1328
    1343
    1351
    1340
    1226
    1271
    1307
    1286
    1351
    1302
    1273
    1237
    1323
    1290
    1335
    1291
    1292
    1195
    1332
    1222
    1253
    1253
    1276
    1286
    1280
    1279
    1290
    1289
    1374
    1549
    1690
    1632
    1418
    1316
    1342
    1390
    1571
    2013
    2061
    1839
    1458
    1347
    1339
    1304
    1447
    1893
    3404
    8056
   16090
   17333
   10275
    3922
    1912
    1607
    1527
    1834
    2955
    5968
    9044
    8177
    4275
    2065
    1507
    1298
    1322
    1228
    1287
    1264
    1255
    1242
    1232
    1200
    1205
    1200
    1168
    1197
    1231
    1184
    1234
    1299
    1255
    1292
    1197
    1182
    1159
    1132
    1098
    1111
    1052
    1118
    1083
    1078
    1110
    1106
    1089
    1083
    1132
    1025
    1059
    1082
    1120
    1060
    1059
    1080
    1096
    1122
    1112
    1110
    1177
    1253
    1460
    2283
    4937
    7473
    7792
    7544
   14157
   26285
   28693
   16836
    5895
    2274
    1629
    1418
    1323
    1265
    1231
    1206
    1123
    1156
    1037
    1018
    1087
    1052
    1005
     987
    1045
     994
    1024
    1055
    1091
    1007
    1001
    1016
     922
    1017
    1238
    1377
    1528
    1370
    1077
     958
     919
     922
     932
     959
     910
     873
     897
     854
     892
     896
     908
     888
     871
     945
     920
     930
     876
     913
     905
     857
     869
     862
     759
     817
     815
     832
     789
     783
     784
     828
     793
     804
     843
     785
     801
     735
     753
     773
     741
     747
     767
     769
     782
     753
     725
     735
     741
     720
     775
     708
     721
     766
     726
     749
     750
     746
     735
     753
     698
     732
     716
     703
     693
     681
     669
     738
     690
     729
     678
     653
     675
     686
     708
     726
     690
     632
     713
     740
     738
     734
     954
    1240
    2403
    4223
    4676
    3223
    1637
     985
     866
     758
     705
     670
     734
     637
     639
     616
     708
     614
     639
     629
     607
     595
     682
     612
     633
     612
     613
     598
     591
     612
     573
     608
     632
     581
     571
     578
     601
     597
     609
     756
     927
    1054
     826
     682
     657
     568
     569
     549
     567
     571
     617
     601
     588
     539
     538
     560
     555
     515
     536
     536
     549
     530
     512
     501
     544
     619
     571
     523
     520
     504
     494
     540
     503
     482
     491
     520
     497
     459
     460
     483
     490
     483
     492
     443
     509
     482
     503
     474
     450
     449
     478
     425
     474
     472
     445
     474
     478
     493
     459
     460
     479
     435
     466
     437
     397
     457
     442
     483
     590
     856
     918
     745
     553
     474
     416
     409
     404
     405
     382
     369
     417
     415
     391
     409
     410
     448
     458
     509
     468
     468
     414
     428
     388
     403
     383
     375
     391
     387
     357
     380
     378
     386
     380
     370
     375
     399
     395
     381
     427
     412
     403
     400
     373
     390
     368
     415
     382
     395
     366
     354
     362
     363
     347
     378
     369
     383
     357
     335
     358
     382
     340
     352
     343
     373
     359
     385
     372
     373
     331
     386
     321
     360
     307
     337
     335
     342
     317
     303
     335
     361
     381
     341
     369
     342
     335
     371
     341
     368
     335
     329
     342
     336
     336
     365
     365
     336
     310
     333
     312
     322
     346
     328
     369
     337
     388
     395
     351
     447
     567
     674
     745
     659
     489
     364
     405
     437
     487
     652
     686
     603
     481
     369
     408
     440
     506
     775
    1362
    3348
    7156
   10963
   10064
    5596
    2142
     831
     501
     446
     419
     378
     366
     346
     360
     334
     301
     347
     298
     323
     315
     307
     308
     332
     318
     331
     280
     298
     301
     301
     264
     275
     310
     298
     289
     242
     284
     269
     287
     248
     293
     253
     270
     307
     276
     290
     276
     251
     259
     244
     269
     254
     237
     265
     279
     255
     273
     270
     281
     264
     254
     238
     233
     231
     264
     290
     385
     476
     476
     393
     306
     267
     266
     243
     273
     273
     243
     248
     237
     245
     252
     263
     242
     251
     307
     307
     304
     331
     352
     566
    1001
    2353
    4416
    5183
    3875
    1859
     696
     425
     343
     309
     327
     279
     272
     300
     321
     348
     382
     336
     270
     243
     251
     221
     239
     234
     231
     179
     196
     204
     219
     213
     204
     205
     223
     196
     265
     289
     365
     331
     263
     250
     221
     239
     214
     215
     201
     222
     197
     207
     200
     193
     212
     223
     194
     201
     201
     196
     210
     212
     219
     206
     199
     203
     189
     212
     193
     204
     187
     200
     193
     207
     185
     188
     193
     179
     215
     211
     189
     223
     220
     213
     209
     243
     272
     270
     310
     406
     803
    1556
    2533
    3055
    2290
    1214
     553
     393
     356
     395
     394
     316
     239
     215
     212
     220
     179
     198
     224
     187
     192
     183
     181
     179
     153
     160
     173
     186
     190
     178
     175
     169
     173
     180
     185
     165
     170
     177
     146
     177
     194
     182
     169
     190
     178
     171
     166
     175
     186
     197
     205
     196
     167
     175
     178
     168
     154
     176
     161
     138
     171
     163
     176
     171
     169
     169
     165
     216
     256
     418
     774
    1324
    1464
    1123
     598
     268
     211
     189
     188
     160
     176
     172
     172
     164
     143
     157
     157
     175
     157
     145
     165
     150
     158
     164
     160
     135
     151
     169
     182
     173
     168
     157
     148
     141
     133
     132
     162
     152
     147
     185
     179
     206
     182
     158
     166
     138
     169
     142
     130
     134
     171
     145
     148
     163
     168
     131
     147
     168
     152
     151
     170
     140
     143
     152
     163
     141
     141
     151
     136
     114
     122
     127
     117
     136
     133
     135
     139
     114
     125
     118
     141
     107
     150
     126
     150
     141
     151
     120
     128
     141
     139
     151
     149
     136
     140
     121
     133
     121
     138
     128
     127
     134
     128
     127
     115
     124
     131
     115
     132
     128
     137
     132
     130
     157
     147
     150
     152
     209
     225
     329
     377
     356
     241
     144
     135
     117
     133
     134
     123
     110
     134
     108
     137
     114
     130
     117
     104
     100
      94
     113
     105
     121
      96
     119
     119
     111
     114
     126
      99
     106
     124
     115
     113
      94
     115
     117
     153
     172
     158
     172
     167
     134
     126
     108
     110
      84
     111
     112
     112
     116
     134
     135
     113
      87
     109
      97
     122
     105
     117
     127
     110
     103
      90
      93
      99
     102
      98
      97
     108
     109
      92
     100
     100
     103
      98
     110
      94
      90
      89
      96
      85
      82
     100
      98
     117
      99
      90
      82
     113
      95
     103
     108
      86
     105
     101
     106
      95
      81
      77
      95
      91
      98
     101
      83
     100
      97
     112
      95
      88
     104
     108
      96
     115
     100
      95
      81
     112
      97
      97
      84
      89
      82
      85
      79
      84
      78
      87
      78
      75
      73
      82
      68
      84
      84
      82
      74
      79
      78
      92
      67
      67
      70
      77
      85
      81
      95
     115
     100
      99
      97
      90
      72
      85
      83
      62
      59
      73
      85
      78
      82
      85
      76
      73
      53
      90
      70
      83
      79
      83
      98
      60
      82
     106
     116
      90
      84
      99
      71
      78
      72
      79
      64
      70
      80
      77
      49
      60
      67
      60
      63
      86
      77
      63
      75
      70
      77
      63
      76
      72
      58
      53
      67
      52
      71
      81
      77
      67
      59
      53
      69
      60
      82
      67
      69
      76
      58
      76
      67
      70
      58
      60
      73
      65
      75
      81
      67
      57
      53
      71
      55
      67
      66
      78
      75
      78
      77
      57
      85
      72
      52
      77
      65
      64
      75
      55
      54
      72
      62
      63
      46
      62
      67
      68
      62
      58
      62
      47
      61
      60
      63
      55
      50
      48
      51
      55
      47
      72
      63
      74
      68
      65
      76
      70
      80
      62
      52
      61
      62
      67
      58
      58
      44
      52
      54
      73
      60
      54
      62
      58
      71
      58
      49
      52
      45
      59
      59
      59
      69
      65
      55
      53
      57
      59
      59
      51
      60
      53
      64
      60
      50
      51
      70
      47
      70
      58
      62
      46
      68
      65
      53
      41
      51
      50
      53
      49
      51
      43
      60
      62
      60
      54
      41
      49
      40
      43
      36
      51
      65
      51
      47
      48
      54
      49
      61
      41
      52
      62
      74
      96
     106
     102
      73
      51
      48
      52
      46
      47
      39
      51
      40
      50
      42
      44
      67
      61
      89
     126
     222
     296
     428
     401
     287
     156
      82
      65
      52
      47
      49
      66
      56
      50
      57
      52
      56
      31
      47
      47
      39
      50
      58
      38
      44
      37
      42
      56
      47
      49
      60
      42
      61
      40
      57
      48
      54
      58
      67
      64
      70
      70
      86
      77
      99
     157
     175
     172
     146
     115
     157
     140
     162
      95
      77
      54
      63
      55
      64
      60
      57
      56
      73
      68
      61
      70
      84
     117
     181
     328
     507
     624
     574
     417
     236
     114
      63
      56
      59
      66
      54
      40
      41
      43
      43
      45
      55
      54
      44
      47
      63
      53
      43
      38
      52
      48
      51
      36
      41
      48
      48
      56
      51
      63
      56
      46
      46
      47
      39
      32
      38
      38
      36
      46
      36
      48
      44
      42
      43
      29
      41
      52
      51
      61
      58
      64
      72
      58
      62
      56
      81
      89
      91
      75
      59
      55
      53
      58
      39
      35
      46
      40
      34
      34
      44
      42
      43
      37
      24
      38
      48
      37
      38
      40
      47
      43
      54
      30
      40
      62
      45
      27
      29
      39
      57
      57
      58
      58
      83
      77
      91
      70
      62
      61
      54
      50
      37
      35
      51
      50
      42
      25
      38
      37
      41
      31
      41
      39
      47
      40
      44
      43
      38
      40
      38
      48
      30
      35
      41
      42
      36
      40
      45
      41
      40
      45
      47
      37
      40
      34
      46
      25
      53
      38
      46
      38
      41
      42
      33
      39
      35
      31
      37
      36
      29
      36
      38
      35
      41
      31
      30
      50
      33
      24
      38
      42
      45
      38
      30
      38
      40
      40
      43
      35
      28
      32
      35
      29
      51
      34
      39
      38
      24
      31
      34
      35
      47
      41
      35
      42
      44
      35
      36
      41
      35
      33
      32
      31
      37
      39
      31
      39
      30
      45
      41
      38
      45
      37
      36
      40
      34
      38
      24
      35
      35
      30
      54
      38
      41
      47
      47
      40
      34
      46
      39
      41
      32
      31
      42
      40
      62
      63
      69
      52
      46
      44
      33
      34
      39
      41
      26
      37
      36
      21
      38
      41
      32
      38
      32
      35
      33
      28
      34
      32
      31
      30
      34
      33
      39
      44
      28
      47
      26
      28
      29
      37
      35
      37
      25
      34
      26
      42
      38
      40
      37
      33
      53
      40
      36
      31
      33
      30
      23
      37
      25
      32
      25
      26
      31
      25
      38
      32
      28
      38
      29
      28
      38
      38
      30
      27
      25
      30
      39
      35
      31
      25
      37
      29
      31
      35
      43
      35
      27
      23
      23
      33
      35
      31
      35
      28
      28
      33
      34
      25
      26
      38
      18
      42
      38
      32
      34
      28
      30
      25
      32
      31
      37
      23
      30
      25
      40
      26
      31
      31
      27
      28
      35
      23
      31
      30
      24
      29
      25
      34
      36
      31
      25
      26
      33
      29
      28
      23
      37
      20
      29
      27
      28
      21
      28
      24
      20
      24
      31
      37
      31
      23
      14
      24
      31
      26
      27
      32
      21
      26
      29
      29
      32
      33
      35
      30
      26
      23
      29
      21
      39
      24
      21
      20
      19
      25
      23
      29
      38
      22
      27
      24
      20
      27
      21
      20
      23
      13
      19
      33
      30
      23
      21
      26
      23
      25
      15
      19
      21
      25
      25
      22
      26
      29
      22
      20
      17
      15
      27
      17
      24
      25
      18
      28
      25
      22
      23
      23
      31
      21
      24
      23
      20
      22
      25
      23
      18
      21
      32
      17
      19
      19
      22
      14
      17
      19
      27
      22
      22
      25
      17
      17
      16
      17
      22
      19
      27
      22
      14
      18
      20
      24
      21
      18
      22
      28
      34
      34
      39
      49
      50
      32
      19
       9
      19
      25
      14
      22
      21
      25
      18
      17
      22
      23
      27
      19
      20
       9
      19
      25
      15
      20
      23
      18
      27
      34
      27
      32
      36
      27
      29
      29
      25
      16
      21
      30
      16
      22
      14
      24
      20
      18
      21
      20
      20
      16
      23
      20
      17
      19
      17
      14
      20
      12
      12
      13
      22
      14
      16
      19
      19
      18
      16
      16
      23
      12
      25
      14
      17
      14
      19
      21
      12
      12
      18
      21
      17
      36
      28
      30
      59
      74
      93
      90
      81
      73
      46
      26
      22
       9
      21
      18
      22
      15
      18
      21
      20
      16
      15
      21
      15
      12
      14
      18
      19
      13
      11
      16
      15
      10
      15
      29
      20
      21
      25
      39
      21
      35
      40
      32
      17
      20
      20
      16
      16
      13
      10
      13
      11
      16
      15
      16
      16
      12
      20
      19
      18
      29
      27
      27
      22
      27
      18
      20
       9
      18
      24
      26
      25
      42
      43
      52
      51
      28
      25
      20
      11
      11
      12
      17
      11
      11
      11
      11
      12
      13
      13
       8
      12
       7
      16
      19
      16
      20
       8
      12
      16
      12
      16
      16
       7
      18
      14
      19
      10
      15
      10
      11
      16
      13
      19
      14
      14
      16
      12
      13
      10
      12
      16
      19
      18
      21
      19
      18
      18
      15
      13
      15
      21
      11
      14
      17
      20
      21
      31
      17
      14
      11
       8
      17
       9
      12
      13
      17
      17
       9
      12
      13
      17
       5
      18
      10
      16
      20
      10
      10
       7
      17
       7
      10
      10
      13
       9
      11
      16
      21
       7
      18
      13
      10
      16
      19
      15
      18
      14
      19
      39
      30
      69
      74
      81
      37
      26
      17
      21
       8
      18
      25
      29
      38
      38
      37
      26
      14
      15
       9
      11
      16
      14
      11
      13
      11
      11
      12
       7
       8
      13
      11
      13
      11
      10
      15
      10
      12
       8
      16
      11
      14
      16
       8
      11
      12
      17
       8
      12
      16
      16
      10
       7
      11
      14
       8
      10
       7
      11
      10
      20
      17
      28
      24
      21
      21
      20
      11
      13
      19
      11
       9
      12
      11
      21
      13
      20
      15
      16
      31
      45
      57
      92
     174
     253
     337
     356
     279
     173
      83
      41
      27
      14
      21
      15
      13
       9
       6
      18
      15
      10
      12
       7
      13
      11
      13
       3
       5
      12
       4
       8
      13
       2
       6
      11
       7
       9
      11
      11
       6
      12
       9
       9
       8
      11
       8
      14
       9
       6
      12
       7
       6
      12
      10
      10
       9
       4
      17
      11
       6
       7
       5
       7
       5
      12
       5
      10
      14
       5
       4
      11
       5
       7
      10
       7
       9
       6
       8
       9
      10
       7
       8
      10
       6
       4
      10
       7
       6
       4
       6
      10
       6
       5
      12
       6
       9
       9
       8
      11
       9
       6
       9
       9
       9
      10
       9
      10
       8
       5
       5
      14
       9
       7
       6
       7
      11
      10
       8
       7
       8
      15
       7
      12
       7
      14
       8
       7
       6
       7
      12
      14
       7
       5
       9
       8
       7
       4
       4
       3
      12
       7
       9
       6
      10
      13
       7
       4
       7
      13
       3
       5
       2
       6
       9
       5
       9
       4
       4
       7
       4
       6
      12
       2
       7
       7
       4
       8
       4
       6
       8
      12
      10
       9
       4
       9
       6
       9
      10
       9
       6
       8
      10
      11
       6
       7
      12
       7
       6
       4
       7
       1
      10
       4
       6
       3
       4
       5
       9
       3
      10
       8
       5
       6
       4
       9
       3
       8
       6
       8
       6
       8
      10
       3
       1
       8
       5
       8
       7
       6
       8
       6
       4
      11
       6
       8
       1
       5
       5
       2
       6
       7
       5
       4
       5
       4
       4
       6
       3
      10
       8
       4
       8
       2
       6
       7
       9
       6
       7
       8
       7
      11
       9
       4
      13
       8
      12
      13
       7
       5
       3
       5
      10
       8
       3
       5
       8
       8
       2
      11
      10
      12
       8
       4
      11
      20
      12
      21
      27
      32
      32
      18
       5
       8
       9
       8
       3
       5
       5
       3
       2
       9
       2
       5
      10
       4
       3
       5
       3
       3
       8
       8
       6
       3
       6
       3
       4
       5
       7
       1
      13
       2
       8
       4
       7
       2
       4
       9
       3
       8
       3
       2
       5
       4
       2
       6
      10
       8
      12
       9
       6
       8
       8
       5
      14
       4
       3
       2
       6
       3
       6
      10
       6
      10
      15
      16
      28
      34
      36
      45
      29
      20
      14
      27
      13
       7
       4
       3
       8
       6
      10
       8
      10
       9
      18
       7
       5
       5
       5
       6
       6
       3
       6
       7
       3
       9
       6
       4
      11
       5
       2
       5
       2
       3
       8
       4
       4
       3
       3
       6
       5
       2
       7
       4
       5
       4
       2
       2
       2
       5
       5
       1
       3
       2
       2
       5
       2
       2
       5
      11
       8
       4
       7
       6
       5
       3
       5
       6
       7
       4
       7
       5
       5
       1
       1
      10
       4
       7
       3
       3
       2
       4
       2
       4
       4
       1
       7
       4
       4
       1
       2
       5
       5
       6
       8
       8
       4
       7
       1
       4
       4
       5
       4
       4
       2
       2
       2
       4
       5
       2
       5
       2
       4
       3
       5
       7
       2
       4
       6
       2
       3
       6
       5
       5
       1
       6
       5
       6
       3
       7
       5
       3
       1
       1
       4
       2
       2
       2
       5
       4
       5
       5
      10
       4
       1
       4
       2
       3
       0
       4
       5
       2
       4
       2
       6
       2
       6
       5
       4
       3
       1
       2
       5
       8
       2
       3
       6
       6
      10
       3
       4
       2
       5
       5
       2
       7
       7
       6
       1
       3
       3
       2
       4
       5
       1
       5
       5
       4
       4
       2
       3
       2
       1
       3
       0
       2
       1
       1
       4
       4
       1
       4
       4
       4
       2
       2
       3
       1
       4
       1
       0
       4
       1
       3
       1
       2
       2
       3
       6
       5
       8
       4
       4
       7
       3
       2
       3
       2
       7
       4
       2
       4
       5
       4
       4
       0
       4
       8
       5
       7
       6
       2
       6
       1
       2
       4
       4
       3
       1
       3
       3
       7
       2
       3
       4
       2
       7
       2
       3
       2
       6
       2
       5
       2
       1
       0
       3
       4
       1
       5
       1
       3
       2
       2
       3
       2
       4
       2
       3
       2
       4
       5
       0
       4
       0
       2
       3
       4
       3
       2
       2
       2
       1
       1
       4
       0
       5
       3
       2
       4
       5
       3
       2
       4
       1
       4
       1
       6
       2
       2
       1
       4
       3
       3
       2
       4
       1
       1
       1
       2
       1
       5
       2
       3
       2
       1
       3
       2
       5
       1
       1
       1
       1
       2
       3
       5
       1
       2
       3
       2
       0
       4
       2
       2
       0
       1
       3
       4
       2
       2
       1
       5
       3
       2
       4
       1
       3
       2
       2
       3
       2
       3
       3
       1
       2
       1
       1
       2
       0
       2
       2
       0
       1
       3
       1
       4
       5
       1
       4
       4
       5
       7
       7
      10
      13
       7
       6
       5
       5
       7
       2
       1
       5
       2
       4
       2
       1
       0
       1
       0
       4
       1
       4
       3
       3
       4
       4
       3
       0
       2
       1
       0
       2
       4
       1
       4
       1
       2
       1
       4
       1
       4
       2
       2
       2
       2
       2
       1
       2
       2
       5
       1
       2
       1
       2
       2
       1
       1
       1
       0
       4
       5
       6
       3
       2
       1
       2
       2
       1
       3
       8
       5
       6
       9
      14
      10
      12
       9
       8
       2
       3
       3
       3
       1
       4
       0
       1
       4
       0
       4
       1
       2
       3
       1
       1
       0
       1
       2
       2
       2
       2
       5
       3
       2
       5
       2
       1
       3
       2
       5
       3
       2
       2
       0
       3
       4
       1
       2
       1
       4
       6
       3
       4
       4
       1
       4
       0
       4
       1
       1
       1
       2
       1
       1
       3
       2
       4
       2
       0
       3
       3
       4
       3
       3
       4
       1
       4
       0
       3
       3
       1
       1
       2
       1
       3
       3
       2
       0
       1
       1
       3
       4
       0
       3
       1
       3
       2
       1
       3
       2
       2
       3
       3
       5
       4
       6
       1
       0
       5
       1
$ROI:
0
$PRESETS:
None
0
0
$ENER_FIT:
-0.17 0.50021
$MCA_CAL:
3
-0.17000 0.50021 0.00 keV
$SHAPE_CAL:
3
-0.765948053477 7.83958431117 -26.4079756712
$META:
{'istp': ['133CEm', '133CEg', '133LA', '132CE', '132LA', '139CE', '137CEg', '137CEm', '137LA', '135CE', '135LA', '134LA', '132CS', '7BE', '133BAm', '133BAg'], 'res': 0.05, 'R': 0.2, 'unc_eff': [[0.024053508436386758, -0.2517435071854035, 0.6502498581753428], [-0.25174350718540356, 2.65027007823169, -6.882714286693032], [0.6502498581753429, -6.882714286693032, 17.966849727438788]], 'alpha': 0.9}
