$SPEC_ID:
No sample description was entered.
$SPEC_REM:
DET# 9480
DETDESC# HPGE
AP# Maestro Version 7.01
$DATE_MEA:
10/17/2018 17:06:08
$MEAS_TIM:
294 330
$DATA:
0 4095
      49
      55
       0
       0
       0
       0
       0
       0
       0
       0
       0
       0
       0
       0
       0
       0
       0
       0
       0
       0
       0
       0
       0
       1
       1
       0
       0
       2
       0
       0
       1
       1
       0
       0
       0
       0
       0
       0
       1
      12
      94
    1044
    2237
    2254
    2242
    2158
    2129
    2163
    2117
    2174
    2137
    2065
    2069
    2066
    2034
    2063
    1958
    2003
    2003
    1997
    1995
    2008
    1922
    2022
    1970
    1963
    1975
    1870
    1866
    1841
    1893
    1855
    1851
    1888
    1839
    1816
    1887
    1914
    1828
    1952
    1928
    2230
    2550
    1918
    1614
    1685
    1638
    1618
    1737
    1699
    1634
    1669
    1672
    1677
    1664
    1610
    1640
    1657
    1607
    1683
    1635
    1634
    1598
    1658
    1664
    1593
    1601
    1640
    1638
    1607
    1628
    1539
    1566
    1620
    1580
    1588
    1593
    1583
    1625
    1697
    1683
    1527
    1613
    1562
    1509
    1525
    1489
    1587
    1566
    1600
    1520
    1630
    1610
    1687
    2251
    2599
    1752
    1589
    1553
    1615
    1581
    1471
    1434
    1424
    1558
    1498
    1511
    1460
    1529
    1514
    1579
    1536
    1476
    1502
    1557
    1473
    1563
    1489
    1468
    1499
    1532
    1481
    1444
    1533
    1558
    1548
    1549
    1552
    1511
    1503
    1546
    1454
    1491
    1576
    1562
    1494
    1578
    1481
    1538
    1523
    1551
    1546
    1610
    1668
    1751
    1587
    1551
    1570
    1512
    1533
    1521
    1565
    1565
    1472
    1508
    1470
    1502
    1492
    1605
    1549
    1530
    1487
    1605
    1580
    1593
    1490
    1499
    1585
    1450
    1584
    1555
    1570
    1572
    1591
    1582
    1557
    1693
    1641
    1524
    1653
    1587
    1613
    1606
    1666
    1561
    1637
    1634
    1695
    1666
    1685
    1606
    1668
    1611
    1653
    1602
    1669
    1551
    1692
    1649
    1644
    1676
    1694
    1911
    3482
    4961
    2826
    1719
    1690
    1669
    1591
    1594
    1653
    1794
    2506
    3952
    3191
    1800
    1695
    1633
    1666
    1601
    1710
    1619
    1572
    1564
    1594
    1653
    1572
    1666
    1631
    1598
    1731
    1894
    2011
    1777
    1684
    1577
    1650
    1627
    1598
    1607
    1621
    1715
    1604
    1650
    1604
    1589
    1630
    1636
    1599
    1647
    1668
    1644
    1648
    1616
    1620
    1592
    1584
    1591
    1671
    1621
    1668
    1656
    1583
    1560
    1654
    1652
    1572
    1659
    1709
    1662
    1699
    1657
    1615
    1603
    1656
    1850
    1818
    1722
    1700
    1659
    1702
    1679
    1738
    1640
    1728
    1672
    1701
    1711
    1685
    1710
    1753
    1689
    1680
    1795
    1779
    1928
    1882
    2009
    2002
    2078
    1985
    2049
    2173
    2169
    2189
    2211
    2251
    2359
    2249
    2330
    2227
    2215
    2210
    2168
    2200
    2270
    2244
    2259
    2215
    2237
    2206
    2241
    2150
    2253
    2164
    2017
    2144
    2163
    2123
    2072
    2102
    2080
    2094
    1954
    2084
    1892
    1958
    2003
    1911
    1908
    1872
    1797
    1813
    1884
    1798
    1874
    1815
    1781
    1741
    1762
    1698
    1669
    1728
    1720
    1629
    1678
    1740
    1635
    1683
    1657
    1635
    1654
    1607
    1579
    1579
    1543
    1582
    1557
    1539
    1546
    1552
    1520
    1532
    1500
    1516
    1589
    1521
    1458
    1507
    1499
    1458
    1517
    1506
    1390
    1437
    1400
    1354
    1420
    1435
    1377
    1407
    1412
    1419
    1368
    1411
    1347
    1378
    1393
    1361
    1347
    1347
    1403
    1441
    1285
    1334
    1320
    1278
    1319
    1203
    1334
    1301
    1286
    1243
    1277
    1317
    1256
    1264
    1290
    1318
    1300
    1255
    1216
    1254
    1290
    1205
    1217
    1198
    1247
    1200
    1301
    1166
    1243
    1241
    1285
    1154
    1210
    1203
    1254
    1217
    1191
    1173
    1161
    1196
    1263
    1372
    1615
    1618
    1349
    1139
    1216
    1188
    1337
    1515
    1481
    1281
    1192
    1152
    1155
    1170
    1206
    1172
    1115
    1177
    1098
    1096
    1121
    1088
    1100
    1087
    1114
    1058
    1128
    1149
    1155
    1149
    1157
    1119
    1144
    1222
    1327
    1331
    1221
    1146
    1116
    1140
    1088
    1170
    1115
    1062
    1137
    1146
    1117
    1142
    1175
    1112
    1117
    1081
    1169
    1151
    1065
    1115
    1114
    1120
    1119
    1136
    1115
    1097
    1161
    1106
    1121
    1175
    1186
    1164
    1083
    1078
    1140
    1185
    1096
    1122
    1147
    1146
    1152
    1288
    1828
    2784
    2590
    1535
    1102
    1169
    1186
    1155
    1144
    1104
    1097
    1155
    1194
    1137
    1126
    1196
    1160
    1173
    1183
    1183
    1157
    1162
    1146
    1148
    1117
    1155
    1244
    1199
    1171
    1204
    1232
    1236
    1202
    1199
    1165
    1226
    1220
    1193
    1267
    1215
    1218
    1198
    1231
    1226
    1229
    1255
    1204
    1248
    1242
    1238
    1289
    1231
    1225
    1192
    1294
    1257
    1238
    1243
    1314
    1264
    1220
    1292
    1255
    1314
    1264
    1296
    1302
    1285
    1308
    1268
    1303
    1338
    1280
    1335
    1297
    1324
    1343
    1297
    1326
    1285
    1355
    1297
    1302
    1313
    1396
    1336
    1382
    1383
    1375
    1352
    1334
    1403
    1335
    1401
    1443
    1360
    1366
    1420
    1387
    1353
    1345
    1354
    1380
    1374
    1364
    1302
    1340
    1379
    1390
    1303
    1206
    1269
    1217
    1202
    1218
    1106
    1159
    1145
    1122
    1028
    1046
     996
     943
     952
     926
     909
     936
     887
     881
     883
     855
     810
     844
     829
     910
     824
     871
     795
     794
     731
     775
     810
     781
     777
     778
     768
     750
     748
     766
     722
     776
     720
     668
     705
     678
     699
     716
     694
     642
     690
     637
     657
     682
     686
     635
     634
     642
     664
     638
     658
     673
     625
     642
     606
     659
     604
     637
     630
     626
     669
     680
     764
     723
     659
     597
     572
     612
     559
     578
     598
     568
     571
     544
     566
     509
     556
     581
     539
     543
     507
     482
     503
     510
     560
     521
     526
     552
     534
     501
     528
     492
     495
     477
     520
     477
     543
     452
     503
     504
     439
     499
     523
     552
     669
     662
     553
     431
     467
     450
     457
     444
     494
     415
     433
     440
     448
     408
     445
     421
     403
     401
     419
     410
     420
     415
     433
     410
     417
     400
     411
     390
     353
     379
     390
     362
     371
     353
     406
     428
     412
     354
     360
     350
     354
     381
     343
     376
     386
     397
     361
     317
     367
     367
     348
     362
     340
     352
     321
     325
     336
     323
     308
     331
     345
     377
     329
     328
     340
     356
     303
     342
     340
     326
     344
     341
     313
     332
     344
     306
     336
     329
     320
     323
     315
     336
     312
     324
     321
     328
     294
     329
     297
     335
     334
     333
     320
     285
     359
     305
     313
     333
     312
     312
     301
     317
     337
     327
     339
     305
     281
     314
     305
     329
     316
     335
     336
     318
     324
     338
     281
     301
     334
     321
     264
     304
     299
     288
     305
     280
     296
     312
     321
     310
     334
     323
     351
     309
     340
     358
     327
     324
     309
     300
     310
     313
     300
     335
     319
     286
     310
     360
     327
     327
     325
     332
     318
     319
     285
     317
     308
     310
     317
     292
     322
     289
     336
     365
     463
     676
    1034
    1016
     768
     488
     339
     287
     319
     377
     344
     315
     309
     323
     317
     328
     319
     303
     323
     310
     301
     312
     319
     316
     329
     348
     318
     329
     366
     353
     285
     371
     304
     343
     300
     298
     314
     316
     349
     329
     321
     342
     329
     339
     344
     388
     316
     372
     383
     387
     393
     368
     379
     387
     404
     402
     410
     464
     535
     624
     813
    1142
    1862
    2822
    4024
    5827
    9347
   15008
   22120
   27911
   29770
   26770
   20272
   13112
    7510
    4030
    2349
    1498
    1078
     815
     610
     574
     517
     449
     443
     416
     366
     437
     399
     395
     359
     379
     371
     331
     315
     340
     331
     299
     312
     314
     298
     300
     314
     267
     308
     266
     293
     285
     289
     303
     242
     257
     255
     259
     248
     292
     254
     256
     268
     262
     243
     264
     260
     251
     235
     239
     259
     248
     248
     235
     219
     242
     233
     245
     249
     227
     208
     239
     238
     230
     271
     258
     390
     570
     920
    1080
     861
     435
     258
     203
     204
     228
     213
     227
     244
     214
     194
     209
     231
     223
     234
     207
     204
     209
     192
     173
     194
     208
     176
     196
     191
     186
     205
     208
     219
     202
     211
     192
     204
     200
     198
     198
     199
     193
     204
     186
     222
     200
     194
     201
     203
     189
     189
     227
     182
     202
     211
     194
     162
     184
     180
     178
     199
     192
     191
     193
     171
     179
     188
     209
     192
     187
     202
     168
     185
     182
     223
     187
     182
     210
     199
     180
     222
     209
     222
     220
     220
     202
     176
     158
     173
     186
     171
     204
     171
     197
     207
     235
     374
     585
     922
    1413
    1333
     710
     324
     229
     205
     176
     184
     177
     193
     184
     183
     197
     196
     168
     197
     176
     175
     195
     198
     197
     166
     185
     146
     181
     167
     179
     189
     172
     192
     167
     161
     175
     171
     188
     175
     168
     130
     191
     160
     172
     152
     192
     176
     152
     167
     184
     167
     142
     131
     145
     162
     150
     154
     154
     163
     157
     172
     135
     157
     168
     136
     118
     135
     142
     159
     138
     154
     145
     146
     145
     169
     165
     147
     154
     145
     145
     130
     147
     153
     155
     173
     170
     127
     152
     136
     133
     124
     133
     152
     135
     137
     172
     153
     155
     152
     133
     139
     141
     145
     129
     143
     132
     143
     120
     140
     172
     146
     122
     144
     152
     138
     139
     155
     154
     171
     235
     301
     414
     484
     416
     219
     139
     141
     124
     137
     152
     121
     129
     136
     128
     128
     115
     132
     127
     154
     137
     126
     159
     137
     128
     131
     151
     119
     142
     149
     134
     129
     137
     136
     135
     125
     144
     130
     151
     121
      97
     149
     124
     139
     138
     137
     115
     137
     117
     118
     147
     143
     144
     122
     135
     131
     129
     137
     144
     149
     128
     131
     143
     132
     121
     117
     120
     113
     138
     122
     126
     121
     105
     108
     137
     121
     121
     124
     118
     125
     120
     108
     120
     117
     109
     120
     146
     125
     127
     119
     117
     128
     141
     104
     133
     116
     118
     126
     112
     113
     116
     114
      98
     106
     127
     117
     112
     116
     114
     125
     121
     123
     125
     115
     111
      87
      97
     126
     107
     104
     123
     108
     109
     122
     112
     127
     104
     117
      94
     106
     125
     115
      97
     119
     111
     105
     129
      94
      92
     112
     121
     113
     111
     113
     106
     102
     117
     120
      94
     119
     118
     104
     111
      98
     106
     101
      86
     123
     106
      95
      97
     107
      92
      91
      80
      84
      88
      79
      98
      88
     100
     104
      96
     103
     119
     128
     196
     284
     387
     527
     471
     291
     121
      92
     102
      88
      85
      79
      93
      95
      88
     106
      89
      96
      78
      94
     114
      88
      85
      83
      94
      83
     100
      78
      87
      86
      90
      68
      90
      92
      79
      79
      78
      97
      86
      85
      83
      91
      81
      88
      86
      81
      82
      87
      80
      80
      87
      97
      75
      88
      80
      77
      76
      87
      89
      82
      85
      81
      74
      76
      81
      87
      79
      79
      94
      88
      77
      69
      81
      87
      72
      71
      78
      70
      74
      85
      65
      77
      87
      68
      69
      81
      77
      78
      78
      86
      74
      89
      73
      76
      73
      71
      80
      70
      79
      71
      66
      96
      98
      84
      65
      67
      83
      72
      73
      76
      60
      80
      75
      74
      61
      84
      71
      74
      87
      72
      81
     110
      92
      94
      92
      76
      68
      75
      77
     103
     108
     158
     222
     371
     612
     915
    1187
    1145
     705
     266
     112
      77
      74
      60
      78
      66
      68
      84
      80
      90
      71
      73
      66
      62
      75
      80
      63
      73
      69
      75
      69
      64
      59
      75
      80
      76
      58
      68
      62
      61
      78
      59
      70
      71
      47
      65
      67
      79
      70
      59
      87
      70
      91
      87
      97
      85
      86
      41
      74
      57
      57
      77
      67
      70
      64
      53
      59
      63
      60
      57
      69
      69
      68
      59
      84
     129
     167
     231
     285
     257
     199
     109
      74
      67
      60
      66
      52
      60
      63
      61
      71
      51
      45
      64
      61
      79
      51
      44
      50
      50
      55
      52
      47
      58
      57
      51
      51
      59
      55
      65
      47
      54
      50
      62
      62
      62
      60
      66
      53
      71
      60
      49
      62
      51
      59
      61
      62
      52
      63
      61
      57
      48
      59
      58
      53
      67
      54
      60
      56
      55
      34
      60
      44
      50
      43
      46
      38
      63
      64
      59
      57
      70
      61
      55
      61
      54
      53
      56
      43
      54
      64
      51
      45
      52
      62
      59
      49
      59
      47
      53
      55
      56
      53
      66
      52
      48
      45
      63
      64
      74
      49
      56
      42
      44
      59
      47
      54
      49
      49
      56
      48
      69
      47
      65
      54
      70
      46
      48
      48
      69
      65
      68
      62
      60
      55
      42
      54
      56
      42
      48
      55
      41
      65
      39
      46
      50
      55
      46
      58
      51
      34
      57
      45
      38
      60
      55
      58
      52
      51
      45
      48
      59
      53
      45
      54
      60
      44
      52
      62
      66
      91
      96
     152
     218
     302
     482
     697
     824
     773
     515
     220
     125
     141
     192
     268
     354
     403
     288
     151
      91
      58
      45
      52
      63
      52
      45
      53
      42
      58
      57
      50
      49
      57
      65
      58
      47
      52
      56
      52
      48
      55
      53
      42
      44
      45
      49
      61
      43
      46
      40
      51
      52
      51
      62
      56
      50
      54
      54
      47
      48
      32
      55
      46
      45
      45
      55
      39
      55
      47
      47
      47
      64
      48
      46
      52
      44
      56
      67
      55
      45
      55
      44
      42
      58
      52
      50
      52
      41
      53
      57
      53
      60
      51
      55
      60
      35
      56
      35
      44
      46
      40
      40
      42
      56
      38
      50
      52
      53
      53
      44
      45
      69
      47
      61
      49
      60
      53
      52
      56
      56
      45
      51
      52
      48
      45
      40
      52
      46
      44
      50
      59
      45
      54
      47
      54
      46
      47
      46
      35
      38
      49
      53
      47
      40
      52
      43
      47
      60
      50
      56
      53
      42
      48
      49
      49
      48
      56
      49
      54
      54
      55
      39
      48
      55
      53
      51
      48
      45
      43
      63
      56
      54
      58
      38
      50
      44
      49
      49
      47
      52
      60
      56
      58
      49
      69
      57
      60
      39
      70
      59
      54
      42
      51
      61
      47
      49
      50
      39
      42
      46
      31
      33
      40
      54
      52
      35
      43
      45
      49
      41
      45
      54
      39
      45
      49
      36
      47
      59
      46
      56
      65
      54
      51
      34
      54
      57
      44
      30
      49
      44
      42
      44
      50
      43
      54
      43
      34
      48
      38
      41
      43
      41
      44
      42
      43
      47
      49
      39
      45
      36
      32
      44
      40
      41
      28
      36
      57
      48
      36
      53
      44
      52
      43
      39
      39
      66
      48
      40
      41
      47
      41
      65
      39
      40
      34
      47
      37
      42
      46
      48
      49
      44
      30
      55
      46
      48
      35
      45
      40
      48
      40
      34
      38
      61
      35
      40
      51
      35
      48
      39
      54
      41
      43
      34
      46
      40
      39
      40
      35
      48
      35
      45
      40
      44
      51
      45
      52
      49
      38
      44
      32
      42
      43
      51
      39
      39
      44
      40
      40
      48
      45
      47
      45
      35
      43
      35
      38
      41
      36
      44
      70
      50
      71
      50
      55
      43
      49
      46
      41
      52
      40
      29
      41
      39
      40
      44
      38
      45
      38
      51
      49
      54
      44
      52
      49
      41
      41
      42
      56
      44
      48
      48
      53
      49
      45
      58
      56
      42
      44
      43
      43
      38
      44
      41
      57
      49
      38
      46
      58
      29
      40
      43
      49
      38
      52
      31
      38
      47
      59
      51
      43
      30
      46
      50
      43
      47
      38
      44
      42
      43
      43
      48
      44
      39
      32
      36
      60
      34
      48
      55
      38
      29
      42
      35
      47
      54
      38
      50
      48
      43
      39
      45
      43
      41
      49
      47
      46
      45
      33
      45
      49
      48
      37
      44
      44
      47
      49
      38
      35
      46
      52
      44
      31
      46
      41
      46
      30
      36
      47
      36
      51
      30
      46
      35
      36
      37
      50
      48
      36
      46
      43
      38
      37
      43
      43
      40
      37
      27
      42
      34
      42
      36
      41
      30
      48
      51
      43
      41
      41
      43
      46
      57
      51
      46
      45
      38
      44
      42
      30
      39
      36
      37
      31
      32
      29
      42
      35
      37
      45
      46
      46
      51
      57
      61
      74
      82
      70
      57
      44
      49
      38
      32
      27
      40
      41
      39
      33
      33
      37
      28
      39
      29
      24
      24
      45
      31
      39
      34
      25
      20
      34
      33
      37
      40
      41
      42
      34
      34
      38
      18
      22
      35
      39
      22
      37
      40
      30
      32
      33
      33
      23
      23
      45
      30
      33
      28
      25
      38
      33
      43
      37
      33
      28
      37
      31
      27
      19
      27
      35
      28
      31
      26
      30
      33
      18
      31
      25
      21
      34
      28
      15
      32
      32
      31
      34
      23
      26
      30
      18
      25
      37
      30
      35
      35
      34
      21
      34
      25
      24
      16
      24
      27
      24
      21
      28
      38
      39
      49
      56
      83
      79
     100
      78
      82
      49
      40
      35
      27
      24
      19
      29
      20
      24
      26
      20
      30
      40
      44
      38
      34
      36
      23
      39
      22
      22
      27
      22
      17
      22
      32
      20
      27
      25
      30
      25
      19
      22
      33
      15
      23
      23
      22
      24
      29
      15
      30
      19
      18
      22
      23
      20
      10
      16
      22
      21
      24
      19
      21
      19
      25
      18
      26
      14
      20
      30
      33
      14
      12
      16
      22
      21
      13
      18
      17
      22
      13
      16
      16
      19
      24
      13
      15
      24
      13
      22
      19
      37
      18
      22
      15
      18
      17
      25
      17
      15
      24
      11
      17
      17
      22
      14
      22
      19
      20
      20
      21
      24
      25
      28
      32
      14
      18
      21
      16
      14
      20
      12
      10
      20
      13
      20
      17
      23
      14
      23
      17
      21
      13
      21
      10
      16
      21
      29
      20
      15
      18
      14
      27
      17
      14
      15
      17
      16
      18
      22
      13
      27
      20
      22
      16
      16
      27
      32
      32
      23
      40
      46
      63
      51
      45
      31
      30
      21
      13
      11
      19
      20
      17
      22
      21
      23
      20
      28
      10
      16
      15
      20
      15
      19
      18
      16
      21
      16
      15
      12
      19
      22
      14
      33
      24
      25
      24
      32
      19
      24
      21
      16
      10
      16
      19
      10
      12
      11
      15
      11
      16
      12
      25
      26
      23
      21
      38
      34
      46
      56
      51
      68
      89
      65
      35
      20
      12
      21
      13
      12
      18
       9
      15
      12
      14
       8
      16
      15
      17
      16
      19
       9
       9
      15
      14
      19
      15
      18
      20
      32
      20
      16
      25
      15
      11
      21
      14
      21
      18
      13
      24
      14
      17
      14
      18
      34
      26
      25
      31
      28
      34
      31
      26
      30
      20
      23
      26
      49
      59
      95
     120
     129
     190
     282
     326
     323
     271
     167
      86
      35
      18
      13
      17
      20
      19
      17
      11
      18
      10
      13
      16
      17
      16
      22
      20
      17
      14
       9
      15
      19
       8
      21
      17
      14
      19
      16
      17
      11
      20
      11
      17
      13
      18
      20
      16
      14
      12
      20
      14
      20
      16
      16
      19
      15
      13
      16
      18
      15
      22
      25
      29
      36
      34
      42
      76
      87
      92
      98
      86
      58
      21
      22
      15
      11
      11
      14
      20
      11
      14
      17
      17
      22
      12
      12
      14
      18
      15
      25
      11
      14
      21
      16
      11
      13
      11
      14
      14
      15
       7
      19
      19
       9
       9
      13
       6
      14
      17
      11
      26
      36
      30
      34
      47
      56
      91
     106
     141
     152
     168
     165
      98
      39
      25
      19
      14
      20
      15
       8
      12
      16
      23
      20
      16
      23
      17
      18
      15
      18
      12
      17
      11
      14
       9
      14
       6
      11
      10
      10
      16
      15
       9
      12
      19
       9
      16
      11
      13
      13
      20
      11
      20
      17
      15
      16
      15
      11
      17
      14
      18
      19
      12
      17
       9
      18
       7
      10
       9
      13
      15
      13
       8
      11
       7
      17
      15
       8
      12
      26
      13
      18
      11
      10
      12
      13
      11
      11
      12
      10
       9
      16
       9
       4
      10
       9
       8
      14
      11
      15
       9
       8
       9
       9
      16
      10
      12
       7
       9
      14
       6
      12
       7
      15
       9
       7
      18
      11
      14
      13
      16
      12
      13
      11
       8
      10
      13
       7
      15
      18
       9
       6
      12
      11
      13
      12
      11
      12
       9
      10
      16
      14
      10
      10
       5
      17
      12
       6
      16
      14
      11
      12
      13
      10
       9
      10
      11
      10
       9
      13
       4
       6
      11
      14
      13
      16
      12
      10
       9
      13
      14
      12
      17
       5
      13
      13
      14
      10
      10
       8
       3
      17
      10
       9
      13
      17
      13
      13
      12
       8
      12
      10
       9
      13
      15
       6
       9
       5
       7
       8
       6
      12
      14
      11
      11
       6
      15
      11
      14
      17
      18
      14
       5
      15
      12
      13
      11
       9
      11
      12
      12
       9
       8
      11
      16
       6
      12
       6
       7
      15
       4
      11
       8
       9
      10
      12
       5
      12
      15
      11
      10
      11
       4
      11
      10
       6
       8
       8
      11
      10
      13
      20
      13
       2
      16
      14
      12
       9
       5
      12
       9
      13
      12
       4
       7
      11
      12
      14
      14
       5
       6
      12
       7
       9
       5
      12
       6
       8
       6
      10
      13
       9
       8
      10
       9
      11
      12
      11
      13
      11
      10
       8
       5
      17
       8
      10
      10
      12
      10
       5
       7
       6
      14
      11
      15
      13
      12
       9
      14
      15
      14
       7
       5
       7
      13
       8
      10
       8
      12
       6
      10
       6
      13
       7
      10
       7
      10
      15
      11
       9
      14
       9
       5
       7
      12
       4
      14
       8
      13
      14
       9
      10
      12
       9
       7
       9
      13
      15
      11
       9
       6
      13
      10
       9
      11
       9
       8
       7
       6
       6
       4
       9
       7
       8
       7
      13
       9
      15
       9
       9
      13
      11
       6
       5
       8
      12
       9
      16
      12
      10
       8
      13
      11
      13
       7
       5
       9
       8
      12
       7
      13
       6
       6
       5
       7
      13
       6
       5
       9
       5
      11
       8
       9
       8
      11
       8
       9
       8
      11
       6
      10
       3
      10
      10
       4
       3
       8
      10
      12
       6
       6
       8
       9
       6
      11
       9
      11
       4
       5
      11
       3
       6
       5
       6
       6
      12
       9
       6
      10
       8
      10
      10
       9
       6
      10
       8
      12
       5
       8
      10
       7
       8
       8
       6
       9
       7
       8
      10
       2
       9
       7
      12
      11
      11
       8
      16
      11
       5
       8
      10
       5
       3
      12
      11
       9
       2
       5
       5
      10
       7
       4
       9
      10
       9
       8
      10
       8
       9
       9
      18
      12
      15
       8
       6
       7
      10
      11
       7
       7
      10
      10
       6
       8
       5
      11
       8
       8
      11
       5
       6
       8
      10
       6
       9
      11
       6
       7
       7
       6
       8
       6
       8
       6
       6
      11
       2
       5
       9
       7
       5
       4
       8
       6
       7
       7
       6
       6
       3
       6
       9
       7
       7
       6
      10
       6
       2
       8
       8
      12
       7
       2
       9
      13
       5
      10
       5
      10
       9
       4
       6
       9
       7
       6
       5
      10
       7
       8
       8
       8
       2
       2
       3
       5
       3
       4
       8
       4
       7
       9
       5
      13
       9
       3
       6
       6
       9
       6
       6
       7
       3
       5
       9
       6
       9
       6
       9
       2
       7
       8
       9
       9
       5
       6
       5
      11
       3
       2
       6
       8
       7
       8
       7
       7
       9
       2
       8
       5
       5
       7
       6
       8
       6
       7
       8
       9
      10
       4
       3
      10
       9
       7
       4
       4
       6
       7
       7
       6
       1
       3
       5
       9
       7
       5
       3
       5
       6
       2
      10
       8
       9
       5
      13
      12
      12
      12
      19
      19
      28
      31
      12
       9
      11
       5
       6
       5
       6
       7
       5
       5
       7
       5
       5
       6
       6
       4
       9
       7
       9
       7
      10
       7
      12
      14
      15
      11
      20
       9
       5
       8
      11
       7
       6
       6
       4
       2
       4
       4
       6
       5
       4
       5
       7
       2
       5
       8
       5
       3
       2
       2
       6
       2
       4
       5
       2
       5
       6
       3
       5
       6
       3
       3
       3
       8
       5
       5
       7
       5
       4
       4
       8
       9
       5
       4
       8
       6
      10
       8
       3
       4
       9
       4
       6
       4
       5
       7
       3
       6
       7
       9
       2
       3
       5
       4
      10
       4
      10
       6
       7
       4
       4
       6
       4
       7
       3
       6
       9
       4
       5
       9
       2
       2
       2
       8
       7
       1
       3
       4
       6
       3
       2
       3
       2
       3
       8
       3
       4
       8
       2
       3
       3
       3
       9
       8
       7
       5
       5
       1
       4
       8
      10
       3
       1
       6
       1
       0
       4
       3
       2
       3
       5
       5
       0
       4
       6
       7
       1
       4
       2
       2
       4
       6
       7
       6
       3
       4
       5
       4
       4
       5
       4
       6
       4
       1
       8
       6
       7
       7
       3
       8
       2
       2
       3
       2
       5
       8
       6
       4
       5
       2
       5
       6
       4
       5
       6
       3
       3
       3
       2
       4
       1
       6
       2
       3
       3
       2
       5
       8
       2
       7
       3
       2
       1
       7
       6
       2
       1
       7
       2
       4
       3
       5
       2
       1
       5
       4
       3
       3
       4
       7
       4
       2
       7
       1
       4
       3
       4
       7
       1
       1
       5
       4
       3
       5
       7
       4
       3
       6
       2
       5
       3
       6
       3
       1
       5
       4
       4
       3
       5
       5
       4
       5
       4
       3
       2
       0
       4
       3
       2
       4
       1
       5
       1
       2
       4
       3
       1
       1
       5
       1
       9
       0
       4
       3
       7
       2
       1
       7
       3
       5
       3
       6
       4
       8
       6
       4
       5
       7
       5
       4
       2
       5
       1
       3
       2
       5
       4
       3
       6
       7
       5
       4
       9
       6
       8
       6
      13
      18
      19
      22
      29
      31
      33
      35
      22
      13
       4
       6
       6
       4
       5
       2
       7
       4
       2
       2
       3
       4
       4
       4
       7
       3
       4
       3
       3
       2
       2
       4
       0
       2
       6
       4
       3
       4
       2
       4
       5
       3
       2
       3
       6
       4
       3
       1
       2
       3
       6
       2
       2
       1
       3
       6
       3
       5
       3
       6
       5
       7
       1
       2
       5
       1
       3
       2
       5
       5
       1
       2
       4
       2
       3
       8
       3
       1
       3
       4
       6
       1
       3
       2
       1
       1
       3
       1
       4
       1
       2
       4
       4
       3
       6
       3
       2
       2
       2
       4
       2
       2
       4
       1
       2
       4
       2
       0
       1
       5
       3
       0
       6
       4
       2
       2
       0
       4
       1
       0
       2
       3
       5
       3
       2
       4
       5
       2
       2
       4
       2
       0
       3
       4
       2
       0
       2
       3
       2
       2
       3
       3
       2
       2
       2
       5
       2
       4
       4
       3
       2
       3
       3
       3
       2
       4
       2
       2
       1
       2
       2
       2
       2
       6
       6
       2
       2
       0
       6
       1
       0
       1
       1
       1
       2
       2
       3
       2
       1
       6
       1
       2
       1
       6
       3
       0
       6
       1
       1
       0
       2
       3
       4
       2
       1
       3
       1
       3
       3
       5
       2
       2
       3
       4
       1
       1
       5
       5
       3
       1
       5
       1
       4
       4
       2
       0
       4
       3
       1
       0
       2
       3
       2
       3
       2
       4
       3
       1
       2
       3
       2
       1
       2
       6
       3
       8
       4
       4
       9
       6
       1
       2
       3
       2
       6
       4
       4
       4
       3
       3
       1
       3
       2
       1
       0
       2
       4
       4
       1
       4
       2
       5
       3
       3
$ROI:
0
$PRESETS:
None
0
0
$ENER_FIT:
0.095 0.50031
$MCA_CAL:
3
0.09500 0.50031 0.00 keV
$SHAPE_CAL:
3
-0.898383546091 8.9526342793 -25.115346611
$META:
{'istp': ['62ZN', '63ZN', '65ZN', '7BE', '58CO', '61CU', '57CO', '64CO', '56CO'], 'res': 0.05, 'R': 0.2, 'unc_eff': [[0.028787930103945265, -0.2942980340858346, 0.7442515342308331], [-0.29429803408583455, 3.022016856655637, -7.675333967462559], [0.7442515342308331, -7.675333967462559, 19.577835672186247]], 'alpha': 0.9}
