$SPEC_ID:
No sample description was entered.
$SPEC_REM:
DET# 9480
DETDESC# HPGE
AP# Maestro Version 7.01
$DATE_MEA:
10/17/2018 17:27:27
$MEAS_TIM:
300 348
$DATA:
0 4095
      50
      58
       0
       0
       0
       0
       0
       0
       0
       0
       0
       0
       0
       0
       0
       0
       0
       0
       0
       0
       0
       0
       0
       2
       2
       1
       0
       0
       0
       1
       0
       1
       1
       0
       0
       0
       0
       2
       4
      27
     139
    1561
    3309
    3286
    3240
    3113
    3143
    3192
    3065
    3100
    3090
    3021
    2908
    2977
    2958
    2925
    2913
    2966
    2881
    2898
    2779
    2930
    2847
    2891
    2776
    2881
    2765
    2833
    2782
    2705
    2727
    2758
    2759
    2650
    2690
    2654
    2679
    2704
    2693
    2787
    2850
    3688
    4050
    2721
    2349
    2443
    2409
    2438
    2388
    2317
    2427
    2370
    2389
    2440
    2370
    2316
    2330
    2370
    2281
    2376
    2422
    2198
    2256
    2349
    2351
    2384
    2347
    2236
    2252
    2363
    2286
    2251
    2279
    2334
    2280
    2371
    2346
    2382
    2437
    2326
    2255
    2184
    2152
    2122
    2262
    2244
    2231
    2255
    2229
    2172
    2308
    2258
    2235
    2515
    3714
    4446
    2632
    2219
    2164
    2123
    2187
    2165
    2196
    2138
    2124
    2165
    2118
    2138
    2084
    2100
    2183
    2148
    2164
    2080
    2168
    2056
    2090
    2114
    2074
    2111
    2164
    2131
    2094
    2113
    2060
    2109
    2011
    2076
    2105
    2137
    2138
    2036
    1997
    2084
    2129
    2112
    2110
    2143
    2082
    2169
    2136
    2174
    2170
    2118
    2084
    2102
    2153
    2109
    2125
    2133
    2091
    2114
    2118
    2086
    2082
    2118
    2120
    2086
    2220
    2088
    2195
    2170
    2148
    2175
    2168
    2132
    2246
    2235
    2190
    2157
    2059
    2236
    2169
    2169
    2235
    2329
    2277
    2293
    2230
    2273
    2157
    2304
    2316
    2283
    2327
    2319
    2394
    2302
    2225
    2211
    2268
    2318
    2256
    2205
    2278
    2255
    2235
    2276
    2323
    2317
    2348
    2371
    2362
    2600
    2863
    2498
    2279
    2351
    2293
    2388
    2370
    2266
    2268
    2390
    2451
    2297
    2288
    2298
    2384
    2311
    2302
    2252
    2294
    2429
    2288
    2288
    2402
    2407
    2287
    2362
    2281
    2334
    2449
    2482
    2410
    2358
    2372
    2472
    2293
    2466
    2418
    2307
    2411
    2446
    2332
    2417
    2466
    2331
    2355
    2439
    2350
    2358
    2279
    2458
    2396
    2414
    2302
    2356
    2299
    2333
    2372
    2364
    2410
    2331
    2357
    2323
    2394
    2347
    2310
    2398
    2452
    2333
    2383
    2302
    2414
    2422
    2364
    2391
    2367
    2409
    2325
    2409
    2424
    2420
    2302
    2448
    2452
    2401
    2502
    2363
    2446
    2526
    2395
    2554
    2502
    2529
    2588
    2529
    2661
    2729
    2828
    2850
    3013
    3120
    3187
    3154
    3209
    3311
    3257
    3275
    3363
    3265
    3214
    3233
    3202
    3203
    3309
    3200
    3049
    3146
    3146
    3138
    3079
    3130
    3194
    3150
    3146
    3079
    3151
    3093
    3050
    2903
    2937
    2970
    2880
    2992
    2915
    2765
    2721
    2878
    2722
    2837
    2749
    2651
    2620
    2568
    2553
    2629
    2530
    2577
    2498
    2601
    2583
    2434
    2432
    2360
    2468
    2488
    2382
    2335
    2379
    2332
    2289
    2223
    2249
    2369
    2191
    2262
    2201
    2278
    2161
    2184
    2184
    2162
    2143
    2102
    2120
    2117
    2092
    2023
    2143
    2086
    2050
    1983
    1993
    1949
    2006
    2008
    1956
    2030
    2015
    1941
    1941
    1986
    1959
    1918
    1966
    1929
    1898
    1957
    1829
    1935
    1903
    1876
    1933
    1743
    1868
    1711
    1837
    1845
    1849
    1824
    1788
    1747
    1790
    1808
    1818
    1875
    1901
    1737
    1761
    1834
    1708
    1762
    1777
    1813
    1753
    1754
    1674
    1664
    1717
    1759
    1800
    1720
    1752
    1698
    1701
    1701
    1669
    1699
    1648
    1697
    1787
    1780
    1792
    2132
    2689
    2665
    1977
    1762
    1761
    1695
    1882
    2332
    2417
    1952
    1697
    1696
    1679
    1661
    1606
    1657
    1597
    1663
    1632
    1691
    1644
    1684
    1603
    1618
    1646
    1637
    1706
    1675
    1630
    1650
    1727
    1626
    1771
    1823
    2177
    2164
    1913
    1665
    1665
    1622
    1648
    1707
    1589
    1608
    1610
    1653
    1599
    1658
    1602
    1650
    1588
    1692
    1598
    1569
    1692
    1586
    1607
    1613
    1654
    1584
    1661
    1728
    1649
    1681
    1663
    1656
    1666
    1735
    1722
    1622
    1636
    1664
    1691
    1696
    1697
    1676
    1810
    2164
    3372
    5404
    4966
    2624
    1853
    1623
    1710
    1639
    1718
    1696
    1715
    1700
    1727
    1737
    1704
    1812
    1722
    1749
    1725
    1649
    1740
    1739
    1683
    1742
    1785
    1758
    1745
    1822
    1747
    1835
    1803
    1678
    1717
    1677
    1778
    1812
    1762
    1864
    1770
    1806
    1769
    1786
    1810
    1833
    1910
    1792
    1917
    1806
    1872
    1822
    1819
    1765
    1846
    1815
    1859
    1874
    1839
    1889
    1792
    1927
    1908
    1886
    1850
    1944
    1911
    1866
    1926
    1901
    1909
    1977
    1911
    1946
    1883
    1943
    1974
    2055
    1942
    1918
    2001
    2001
    1995
    1941
    1960
    2007
    1997
    2036
    2034
    1941
    1959
    1988
    2033
    2018
    1973
    2033
    1976
    2068
    2076
    1927
    2130
    1941
    2027
    2021
    1951
    1980
    2026
    2003
    2019
    1982
    1939
    1955
    1953
    1926
    1849
    1869
    1745
    1807
    1669
    1632
    1607
    1579
    1528
    1435
    1441
    1395
    1395
    1400
    1410
    1327
    1307
    1255
    1283
    1312
    1253
    1327
    1296
    1371
    1295
    1216
    1142
    1201
    1244
    1143
    1150
    1141
    1129
    1114
    1079
    1109
    1077
    1078
    1075
    1108
    1076
    1104
    1071
    1048
    1041
    1073
    1022
    1084
    1052
     987
    1029
     998
    1016
    1015
    1011
    1046
     982
     966
     997
     968
     960
     990
     940
     920
     944
     914
     954
     994
    1197
    1219
    1232
    1007
     951
     906
     898
     871
     915
     908
     855
     860
     856
     819
     799
     826
     833
     821
     812
     791
     801
     803
     823
     769
     783
     807
     767
     754
     776
     779
     707
     708
     722
     769
     747
     724
     760
     763
     700
     743
     745
     816
     978
    1121
    1112
     807
     726
     677
     666
     680
     709
     658
     643
     650
     664
     654
     660
     628
     618
     692
     629
     593
     612
     652
     606
     573
     617
     619
     647
     628
     608
     579
     599
     603
     554
     538
     562
     565
     580
     534
     554
     573
     585
     562
     544
     551
     510
     587
     516
     554
     528
     508
     519
     503
     525
     497
     516
     516
     470
     462
     530
     504
     513
     500
     538
     507
     453
     476
     471
     485
     483
     496
     522
     477
     501
     502
     510
     459
     483
     525
     468
     478
     487
     496
     472
     461
     421
     463
     451
     497
     448
     485
     452
     455
     435
     495
     462
     444
     475
     474
     417
     500
     462
     472
     468
     440
     496
     451
     461
     472
     455
     461
     415
     424
     442
     480
     466
     439
     451
     424
     494
     458
     440
     425
     450
     409
     440
     409
     411
     407
     444
     449
     419
     452
     455
     426
     485
     471
     431
     446
     466
     407
     440
     436
     424
     398
     438
     436
     449
     467
     439
     420
     451
     483
     445
     442
     458
     460
     468
     414
     468
     435
     419
     397
     483
     426
     424
     456
     500
     571
     701
     653
     562
     441
     464
     399
     413
     444
     417
     451
     413
     430
     448
     442
     427
     441
     483
     460
     465
     467
     445
     457
     471
     453
     489
     435
     463
     446
     500
     465
     459
     464
     458
     479
     467
     441
     508
     440
     468
     469
     475
     506
     501
     497
     486
     518
     537
     552
     535
     501
     535
     558
     642
     624
     644
     725
     885
    1258
    1904
    3164
    4765
    6401
    8615
   13843
   22504
   32896
   40772
   43588
   39055
   29202
   18937
   10800
    6085
    3687
    2449
    1773
    1334
    1110
     993
     862
     816
     754
     760
     695
     651
     627
     620
     600
     591
     544
     549
     592
     582
     496
     525
     512
     517
     526
     500
     514
     506
     469
     435
     498
     488
     478
     459
     437
     393
     384
     420
     423
     401
     411
     402
     369
     409
     384
     376
     362
     325
     349
     414
     380
     366
     368
     361
     354
     353
     361
     379
     375
     400
     318
     362
     323
     357
     352
     452
     659
    1077
    1734
    2192
    1561
     754
     411
     351
     347
     313
     306
     318
     327
     306
     334
     314
     311
     303
     310
     315
     292
     314
     325
     274
     319
     319
     296
     264
     268
     279
     255
     285
     312
     287
     310
     291
     278
     260
     265
     263
     279
     269
     292
     244
     259
     279
     297
     280
     271
     268
     265
     293
     265
     284
     277
     280
     256
     268
     287
     258
     268
     309
     266
     271
     296
     271
     260
     268
     241
     241
     257
     272
     271
     290
     261
     309
     244
     270
     274
     263
     257
     310
     319
     351
     341
     304
     280
     247
     227
     248
     251
     292
     264
     265
     287
     425
     652
    1222
    2008
    2800
    2605
    1387
     522
     300
     263
     242
     249
     260
     226
     261
     220
     256
     233
     244
     247
     208
     272
     265
     246
     242
     236
     249
     244
     245
     252
     263
     203
     257
     240
     242
     240
     217
     230
     211
     230
     212
     262
     234
     212
     206
     223
     225
     236
     221
     211
     247
     191
     201
     191
     187
     188
     205
     207
     222
     182
     214
     222
     195
     195
     162
     220
     199
     205
     199
     210
     194
     209
     185
     215
     181
     201
     173
     175
     200
     168
     194
     197
     188
     225
     211
     225
     230
     230
     185
     198
     190
     200
     185
     171
     190
     192
     181
     179
     172
     183
     180
     174
     154
     194
     177
     179
     173
     183
     180
     142
     172
     177
     199
     195
     152
     160
     185
     174
     212
     227
     365
     562
     779
     937
     725
     385
     211
     197
     188
     158
     168
     179
     166
     150
     159
     174
     155
     176
     171
     159
     179
     179
     157
     163
     181
     153
     192
     166
     155
     146
     161
     153
     163
     180
     153
     141
     152
     146
     166
     140
     150
     155
     182
     174
     142
     162
     160
     163
     154
     152
     159
     151
     172
     162
     151
     169
     170
     149
     154
     147
     149
     174
     161
     146
     163
     159
     138
     157
     160
     135
     140
     139
     141
     106
     141
     120
     156
     161
     156
     139
     158
     131
     140
     135
     134
     156
     130
     120
     135
     140
     121
     113
     118
     126
     115
     123
     133
     132
     121
     132
     131
     110
     128
     119
     128
     130
     126
     101
     131
     133
     107
     115
     140
     110
     105
     121
     144
     112
     116
     124
     121
     137
     108
     120
     120
      93
     131
     120
     105
     113
     105
     131
      98
     102
     135
     108
     115
     120
     103
     116
     104
     114
     125
     111
     126
     121
     127
      94
     111
     107
     109
     114
     113
     116
     115
     108
     104
     105
     120
     103
      91
     119
     129
     101
     101
     107
     110
     114
      96
     129
     110
     124
      90
      95
     113
      97
     109
     101
     116
     101
     112
      97
      96
     119
      88
     119
     109
      97
     118
     101
      82
     108
     110
     112
      99
      98
     108
      88
     108
      82
     108
     102
      94
      96
     113
      99
     101
      78
      95
      92
      89
     112
     106
     111
      88
     107
      82
      91
      96
     106
      99
      95
      92
     107
      83
     104
      96
      81
      67
     105
     111
      90
     113
      84
      90
      97
     105
     102
      94
      96
      85
     104
      87
     103
     100
     101
     102
      96
      90
      91
      78
      87
      91
     107
      96
      76
      84
     106
      80
      95
      86
      99
      89
      94
      96
      92
      81
      94
      99
      89
      98
      87
      88
      95
      97
      83
     104
     105
     112
      87
      93
      96
      94
      92
      87
      91
      89
      92
      82
      88
      93
      96
      99
     103
      98
      78
      80
     100
      86
      78
      78
      86
      86
     110
      93
      95
     119
     166
     234
     352
     609
     987
    1217
    1055
     659
     239
     136
     112
      69
      96
      86
     113
      97
     108
      95
     135
      94
      89
      89
      86
      73
      70
      88
      86
      80
      82
      97
      83
      99
      81
      68
      93
      93
      89
      87
      71
      84
      80
      78
      70
      87
      72
      76
      69
      65
      79
      80
      82
      73
      87
      76
      87
      78
      64
      79
      72
      71
      71
      71
      71
      91
      73
      70
      97
      82
      61
      74
      75
      75
      65
      87
      79
      55
      83
      66
      62
      76
      55
      70
      77
      73
      80
      76
      68
      60
      69
      61
      73
      76
      78
      84
      65
      71
      70
      68
      66
      77
      73
      54
      63
      66
      60
      73
      65
      62
      78
      84
      71
      75
      78
      64
      60
      74
      62
      66
      62
      70
      67
      66
      60
      65
      65
      55
      78
      58
      64
      69
      69
      59
      62
      70
      54
      73
      66
      61
      58
      68
      62
      50
      58
      55
      62
      58
      67
      66
      68
      72
      56
      67
      56
      86
      65
      53
      49
      55
      56
      53
      61
      69
      67
      65
      59
      59
      65
      50
      64
      53
      57
      55
      69
      51
      51
      56
      67
      58
      69
      49
      59
      60
      57
      46
      58
      65
      58
      67
      80
      68
      55
      70
      49
      64
      64
      55
      54
      63
      75
      80
     102
     102
      96
      61
      62
      61
      57
      59
      60
      55
      64
      49
      48
      42
      50
      61
      58
      60
      62
      67
      53
      49
      41
      46
      55
      57
      64
      60
      54
      47
      57
      47
      45
      70
      56
      66
      70
      53
      57
      66
      58
      48
      54
      46
      62
      54
      63
      59
      56
      59
      56
      69
      55
      43
      55
      48
      60
      65
      57
      60
      51
      62
      65
      48
      59
      56
      58
      57
      63
      56
      57
      52
      52
      53
      49
      58
      51
      51
      49
      53
      52
      54
      51
      43
      51
      49
      53
      64
      61
      60
      59
      52
      45
      54
      44
      61
      50
      56
      41
      50
      45
      55
      46
      63
      55
      65
      48
      62
      60
      39
      58
      50
      46
      36
      48
      42
      53
      39
      65
      35
      48
      51
      42
      58
      47
      56
      46
      58
      47
      46
      64
      57
      56
      65
      43
      60
      52
      55
      52
      44
      54
      46
      43
      53
      44
      54
      48
      50
      50
      57
      53
      41
      45
      55
      51
      51
      49
      63
      53
      48
      41
      53
      37
      51
      56
      54
      45
      51
      49
      57
      52
      55
      49
      51
      43
      61
      42
      44
      48
      50
      48
      56
      37
      58
      51
      57
      33
      45
      34
      52
      55
      46
      39
      45
      49
      41
      50
      51
      51
      60
      65
      49
      56
      41
      50
      54
      51
      48
      56
      60
      46
      58
      51
      67
      60
      50
      58
      67
      56
      58
      54
      56
      62
      68
      60
      65
      70
      50
      60
      57
      59
      51
      39
      45
      46
      39
      39
      48
      40
      53
      39
      44
      44
      38
      42
      24
      33
      40
      43
      33
      48
      40
      31
      33
      42
      31
      46
      34
      40
      44
      34
      38
      40
      37
      38
      36
      30
      33
      30
      48
      39
      26
      42
      40
      39
      39
      44
      47
      40
      36
      35
      36
      27
      34
      43
      30
      48
      37
      28
      31
      38
      41
      41
      36
      40
      31
      28
      36
      34
      30
      24
      36
      40
      32
      25
      30
      34
      32
      28
      35
      38
      46
      37
      41
      46
      33
      31
      27
      33
      37
      36
      37
      37
      34
      37
      38
      37
      29
      29
      33
      43
      36
      37
      47
      32
      25
      28
      45
      41
      42
      34
      31
      31
      34
      43
      34
      37
      28
      33
      42
      35
      27
      38
      38
      37
      40
      41
      24
      39
      35
      34
      39
      33
      31
      27
      45
      42
      30
      42
      28
      54
      15
      40
      23
      35
      42
      35
      33
      34
      37
      34
      44
      47
      29
      52
      37
      31
      37
      39
      22
      34
      30
      31
      34
      40
      34
      32
      35
      29
      26
      25
      29
      35
      26
      31
      23
      44
      28
      38
      37
      33
      36
      34
      33
      43
      38
      34
      34
      28
      27
      39
      26
      30
      30
      32
      40
      37
      31
      24
      30
      32
      33
      28
      40
      37
      36
      26
      23
      27
      22
      32
      33
      26
      39
      29
      26
      30
      41
      43
      40
      25
      23
      36
      35
      28
      37
      36
      45
      26
      33
      38
      27
      36
      29
      35
      37
      28
      24
      32
      26
      29
      23
      18
      34
      28
      30
      34
      30
      29
      28
      29
      26
      23
      40
      30
      31
      26
      24
      17
      29
      27
      31
      35
      32
      39
      27
      30
      29
      17
      28
      29
      26
      24
      36
      21
      40
      24
      31
      16
      37
      27
      28
      28
      27
      21
      32
      29
      32
      23
      32
      24
      28
      30
      27
      28
      33
      23
      30
      38
      37
      35
      45
      31
      36
      27
      28
      30
      30
      26
      20
      20
      38
      24
      29
      30
      37
      25
      38
      44
      52
      63
      88
      77
      98
     136
     144
      71
      51
      30
      37
      35
      24
      29
      36
      27
      32
      28
      19
      30
      19
      25
      18
      20
      29
      35
      29
      19
      22
      25
      24
      26
      26
      30
      28
      24
      30
      21
      29
      19
      28
      29
      24
      25
      19
      18
      23
      22
      35
      15
      26
      18
      25
      25
      30
      23
      24
      28
      24
      25
      25
      25
      20
      30
      27
      19
      31
      35
      26
      27
      14
      28
      27
      17
      26
      24
      17
      26
      37
      36
      22
      17
      24
      20
      25
      27
      18
      27
      26
      28
      30
      21
      19
      28
      28
      22
      23
      17
      23
      31
      24
      30
      24
      16
      14
      30
      20
      28
      29
      24
      20
      20
      29
      22
      26
      23
      29
      28
      24
      29
      34
      28
      16
      24
      18
      28
      32
      23
      25
      19
      13
      22
      25
      27
      22
      15
      23
      28
      12
      20
      15
      30
      27
      25
      18
      30
      20
      28
      25
      23
      27
      16
      24
      29
      23
      17
      22
      18
      20
      19
      19
      24
      17
      20
      24
      12
      17
      25
      20
      19
      30
      17
      22
      18
      19
      28
      33
      23
      17
      26
      21
      19
      19
      24
      21
      22
      30
      23
      18
      17
      25
      17
      15
      17
      18
      28
      23
      18
      21
      23
      19
      15
      23
      17
      25
      23
      23
      21
      29
      15
      23
      31
      17
      18
      18
      30
      20
      20
      15
      27
      17
      29
      12
      26
      15
      24
      21
      19
      22
      15
      18
      15
      23
      17
      21
      27
      19
      22
      19
      19
      21
      18
      13
      18
      22
      18
      19
      20
      17
      23
      20
      25
      16
      19
      20
      23
      21
      20
      25
      23
      25
      24
      26
      17
      26
      15
      20
      22
      16
      25
      20
      22
      24
      22
      19
      21
      15
      22
      24
      25
      17
      20
      16
      19
      20
      15
      15
      26
      13
      19
      15
      20
      21
      24
      18
      31
      18
      35
      23
      21
      17
      27
      24
      14
      28
      18
      20
      19
      24
      16
      15
      18
      25
      20
      15
      14
      14
      31
      17
      32
      39
      30
      48
      61
      69
      82
     109
      95
      65
      35
      22
      27
      25
      25
      22
      17
      24
      31
      22
      21
      22
      16
      17
      11
      20
      18
      18
      20
      21
      21
      21
      22
      17
      21
      22
      21
      16
      13
      24
      23
      26
      21
      22
      13
      24
      12
      17
      13
      22
      20
      19
      19
      18
      26
      22
      18
      22
      17
      23
      22
      18
      27
      20
      38
      12
      17
      18
      32
      37
      35
      35
      41
      34
      24
      18
      14
      13
      14
      19
      20
      18
      19
      15
      16
      14
      18
      19
      15
      20
      20
      20
      21
      17
      19
      19
      20
      24
      15
      21
      16
      16
      11
      17
      22
      17
      12
      25
      11
      12
      23
      15
      11
      14
      20
      23
      17
      12
      18
      18
      13
      19
      19
      18
      15
      20
      13
      16
      17
      11
      18
      13
      22
      17
      16
      20
      10
      16
      19
      18
      18
      22
      15
      12
      10
      11
      20
      20
      25
      18
      22
      15
       9
      22
      18
      22
      21
      19
      14
      16
      17
      19
      18
      20
      14
      19
      23
      10
      15
      16
      20
      18
      12
      23
      12
      24
      22
      19
      17
      13
      20
      20
      15
      28
      11
      14
      14
      15
      16
      13
      13
      22
      15
      19
      21
      14
      11
      14
      12
      14
      19
      18
      14
      17
      16
      13
      16
      19
      17
      18
      20
      16
      14
      19
      16
       8
      17
      15
      18
      14
      12
      10
      15
      14
      16
      20
      22
      15
      14
      20
      16
      14
      20
      18
      21
      12
      20
      20
      13
      11
      22
      12
      15
      16
      15
      14
      21
      13
      15
      22
      20
      14
      18
      17
      21
      11
      13
      11
      17
      19
      11
      17
       8
      10
      17
      12
       6
      13
      15
      10
      13
      21
      20
      20
      22
      12
      23
      19
      12
      18
      15
       9
      20
      10
      16
      12
      12
      13
      18
      16
      12
      16
      12
      19
      13
      12
      18
      19
      18
      14
      20
      19
      11
      19
      10
       8
      13
      17
      15
      13
      14
      12
      11
      16
      11
      21
      25
      10
      16
      17
      13
      12
       9
      25
      16
      14
      12
      12
      16
      12
      25
      16
       8
      10
      18
      19
       8
      12
      17
      16
      15
      19
      11
      14
      14
      14
      15
      24
      14
      13
      16
      17
      15
      11
      16
      17
      21
      16
       6
      18
       8
      15
      18
       9
      12
      16
      12
      17
      11
      16
       9
      16
      19
      18
      12
      16
       6
      13
      14
      17
      10
      19
      16
      16
      22
      12
      16
      15
      14
      10
      13
      12
      14
      12
      13
      16
      16
      18
      11
      15
      15
      18
      11
      15
      12
       5
      11
      13
      17
      16
      15
      18
      12
      10
      19
      21
      14
      11
      10
      15
      20
      16
      16
      11
      12
      15
      22
      14
       4
      13
       9
      14
      14
       9
      11
      12
      12
       8
      13
       8
      11
      10
      10
      16
      14
      11
      12
      16
      13
       6
       9
      13
      11
      19
      11
      15
      14
       9
      11
      11
      14
      14
      14
       7
      13
      15
      11
      17
       9
      12
       8
      14
      12
       9
      11
      12
      12
       9
      13
       8
       8
      15
      12
      16
      16
      13
      15
       9
      11
      12
      13
      11
      15
       9
      12
      10
      13
       5
      12
      11
       9
      16
      17
      10
      14
      11
      10
      12
      13
      15
      18
      13
       8
       9
      13
      13
      12
      14
      13
      15
      14
      11
      11
       9
      11
      13
      16
      10
      13
      10
      16
      12
       8
      13
      16
       9
      14
      14
      11
      11
      11
       9
       8
       8
      13
      20
      11
       6
      14
      13
      12
      16
      11
       8
      13
       9
      16
       3
      15
       7
      11
      14
      17
      14
       9
      17
       9
      10
      12
       8
      10
       9
      10
      14
       9
      18
       5
      12
       7
      14
      12
      10
       9
       8
      17
       8
       5
      12
      17
       9
      13
       7
       6
      11
      11
      14
      11
       8
       6
      13
       4
       8
       4
      11
      12
       9
      12
      13
      12
      11
      14
      11
      13
       8
       7
       8
      11
      11
       8
      10
      17
      12
      11
      10
       8
      10
       8
      12
       7
       4
      11
       8
       6
       8
      13
      14
       6
      14
      12
      11
      10
      10
      15
      17
      16
      10
      14
      13
      14
       7
       3
      10
       8
       9
       8
      11
      13
      12
       7
      16
      11
      11
      16
      12
       8
      14
       5
       9
       6
      18
      13
      11
       8
      11
       8
      11
       8
      15
      10
       8
       9
      10
      14
       9
      12
       8
      10
       9
       8
       9
       4
      10
       8
       8
      12
      10
      10
       6
       6
       8
       8
      10
      10
      11
       9
       4
      11
      11
       6
       4
       7
      10
      14
      10
      11
      12
       5
      10
       9
      17
       7
      14
      10
      12
       8
      10
       8
      10
      12
       3
       6
       7
      11
      10
      10
      12
       9
       9
       6
      12
      10
       8
       8
       8
       9
       9
       9
      11
       8
       6
       8
       5
       5
       3
      11
       8
      12
       9
       9
      12
      10
       9
      12
       8
       7
      11
      10
      14
       9
      10
      11
      13
       6
      10
      11
      10
       7
      12
      12
      13
      15
      16
       8
       7
       8
       9
      14
      10
       9
      12
       6
       5
      10
       9
      10
      13
       5
       5
       8
       9
       6
      11
       9
       7
      10
      12
      13
       6
      10
       6
       8
       4
      11
       9
       6
      11
      10
       8
      11
       9
       8
      14
       8
       8
      10
      11
      12
       7
       6
      10
       8
      13
      11
       8
      10
       7
       6
       8
       7
       5
       7
       7
      11
       3
       6
      11
      11
       5
      11
       9
       9
       9
      10
       5
      11
       7
       7
       8
      10
       4
       6
       4
       5
       7
      10
      10
       8
       5
       6
      12
      11
      11
      10
       5
       6
       7
       9
       8
       5
       4
       8
      10
      10
      10
       7
       1
      10
       8
       6
      11
       6
      12
       7
       5
      12
       8
       7
       8
       4
       2
       8
      13
       5
      12
       5
       8
       8
       6
      10
       2
       8
       5
      10
       5
       9
       3
      13
       7
       9
       5
       5
      12
      11
       5
       7
       6
       7
       6
       2
       5
       6
       6
       5
       8
       6
       9
      10
       4
       6
      14
       7
       7
       5
       5
       4
       4
       3
       6
      12
       6
       9
       6
       6
       7
      12
       6
       3
       7
       9
       9
       5
       7
       7
       8
       6
       7
       7
       7
       8
       6
      10
       7
      10
       3
       9
       9
       3
       4
       8
       3
       7
       5
       6
       5
       3
       9
       9
       8
      12
      13
       9
       7
       8
       8
       6
      11
       4
       5
       3
       7
       5
       9
       5
       4
       7
       4
       6
       7
       6
      10
       4
       5
       8
       6
       4
       9
      10
       5
       8
       2
      11
       3
       4
       6
       0
      10
      12
       7
       6
       9
       7
       3
       4
       6
       3
       7
       4
       6
       9
       3
       1
       6
      10
       6
      10
       9
       5
       7
       5
       9
      10
       9
      12
       3
       6
       5
       4
       9
      10
       3
       5
       4
       7
       8
       6
       7
       6
       9
       4
       5
       9
       5
       8
       6
       5
       9
       5
       4
       6
       8
       4
       6
       4
       3
       4
       9
       6
       3
       5
       4
       5
       4
       4
       3
       7
       5
       5
      18
       6
       6
       6
       5
       9
       7
       7
       4
       5
       3
       7
       6
       8
       7
       7
       0
       2
       6
       3
       5
       5
       4
       2
       5
       3
       8
       8
       4
       4
       5
       4
      10
      11
       4
       5
       3
       6
       3
       5
       5
       5
       4
       6
       6
       6
       1
       7
       7
       3
       2
       4
       6
       4
       7
       4
       6
       4
       9
      10
       5
       7
       8
       6
       5
       2
       4
       5
       6
       6
       3
       4
       1
       3
       5
       2
       6
       8
       4
       5
       5
       7
       8
       3
       4
       4
       8
       7
       8
       4
       6
       4
       1
       4
       4
      11
       3
       7
       6
       4
       7
       6
       5
       3
       7
       7
       7
       6
       9
       6
       7
       4
       5
       2
       7
       5
       5
       4
       5
       7
       3
       6
       2
       4
       2
       2
       4
       3
       4
       4
       4
       5
       4
       4
       7
       3
       2
       1
       9
       3
       7
       6
       4
       7
       6
       1
       2
       8
       4
       3
       3
       2
       1
       2
       5
       3
       7
       5
       2
       5
       6
       3
       3
       4
       1
       8
       7
       2
       5
       6
       7
       2
       3
       8
       1
       2
       5
       5
       5
       1
       7
       3
       5
       4
       5
       6
       5
       6
       3
       2
       1
       2
       2
       6
       4
       7
       4
       4
       1
       5
       7
       4
       6
       2
       7
       6
       0
       0
       2
       2
       3
       3
       2
       1
       4
       7
       0
       5
       4
       4
       3
       5
       5
       6
       6
       4
       4
       7
       5
       1
       4
       4
       3
       5
       1
       2
       3
       2
       4
       6
       3
       3
      11
       4
       9
       6
       7
       6
       4
       3
       0
       1
       1
       5
       2
       1
       2
       3
       1
       7
       3
       5
       1
       4
       3
       4
       6
       3
       1
       3
       3
       2
       1
       7
       5
       1
       3
       2
       5
       2
       2
       1
       5
       3
       8
       3
       3
       7
       6
       2
       2
       3
       1
       6
       4
       6
       3
       1
       7
       4
       2
       4
       4
       3
       2
       6
       5
       8
       3
       2
       3
       2
       1
       4
       5
       4
$ROI:
0
$PRESETS:
None
0
0
$ENER_FIT:
0.095 0.50031
$MCA_CAL:
3
0.09500 0.50031 0.00 keV
$SHAPE_CAL:
3
-0.898383546091 8.9526342793 -25.115346611
$META:
{'istp': ['62ZN', '63ZN', '65ZN', '7BE', '58CO', '61CU', '57CO', '64CO', '56CO'], 'res': 0.05, 'R': 0.2, 'unc_eff': [[0.028787930103945265, -0.2942980340858346, 0.7442515342308331], [-0.29429803408583455, 3.022016856655637, -7.675333967462559], [0.7442515342308331, -7.675333967462559, 19.577835672186247]], 'alpha': 0.9}
