$SPEC_ID:
No sample description was entered.
$SPEC_REM:
DET# 9480
DETDESC# HPGE
AP# Maestro Version 7.01
$DATE_MEA:
10/17/2018 01:42:14
$MEAS_TIM:
900 1068
$DATA:
0 4095
     150
     178
       0
       0
       0
       0
       0
       0
       0
       0
       0
       0
       0
       0
       0
       0
       0
       0
       0
       0
       0
       0
       0
       0
       0
       0
       0
       0
       0
       0
       0
       0
       0
       0
       0
       0
       0
       0
       0
       0
       0
       0
       0
       0
       0
       0
       0
       0
       0
       0
       0
       0
       0
       0
       0
       0
       0
       0
       0
       0
       0
       0
       0
       0
       0
       0
       0
       0
       0
       0
       0
       0
       0
       0
       0
       0
       0
       0
       0
       0
      37
     231
     833
    2571
   10730
   15363
   15722
   15347
   15556
   15197
   15343
   15086
   15098
   14971
   15031
   14899
   14897
   14789
   14762
   14851
   14470
   14724
   14566
   14591
   14468
   14514
   14479
   14644
   14427
   14297
   14481
   14172
   14163
   14212
   14266
   14016
   14072
   14219
   14160
   14083
   14057
   13993
   13988
   13877
   14059
   13822
   13880
   13861
   13816
   13933
   13964
   14050
   14162
   13961
   13937
   14184
   13980
   14211
   14189
   14186
   14176
   14110
   14089
   14108
   14187
   14425
   15027
   14314
   14187
   14894
   16140
   14969
   14415
   14128
   14030
   14137
   14174
   14248
   14161
   14321
   14276
   14503
   14448
   14493
   14689
   14830
   14603
   15114
   15203
   15659
   16035
   15432
   15449
   16631
   19116
   17262
   16691
   19654
   19658
   16518
   15715
   15935
   15834
   16020
   16185
   16078
   16323
   16175
   16336
   16459
   16789
   16598
   16837
   16652
   16984
   17132
   17279
   17459
   17492
   17424
   17699
   17929
   17647
   18195
   18229
   18152
   18376
   18401
   18598
   18596
   18551
   19152
   19398
   19282
   19278
   19740
   19572
   19444
   19352
   19777
   19862
   20011
   19948
   20236
   20414
   20515
   20395
   20696
   20680
   20958
   21157
   21268
   21588
   21366
   21538
   23061
   25695
   25221
   27921
   36407
   30217
   23010
   22378
   22055
   22262
   22318
   22324
   22240
   22333
   22383
   22422
   22374
   22482
   22214
   22630
   22957
   22660
   22853
   22880
   23385
   23617
   23847
   24138
   24081
   24508
   25407
   26009
   25165
   24775
   24914
   24499
   24525
   24361
   24111
   24019
   24059
   24154
   24113
   24124
   24134
   24176
   24348
   24223
   24293
   24082
   23744
   23612
   23533
   23907
   23404
   23316
   23753
   23403
   23273
   23135
   23262
   22905
   22808
   22751
   22653
   22359
   22267
   22277
   22244
   22203
   22119
   22031
   21700
   21575
   21657
   21698
   21388
   21303
   21129
   21361
   20977
   20844
   20897
   20813
   20635
   20323
   20111
   20441
   20025
   20167
   20504
   20091
   19861
   19603
   19767
   19570
   19513
   19518
   19682
   19505
   19506
   19256
   19338
   19808
   19607
   19624
   19470
   19861
   19549
   19720
   19777
   19838
   19731
   19710
   19687
   19812
   19860
   19975
   19625
   20264
   20157
   20620
   20279
   20040
   19835
   19821
   19804
   19900
   19828
   19563
   19596
   19579
   19855
   19547
   19537
   19524
   19448
   19229
   19214
   18994
   19243
   18750
   18707
   18569
   18774
   18171
   18364
   18086
   18170
   17668
   17802
   17693
   17651
   17501
   17027
   17145
   16980
   16703
   16615
   16717
   16448
   16594
   16347
   16165
   16126
   16049
   16286
   16266
   15740
   15805
   15580
   15515
   15106
   15339
   15293
   16050
   20485
   47365
   84766
   56940
   22154
   15672
   14728
   14317
   14254
   14141
   13962
   13720
   13597
   13358
   13322
   13199
   13138
   13054
   12942
   12534
   12782
   12435
   12370
   12506
   12118
   12186
   12205
   12099
   12031
   11741
   12133
   12118
   11835
   11580
   11786
   11548
   11498
   11528
   11338
   11324
   11150
   11357
   11249
   11118
   11142
   11013
   11168
   10868
   10827
   10800
   10743
   10622
   10709
   10654
   10523
   10669
   10546
   10713
   10488
   10508
   10431
   10406
   10347
   10278
   10465
   10272
   10183
   10316
   10302
   10319
   10060
   10120
   10153
   10234
    9938
    9993
   10114
   10003
   10106
    9967
   10017
   10093
   10022
    9965
   10024
    9958
   10044
    9952
    9839
    9922
    9753
    9866
    9862
    9887
    9804
   10197
   11484
   16036
   17727
   13061
   10540
    9876
    9568
    9869
    9730
    9880
    9928
    9888
    9966
    9849
    9921
    9971
   10107
   10054
   10275
   10639
   11446
   14763
   33868
  133782
  281056
  206484
   58109
   19570
   17418
   16963
   13682
   11489
   10630
   10299
    9953
    9795
    9773
    9400
    9424
    9271
    9224
    9292
    9276
    9272
    9660
   10524
    9746
    9024
    8867
    9026
    8932
    8864
    8604
    8622
    8776
    8710
    8575
    8605
    8503
    8504
    8545
    8567
    8307
    8396
    8402
    8455
    8365
    8196
    8224
    8297
    8230
    8278
    8129
    8248
    8384
    8140
    8167
    8186
    8098
    8229
    8098
    8143
    8185
    8018
    8182
    8139
    8307
    8357
    8484
    9025
   11401
   22664
   72300
  140517
  106266
   34208
   12915
   10105
    9266
    8977
    8779
    8443
    8603
    8390
    7855
    7817
    7743
    7689
    7737
    7780
    7503
    7568
    7448
    7506
    7317
    7303
    7262
    7289
    7260
    7154
    7187
    7204
    7137
    7121
    7096
    7012
    7135
    7047
    6871
    7002
    7079
    7122
    7094
    6898
    6757
    6893
    6821
    6904
    6892
    6862
    6750
    6777
    6744
    6609
    6629
    6820
    6733
    6711
    6738
    6815
    7339
    7223
    6816
    6654
    6449
    6740
    6645
    6514
    6662
    6538
    6492
    6503
    6478
    6467
    6331
    6316
    6329
    6332
    6345
    6163
    6072
    6086
    6071
    5931
    6049
    5915
    5910
    5872
    6045
    6098
    5853
    5673
    5645
    5574
    5531
    5430
    5278
    5435
    5196
    5167
    5263
    5225
    5076
    5203
    5043
    5166
    5083
    5006
    4914
    4948
    5027
    4910
    5012
    5015
    4992
    4867
    4918
    4842
    4876
    4824
    4700
    4797
    4790
    4782
    4786
    4688
    4772
    4704
    4741
    4730
    4648
    4641
    4573
    4680
    4493
    4558
    4651
    4729
    4581
    4420
    4490
    4361
    4524
    4417
    4486
    4598
    4441
    4344
    4346
    4460
    4417
    4401
    4436
    4301
    4226
    4330
    4285
    4252
    4313
    4320
    4727
    5934
    8989
   10180
    6980
    4945
    4411
    4254
    4273
    4311
    4274
    4251
    4102
    4223
    4140
    4220
    4329
    4721
    5835
    6221
    5158
    4319
    4039
    4087
    3941
    3974
    4068
    4065
    3957
    3883
    4036
    3960
    3863
    3858
    3873
    3809
    3835
    3855
    4668
    5447
    5054
    4378
    4344
    4761
    4365
    3740
    3610
    3602
    3534
    3640
    3498
    3606
    3519
    3511
    3480
    3460
    3525
    3385
    3443
    3456
    3451
    3404
    3444
    3347
    3238
    3350
    3309
    3374
    3344
    3404
    3362
    3357
    3260
    3233
    3314
    3287
    3169
    3268
    3315
    3167
    3260
    3307
    3197
    3257
    3223
    3237
    3099
    3183
    3094
    3122
    3129
    3116
    3053
    3043
    3075
    2953
    2894
    2972
    2779
    2897
    2858
    2795
    2757
    2761
    2764
    2795
    2818
    2842
    2767
    2782
    2769
    2809
    2763
    2674
    2628
    2680
    2784
    2698
    2598
    2550
    2590
    2615
    2511
    2565
    2605
    2569
    2494
    2602
    2421
    2465
    2481
    2498
    2402
    2477
    2400
    2562
    2820
    3149
    3197
    2740
    2507
    2402
    2387
    2380
    2368
    2389
    2411
    2267
    2442
    2418
    2368
    2263
    2321
    2420
    2285
    2267
    2296
    2301
    2257
    2427
    2483
    2654
    2545
    2404
    2326
    2189
    2270
    2310
    2210
    2301
    2139
    2251
    2372
    2441
    2445
    2356
    2177
    2136
    2114
    2173
    2087
    2136
    2153
    2080
    2125
    2141
    2177
    2120
    2120
    2106
    2059
    2127
    2076
    2146
    2103
    2076
    2121
    2086
    2216
    2172
    2217
    2144
    2669
    4108
    5379
    4664
    3034
    2469
    3077
    5285
    7705
    6471
    3739
    2984
    2636
    2374
    2614
    2878
    2745
    2241
    2093
    2018
    1941
    1977
    2012
    1958
    1936
    1923
    1933
    1963
    2029
    1901
    1925
    1967
    1989
    2060
    1985
    1909
    1903
    1917
    1977
    1940
    1925
    1882
    1874
    1993
    1863
    1991
    1998
    2003
    2064
    2051
    2116
    2197
    2367
    2455
    2749
    3018
    3639
    5141
    7757
   13089
   21687
   32152
   41667
   45521
   42002
   32361
   22177
   13410
    8249
    5537
    4191
    3444
    3142
    3269
    4264
    9849
   24417
   38933
   31456
   13298
    4739
    2874
    2600
    2449
    2289
    2154
    2042
    1965
    2010
    1987
    1894
    1853
    1899
    1850
    1868
    1819
    1915
    2047
    2144
    1890
    1806
    1758
    1680
    1703
    1709
    1714
    1737
    1624
    1570
    1606
    1577
    1707
    1654
    1597
    1507
    1596
    1649
    1567
    1589
    1561
    1539
    1641
    1597
    1593
    1547
    1600
    1529
    1534
    1511
    1554
    1567
    1945
    2581
    3161
    2835
    2038
    1558
    1533
    1470
    1538
    1533
    1469
    1478
    1570
    1426
    1467
    1465
    1496
    1475
    1409
    1491
    1464
    1451
    1486
    1495
    1394
    1482
    1452
    1501
    1458
    1462
    1493
    1505
    1571
    1550
    1605
    1813
    1927
    1809
    1607
    1498
    1568
    1692
    1976
    2545
    2788
    2304
    1668
    1581
    1596
    1651
    1811
    2415
    4475
   11389
   22318
   24783
   14486
    5336
    2522
    1996
    1964
    2381
    3962
    8278
   12895
   11450
    5887
    2644
    1895
    1737
    1595
    1601
    1553
    1537
    1547
    1508
    1522
    1460
    1461
    1476
    1465
    1419
    1376
    1417
    1491
    1503
    1589
    1492
    1422
    1350
    1401
    1291
    1328
    1350
    1357
    1329
    1288
    1255
    1322
    1234
    1302
    1277
    1296
    1216
    1288
    1242
    1292
    1220
    1316
    1276
    1294
    1268
    1335
    1321
    1379
    1492
    1748
    2782
    5474
    8513
    8720
    9391
   19214
   36683
   40845
   23810
    8361
    3103
    2044
    1793
    1672
    1623
    1488
    1534
    1390
    1364
    1338
    1403
    1293
    1280
    1302
    1370
    1252
    1323
    1201
    1189
    1327
    1153
    1148
    1158
    1113
    1276
    1400
    1910
    2035
    1731
    1320
    1125
    1122
    1166
    1045
    1054
    1034
    1080
    1080
    1089
    1062
    1009
    1095
    1038
    1042
    1034
    1027
     991
    1053
    1028
    1006
    1032
    1003
    1038
    1009
     917
     984
     949
     960
     945
     890
     947
     928
     915
     961
    1003
     905
     889
     921
     877
     893
     832
     898
     875
     880
     899
     869
     886
     865
     818
     894
     883
     812
     906
     908
     918
     836
     898
     825
     903
     836
     848
     893
     853
     868
     829
     802
     802
     825
     802
     846
     833
     825
     818
     851
     802
     774
     801
     799
     871
     869
     946
    1093
    1639
    3347
    5729
    6589
    4375
    2159
    1112
     940
     865
     806
     802
     827
     822
     788
     777
     723
     741
     784
     747
     769
     733
     682
     725
     696
     719
     765
     697
     730
     677
     717
     706
     692
     662
     696
     703
     654
     681
     741
     972
    1227
    1313
    1093
     796
     681
     690
     622
     632
     673
     666
     693
     639
     612
     645
     615
     646
     605
     576
     641
     625
     613
     656
     619
     596
     639
     687
     632
     667
     592
     593
     591
     625
     551
     567
     576
     575
     566
     544
     585
     558
     542
     564
     558
     543
     568
     527
     568
     519
     546
     509
     540
     542
     514
     534
     537
     524
     579
     578
     578
     539
     535
     516
     520
     511
     531
     527
     486
     579
     807
    1053
    1174
     955
     657
     506
     471
     466
     468
     440
     486
     507
     481
     497
     464
     484
     517
     483
     525
     583
     561
     597
     547
     511
     451
     471
     446
     464
     469
     439
     444
     446
     448
     468
     427
     422
     438
     433
     453
     435
     453
     509
     497
     473
     421
     445
     452
     389
     437
     435
     419
     455
     395
     415
     412
     398
     408
     459
     385
     407
     422
     412
     401
     430
     429
     411
     441
     452
     423
     435
     428
     425
     415
     387
     371
     394
     402
     383
     376
     399
     405
     385
     400
     420
     353
     401
     406
     422
     420
     425
     384
     383
     390
     362
     371
     371
     390
     382
     384
     417
     376
     384
     412
     401
     338
     416
     466
     438
     460
     551
     683
     839
    1009
     781
     581
     459
     452
     532
     636
     841
     959
     739
     611
     484
     538
     532
     681
     933
    1873
    4642
   10230
   15295
   14056
    8018
    2906
    1085
     672
     621
     562
     560
     466
     464
     443
     429
     409
     413
     410
     427
     408
     388
     386
     399
     334
     414
     372
     368
     364
     372
     347
     356
     351
     360
     355
     292
     363
     372
     295
     326
     323
     320
     323
     305
     292
     313
     345
     314
     330
     305
     317
     280
     303
     321
     333
     305
     327
     316
     323
     312
     302
     295
     310
     305
     317
     354
     405
     551
     532
     443
     396
     325
     292
     290
     298
     251
     308
     265
     302
     329
     291
     288
     298
     272
     332
     364
     409
     399
     482
     725
    1437
    3306
    6089
    7203
    5532
    2720
     991
     527
     422
     428
     395
     390
     365
     342
     399
     454
     468
     442
     365
     295
     294
     323
     285
     277
     287
     295
     257
     277
     282
     279
     262
     258
     282
     259
     308
     330
     446
     369
     371
     295
     265
     241
     242
     238
     277
     252
     251
     249
     256
     261
     244
     211
     224
     232
     270
     269
     243
     232
     272
     217
     230
     206
     252
     243
     227
     208
     219
     224
     241
     234
     228
     248
     217
     247
     214
     216
     230
     222
     253
     236
     310
     296
     301
     315
     358
     544
    1076
    2139
    3514
    4269
    3253
    1669
     681
     459
     443
     480
     420
     374
     318
     212
     256
     234
     240
     233
     235
     212
     219
     206
     236
     221
     225
     231
     208
     207
     216
     211
     225
     216
     179
     224
     201
     192
     193
     212
     182
     211
     193
     190
     222
     194
     193
     190
     205
     213
     221
     194
     248
     222
     219
     212
     201
     199
     180
     171
     209
     177
     210
     196
     198
     206
     213
     222
     241
     261
     347
     547
    1112
    1836
    2119
    1617
     835
     397
     231
     214
     233
     208
     214
     210
     196
     175
     171
     198
     192
     180
     190
     190
     202
     193
     177
     180
     155
     185
     164
     187
     177
     192
     212
     167
     184
     180
     168
     198
     199
     195
     179
     193
     258
     231
     197
     173
     167
     185
     175
     171
     146
     179
     183
     166
     186
     172
     161
     155
     185
     189
     175
     179
     171
     144
     173
     160
     172
     179
     161
     165
     171
     173
     167
     176
     161
     161
     155
     144
     153
     156
     170
     137
     140
     161
     166
     151
     156
     116
     140
     158
     160
     160
     149
     154
     157
     182
     161
     161
     164
     145
     142
     133
     140
     168
     142
     153
     145
     146
     148
     149
     134
     144
     140
     134
     152
     134
     153
     159
     172
     219
     344
     446
     530
     480
     288
     161
     163
     163
     149
     159
     136
     144
     150
     139
     136
     134
     130
     123
     137
     129
     124
     129
     146
     146
     115
     134
     112
     132
     119
     121
     130
     121
     119
     155
     111
     120
     134
     127
     142
     174
     188
     212
     159
     137
     116
     127
     118
     106
     120
     109
     105
     131
     117
     113
     113
     128
     126
     107
     150
     131
     100
     116
     118
     123
     122
     116
     119
     105
     115
     114
     110
     107
     113
     104
     103
      95
     122
     109
     102
     120
     101
     127
     118
     112
      99
      96
     111
     111
     102
     127
     120
     101
     101
      99
     107
     105
     103
     109
     102
     100
     102
      93
     107
     102
      97
      87
     103
     113
     115
     101
     116
      97
     116
      98
     102
      94
     104
     110
      96
      73
      80
     106
      93
      80
      86
     107
      95
      92
      92
     108
      89
      96
      99
      84
      83
      88
      87
      94
      99
      92
      77
      78
     108
      93
      84
      85
     100
      97
     117
     147
     116
      94
      89
     102
      86
      87
      78
      94
      90
      79
      89
      84
      78
      76
      86
      62
      95
      91
      63
      73
      87
      91
      88
      99
     112
     133
     139
     115
      96
      83
      72
      56
      75
      88
      82
      68
      65
      64
      60
      98
      76
      51
      71
      76
      75
      49
      74
      58
      85
      52
      65
      60
      91
      87
      80
      69
      58
      71
      73
      79
      82
      76
      70
      63
      57
      72
      68
      60
      63
      72
      60
      70
      60
      64
      64
      79
      71
      82
      74
      72
      67
      58
      77
      80
      78
      61
      73
      73
      69
      72
      67
      69
      65
      62
      62
      67
      72
      62
      68
      46
      66
      73
      55
      65
      59
      63
      54
      64
      64
      60
      54
      65
      61
      56
      58
      66
      63
      46
      71
      66
      57
      56
      57
      76
      83
      82
      71
      59
      58
      48
      52
      69
      69
      43
      44
      55
      54
      48
      58
      58
      52
      54
      67
      56
      49
      63
      55
      62
      54
      63
      49
      65
      66
      56
      58
      59
      65
      38
      41
      45
      59
      60
      57
      52
      57
      59
      57
      55
      59
      45
      60
      52
      51
      58
      48
      55
      55
      50
      40
      52
      57
      49
      48
      51
      61
      50
      57
      45
      55
      50
      44
      53
      55
      50
      50
      57
      55
      41
      68
      79
     111
     140
     105
     105
      50
      47
      41
      57
      46
      54
      52
      52
      59
      55
      67
      57
      67
      91
     143
     274
     462
     588
     573
     375
     216
     106
      67
      69
      57
      50
      60
      55
      63
      44
      62
      48
      50
      53
      48
      62
      50
      45
      54
      53
      38
      55
      49
      55
      42
      58
      44
      49
      45
      52
      49
      59
      62
      58
      65
      52
      63
      78
      76
     121
     183
     248
     209
     161
     147
     216
     178
     204
     126
      98
      71
      54
      56
      49
      63
      62
      65
      61
      68
      74
      70
      94
     121
     236
     404
     680
     868
     863
     539
     341
     125
      81
      71
      44
      56
      58
      65
      55
      49
      53
      45
      54
      53
      49
      60
      41
      46
      48
      44
      45
      53
      41
      33
      41
      61
      44
      50
      38
      52
      37
      41
      47
      42
      32
      34
      52
      41
      47
      56
      43
      46
      53
      36
      46
      39
      40
      45
      42
      50
      48
      51
      49
      62
      63
      65
     115
     115
     121
      89
      71
      56
      49
      46
      47
      51
      41
      34
      40
      47
      42
      40
      40
      29
      49
      41
      40
      37
      43
      30
      39
      35
      52
      55
      29
      44
      52
      41
      34
      34
      46
      43
      68
      71
     125
     117
     101
      83
      59
      57
      41
      35
      53
      44
      39
      34
      36
      41
      33
      36
      42
      25
      42
      34
      31
      30
      34
      38
      32
      49
      42
      40
      47
      33
      25
      35
      36
      38
      31
      46
      34
      40
      30
      32
      38
      47
      43
      37
      34
      34
      48
      39
      42
      35
      41
      40
      27
      35
      46
      36
      29
      36
      36
      26
      40
      37
      37
      32
      23
      37
      29
      41
      38
      46
      39
      36
      25
      32
      30
      39
      37
      50
      31
      21
      29
      41
      33
      39
      32
      35
      34
      31
      29
      35
      25
      29
      38
      21
      25
      31
      41
      43
      23
      34
      33
      39
      28
      38
      33
      45
      36
      33
      36
      23
      33
      25
      41
      45
      39
      45
      45
      34
      48
      33
      36
      30
      42
      31
      35
      36
      32
      27
      31
      40
      39
      50
      70
      83
      72
      59
      37
      31
      41
      24
      35
      38
      29
      32
      27
      35
      33
      33
      28
      31
      27
      24
      28
      37
      29
      31
      36
      32
      39
      33
      21
      26
      22
      33
      26
      37
      29
      32
      32
      30
      38
      32
      26
      21
      32
      44
      32
      41
      29
      34
      27
      38
      40
      27
      29
      34
      35
      23
      27
      35
      32
      32
      31
      24
      30
      29
      29
      27
      39
      31
      36
      36
      40
      27
      41
      29
      33
      35
      28
      33
      38
      35
      33
      24
      45
      25
      32
      29
      24
      33
      20
      30
      22
      40
      27
      22
      29
      27
      27
      22
      32
      22
      31
      37
      32
      27
      27
      28
      20
      29
      28
      27
      31
      34
      29
      34
      17
      23
      27
      28
      24
      17
      15
      29
      41
      40
      30
      34
      34
      36
      39
      31
      25
      20
      20
      26
      33
      30
      20
      23
      36
      23
      30
      29
      31
      35
      25
      30
      28
      21
      27
      19
      24
      21
      35
      28
      19
      28
      39
      24
      30
      24
      19
      18
      26
      19
      17
      24
      14
      24
      24
      25
      23
      18
      17
      21
      14
      23
      29
      22
      28
      18
      25
      22
      21
      26
      20
      19
      21
      24
      29
      25
      20
      20
      24
      20
      17
      27
      26
      26
      23
      20
      27
      21
      20
      18
      16
      24
      20
      24
      17
      26
      22
      13
      20
      23
      18
      16
      27
      23
      14
      18
      15
      21
      26
      19
      17
      16
      19
      16
      14
      23
      23
      12
      20
      18
      18
      10
      19
      21
      20
      22
      14
      25
      18
      18
      16
      22
      17
      20
      21
      20
      28
      38
      30
      39
      27
      22
      26
      17
      15
      17
      15
      21
      16
      21
      19
      15
      21
      17
      15
      26
       9
      14
      22
      18
      16
      24
      19
      18
      19
      25
      40
      43
      53
      38
      38
      27
      16
      12
      17
      15
      19
      19
      14
      15
       9
      18
      15
      24
      16
      13
       6
      25
      20
      17
      19
       9
      15
      19
      14
      19
      13
      11
      18
      18
       9
      13
      18
      10
      15
      13
      15
      11
      16
      14
      11
      16
      15
      14
      12
      15
      18
      19
      20
      29
      71
     104
     133
     115
     129
      86
      48
      27
      26
      20
      17
      13
      16
      14
      16
      16
      13
      15
      13
      10
      12
      11
      16
      21
      23
      18
      13
      21
      12
      12
      17
      20
      16
      16
      21
      24
      23
      25
      17
      17
      13
      15
      16
      11
      11
      15
      10
      14
      10
      14
      14
      13
      10
      14
      16
      16
      11
      14
      13
      11
      15
      15
      17
      14
      14
      19
      14
       9
      15
      22
      37
      35
      43
      44
      27
      28
      16
      15
      12
      13
      13
      10
       9
      18
       4
      17
      12
       9
      11
      13
      13
      12
      11
       8
       6
       6
      12
      16
      14
      12
      17
       5
      15
      10
      15
       7
       9
      12
       7
      10
       8
       9
       7
      12
      15
       8
      13
       9
       8
       9
      11
       9
      13
      13
      12
      13
      13
      10
      15
      11
      17
      18
      16
      27
      22
      15
      11
       4
      11
       5
      14
      13
      15
       7
      11
      11
       4
      12
       7
      14
      11
      11
       8
       9
      11
      11
       5
      11
       7
       4
       6
       5
       8
      14
       9
       9
       5
       6
      13
       8
      21
      13
      14
       4
      16
      20
      24
      18
      25
      34
      34
      24
      16
       9
      11
      13
      19
      28
      40
      41
      33
      42
      40
      22
      13
      16
      13
       6
       7
       8
       5
       6
       6
      11
       8
      12
      15
       5
       5
       8
       9
      11
       6
       5
       5
      10
       5
       8
       3
       9
       7
      10
       5
       8
       7
      19
      14
       6
      12
      12
       9
      12
       6
       5
       9
      19
      10
      12
      20
      16
      12
      21
      25
      12
      12
      19
      12
       7
       8
       8
       9
       8
      11
      11
      17
      25
      25
      59
     101
     146
     249
     353
     341
     266
     153
      96
      52
      20
      25
      11
      17
      23
      14
       7
      11
       6
       7
       9
      10
      10
      11
      11
      14
       6
       9
      11
       5
       9
       9
      13
       6
       5
      10
       9
       7
       5
       7
       5
       4
      11
      11
      10
      10
       5
      10
       8
       8
       5
       3
       3
       9
       7
       9
       7
       9
       7
       5
       4
       7
      14
       5
       9
       3
       6
       8
       4
       6
       7
       8
       4
       5
       4
       6
       4
       9
       5
       3
       3
       2
       7
       0
       4
       4
       4
       7
       6
       4
       7
       7
       8
       7
       3
       6
       3
       4
       0
      17
       4
       8
       3
       2
       5
       4
       8
       9
       3
       1
       6
       5
       6
       5
       6
       5
       3
       3
       3
       4
       7
       6
       7
      11
       6
       6
       1
       7
       2
       3
       7
       3
       5
       6
       7
       6
       6
       4
       3
       7
       1
       3
       4
       4
       4
       3
       5
       8
      11
       3
       5
       7
       4
       2
       1
       2
       7
       1
       5
       0
       1
       7
       5
       4
       5
       7
       8
       6
       3
       4
       5
       6
       2
       5
       1
       5
       6
       7
       6
       7
       9
       8
       4
       5
       4
       4
       2
       2
       1
       3
       4
       3
       5
       3
       3
       5
       4
       7
       4
       5
       4
       8
       3
       6
       6
       3
       4
       3
       3
       6
       7
       6
       5
       3
       6
       5
       5
       5
       3
       4
       3
       6
       6
       1
       4
       7
       5
       7
       6
       3
       4
       4
       3
       2
       1
       0
       9
       5
       1
       7
       3
       2
       4
       3
       6
       2
       5
       4
       2
       6
       5
       3
       2
       3
       3
       0
       4
       4
       2
       2
       2
       4
       4
       2
       2
       4
       1
       3
       2
       2
       5
       8
       7
       5
      10
      13
      15
      26
      16
       7
      15
       4
       4
       3
       2
       3
       4
       4
       6
       6
       2
       4
       4
       3
       4
       4
       2
       4
       7
       9
       1
       3
       3
       2
       1
       4
       4
       6
       5
       1
       1
       3
       2
       3
       3
       6
       4
       6
       3
       7
       3
       3
       5
       2
       4
       2
       2
       0
       3
       5
       3
       1
       4
       2
       9
       1
       3
       1
       7
       6
       9
      12
      13
      25
      28
      48
      61
      63
      36
      29
      25
      12
       7
       6
       3
       1
       3
       2
      10
       5
       6
       9
       9
       4
       2
       2
       1
       3
       1
       2
       0
       4
       2
       2
       1
       6
       3
       3
       5
       6
       2
       4
       1
       3
       6
       4
       6
       3
       3
       2
       1
       6
       2
       3
       4
       3
       1
       4
       4
       2
       3
       3
       2
       3
      10
      11
      10
       6
      11
      11
       8
       2
       6
       1
       0
       4
       4
       4
       2
       3
       2
       2
       6
       2
       1
       2
       3
       2
       3
       1
       3
       2
       4
       4
       5
       2
       3
       1
       3
       2
       2
       2
       2
       2
       1
       0
       2
       1
       2
       0
       4
       4
       2
       3
       4
       2
       3
       3
       5
       3
       2
       3
       0
       2
       3
       1
       2
       4
       2
       0
       7
       2
       4
       2
       2
       3
       4
       3
       2
       1
       4
       1
       4
       2
       3
       3
       5
       1
       5
       1
       4
       0
       2
       1
       0
       0
       2
       3
       3
       3
       0
       2
       3
       4
       2
       2
       1
       1
       3
       2
       2
       1
       2
       1
       2
       4
       3
       3
       1
       3
       0
       2
       3
       4
       1
       2
       1
       1
       2
       1
       0
       4
       3
       1
       2
       1
       4
       4
       1
       2
       1
       1
       0
       4
       4
       2
       2
       1
       2
       4
       0
       2
       0
       3
       2
       0
       2
       2
       4
       2
       1
       2
       0
       2
       0
       1
       4
       3
       3
       1
       2
       3
       1
       2
       1
       3
       3
       0
       3
       0
       1
       3
       2
       2
       1
       1
       1
       2
       0
       0
       5
       1
       1
       1
       2
       2
       3
       1
       2
       0
       3
       2
       1
       1
       1
       5
       3
       0
       2
       3
       0
       2
       0
       0
       3
       1
       1
       0
       0
       3
       0
       3
       1
       1
       1
       3
       1
       1
       2
       2
       6
       1
       4
       2
       0
       1
       0
       3
       0
       1
       2
       0
       2
       0
       0
       0
       1
       3
       1
       1
       0
       1
       0
       2
       2
       1
       5
       3
       0
       2
       2
       2
       1
       3
       2
       1
       1
       1
       0
       0
       0
       2
       0
       5
       2
       1
       2
       0
       4
       1
       2
       0
       1
       1
       1
       1
       0
       1
       0
       3
       0
       1
       0
       1
       0
       2
       3
       4
       1
       0
       0
       1
       0
       1
       2
       3
       1
       1
       2
       1
       2
       2
       0
       4
       1
       2
       6
       1
       2
       1
       0
       3
       2
       2
       0
       3
       1
       1
       2
       2
       3
       5
       8
       7
       9
       4
       2
       0
       2
       1
       2
       3
       1
       1
       2
       2
       0
       2
       1
       0
       2
       1
       0
       0
       1
       2
       1
       0
       1
       1
       1
       1
       0
       2
       1
       1
       0
       1
       3
       1
       1
       3
       0
       2
       0
       3
       0
       1
       0
       0
       0
       1
       0
       1
       0
       2
       0
       0
       1
       4
       1
       2
       1
       1
       1
       0
       1
       0
       2
       1
       4
       3
       3
       4
       9
       4
       2
       0
       5
       1
       2
       4
       1
       1
       0
       2
       0
       2
       0
       1
       0
       1
       0
       0
       0
       1
       1
       1
       1
       0
       2
       2
       1
       3
       3
       0
       2
       2
       2
       2
       0
       0
       4
       1
       1
       0
       1
       1
       1
       0
       1
       2
       1
       1
       0
       1
       3
       1
       0
       0
       2
       1
       2
       0
       0
       0
       1
       3
       2
       3
       1
       0
       2
       2
       0
       2
       1
       3
       0
       2
       2
       0
       0
       1
       0
       1
       2
       2
       1
       1
       1
       1
       0
       1
       3
       0
       0
       1
       1
       0
       0
       2
       1
       2
       5
       2
       0
       2
$ROI:
0
$PRESETS:
None
0
0
$ENER_FIT:
-0.17 0.50021
$MCA_CAL:
3
-0.17000 0.50021 0.00 keV
$SHAPE_CAL:
3
-0.765948053477 7.83958431117 -26.4079756712
$META:
{'istp': ['133CEm', '133CEg', '133LA', '132CE', '132LA', '139CE', '137CEg', '137CEm', '137LA', '135CE', '135LA', '134LA', '132CS', '7BE', '133BAm', '133BAg'], 'res': 0.05, 'R': 0.2, 'unc_eff': [[0.024053508436386758, -0.2517435071854035, 0.6502498581753428], [-0.25174350718540356, 2.65027007823169, -6.882714286693032], [0.6502498581753429, -6.882714286693032, 17.966849727438788]], 'alpha': 0.9}
