$SPEC_ID:
No sample description was entered.
$SPEC_REM:
DET# 9480
DETDESC# HPGE
AP# Maestro Version 7.01
$DATE_MEA:
10/16/2018 21:35:42
$MEAS_TIM:
900 1032
$DATA:
0 4095
     150
     172
       0
       0
       0
       0
       0
       0
       0
       0
       0
       0
       0
       0
       0
       0
       0
       0
       0
       0
       0
       0
       0
       0
       0
       0
       0
       0
       0
       0
       0
       0
       0
       0
       0
       0
       0
       0
       0
       0
       0
       0
       0
       0
       0
       0
       0
       0
       0
       0
       0
       0
       0
       0
       0
       0
       0
       0
       0
       0
       0
       0
       0
       0
       0
       0
       0
       0
       0
       0
       0
       0
       0
       0
       0
       0
       0
       0
       0
       0
      14
     142
     517
    1560
    7491
   11704
   11752
   11573
   11635
   11645
   11686
   11297
   11440
   11616
   11251
   11265
   11272
   11187
   11293
   11092
   11111
   11031
   11131
   11226
   10937
   10780
   10752
   10883
   10926
   10825
   10767
   10780
   10697
   10832
   10926
   11695
   17964
   22137
   13368
   10585
   10588
   10615
   10489
   10429
   10571
   10498
   10528
   10479
   10679
   10494
   10327
   10238
   10473
   10596
   10474
   10724
   10574
   10309
   10681
   10649
   10590
   10566
   10707
   10731
   10692
   11094
   11241
   10766
   10661
   11252
   11844
   11288
   10719
   11575
   11712
   10785
   10689
   10661
   10713
   10724
   10758
   10952
   11006
   11191
   10859
   11063
   11057
   11234
   11566
   11913
   11703
   11767
   11619
   12132
   13335
   18485
   23353
   16452
   12964
   12175
   11988
   11917
   11880
   12032
   12056
   12125
   12308
   12128
   12164
   12267
   12397
   12574
   12761
   14501
   20857
   20659
   14109
   12719
   12791
   12864
   12746
   13131
   12965
   12918
   13201
   13207
   13240
   13230
   13283
   13295
   13389
   13720
   13828
   13794
   13818
   14035
   14156
   14202
   14263
   14167
   14124
   14481
   14427
   14657
   14721
   14935
   14806
   14826
   15001
   15123
   15034
   15093
   15208
   15305
   15361
   15470
   15945
   15579
   16282
   17866
   16592
   15447
   15359
   15183
   15149
   15137
   15526
   16075
   16171
   15550
   15462
   15516
   15387
   15439
   15601
   15793
   15899
   15636
   16029
   16653
   24325
   53164
   59490
   26558
   16961
   16332
   16047
   16131
   15744
   15559
   15675
   15942
   15735
   15486
   15858
   15211
   15528
   15858
   15447
   15391
   15358
   15439
   15652
   15608
   15505
   15328
   15378
   15334
   15380
   15002
   15158
   15173
   15213
   15396
   15209
   15480
   15448
   15131
   14979
   15211
   15161
   15064
   14964
   15026
   15035
   14983
   14639
   14957
   14619
   14696
   15121
   15567
   15145
   14456
   14746
   14580
   14435
   14591
   14607
   14263
   14276
   14345
   14308
   14233
   14432
   14254
   14169
   13867
   14169
   13965
   14123
   14173
   14137
   14226
   13965
   14093
   14217
   13906
   14497
   14378
   14230
   14482
   14326
   14356
   14300
   14590
   14577
   14681
   14982
   14774
   14504
   14446
   14275
   14295
   14235
   14675
   15393
   17035
   16729
   14460
   14288
   14200
   14069
   15303
   19049
   18610
   14837
   13668
   13505
   13584
   13610
   13517
   13367
   13592
   13285
   13320
   13367
   13108
   13168
   12881
   13320
   12958
   13152
   13058
   12841
   12836
   13034
   12976
   12658
   12600
   12499
   12534
   12444
   12527
   12493
   12424
   12486
   12337
   12159
   12332
   12112
   12163
   12186
   11937
   12095
   11912
   11899
   11970
   11884
   11969
   12014
   12951
   17576
   24043
   18639
   12756
   11895
   11677
   11660
   11502
   11331
   11242
   11514
   11686
   11541
   11297
   11043
   11037
   11109
   10839
   11021
   10893
   11166
   11254
   11062
   10881
   10738
   10592
   10465
   10482
   10310
   10368
   10689
   10570
   10382
   10275
   10194
   10259
   10484
   10401
   10064
    9946
    9954
    9949
   10098
    9962
   10127
   10397
   10150
    9684
    9601
    9563
    9469
    9666
    9457
    9480
    9339
    9407
    9331
    9103
    9246
    9317
    9234
    9422
    9339
    9337
    9119
    8934
    9046
    9043
    9067
    8858
    9059
    8747
    8836
    8617
    8731
    8763
    8773
    8632
    8559
    8722
    8625
    8514
    8593
    8580
    9171
    9989
   11040
    9739
    8718
    8542
    8630
    8555
    8590
    8243
    8437
    8995
   10780
   10940
    9270
    8416
    8300
    8340
    8177
    8265
    8192
    7981
    8205
    8016
    8112
    8710
   10000
   11190
    9542
    8437
    8126
    8316
    8904
   12866
   31366
   55987
   40293
   15142
    9322
    9139
    9646
    9125
    8074
    8064
    8025
    7808
    7879
    7776
    7830
    7691
    7601
    7634
    7604
    7756
    7829
    7967
    8212
    8017
    7680
    8196
    9926
   14625
   16552
   11017
    8156
    7535
    7600
    7610
    7737
    7844
    7604
    7408
    7435
    7365
    7478
    7395
    7574
    7736
    7571
    7560
    7654
    7626
    8002
   10012
   12281
   11013
    9534
    8628
    7687
    7368
    7309
    7580
    8032
    7902
    7462
    7319
    7306
    7147
    7359
    7313
    7454
    7936
   10250
   19119
   31189
   23878
   11733
    8993
   11293
   12560
    9636
    7637
    7508
    7263
    7251
    7241
    7367
    7541
    8044
    8155
    7430
    6938
    6903
    7145
    7023
    6700
    6957
    6979
    6840
    6746
    6654
    6795
    6766
    6802
    6868
    6884
    6831
    6735
    6570
    6697
    6679
    7040
    7068
    6817
    6778
    6695
    6685
    6598
    6659
    6504
    6510
    6555
    6445
    6578
    6480
    6455
    6550
    6395
    6664
    6618
    6575
    6619
    6793
    6736
    6501
    6349
    6452
    6393
    6302
    6315
    6322
    6081
    6290
    6258
    6194
    6090
    6130
    6140
    6104
    6235
    6320
    6741
    7133
    6588
    5959
    5688
    5680
    5490
    5570
    5611
    5602
    5459
    5377
    5283
    5444
    6257
    8511
   10190
    7639
    5634
    5085
    4889
    5029
    5028
    4929
    4846
    4891
    4731
    4682
    4830
    4700
    4688
    4598
    4523
    4474
    4551
    4477
    4394
    4446
    4435
    4463
    4420
    4276
    4222
    4379
    4287
    4268
    4232
    4307
    4260
    4221
    4806
    5501
    5640
    4690
    4148
    4105
    4028
    4017
    4078
    4114
    4090
    4177
    4037
    4049
    4098
    3899
    3968
    3996
    4022
    4047
    4074
    4008
    3868
    3856
    3826
    3810
    3898
    3854
    3702
    3763
    3643
    3878
    4494
    4720
    4015
    3642
    3492
    3498
    3434
    3529
    3661
    3454
    3561
    3546
    3518
    3494
    3469
    3473
    3641
    3831
    3645
    3529
    3559
    3433
    3358
    3316
    3364
    3583
    3453
    3402
    3234
    3148
    3165
    3170
    3144
    3158
    3150
    3256
    3786
    3920
    3577
    3182
    3217
    3119
    3109
    3071
    3054
    2809
    2933
    2984
    3032
    3454
    4195
    4512
    3611
    3087
    3022
    2954
    3044
    2850
    2720
    2879
    2913
    3244
    3405
    3086
    2782
    2839
    2722
    2689
    2753
    2695
    2724
    2706
    2812
    2621
    2647
    2717
    2717
    2595
    2914
    3088
    3020
    2724
    2736
    2556
    2738
    2797
    2961
    3180
    2935
    2710
    2588
    2515
    2456
    2544
    2495
    2468
    2457
    2409
    2582
    2433
    2532
    2518
    2415
    2581
    2922
    4195
    5562
    4871
    3166
    2519
    2386
    2429
    2364
    2469
    2407
    2470
    2392
    2419
    2375
    2351
    2323
    2302
    2190
    2282
    2356
    2317
    2299
    2559
    3091
    3872
    3791
    3043
    2578
    2351
    2406
    2603
    2447
    2370
    2126
    2130
    2130
    2182
    2150
    2247
    2279
    2300
    2397
    2835
    2953
    2497
    2241
    2168
    2073
    2128
    2072
    2067
    2116
    2124
    2146
    2172
    2289
    2469
    2271
    2276
    2111
    2181
    2111
    2263
    2787
    4569
    6332
    5557
    3274
    2338
    2125
    2105
    2103
    2029
    2042
    2079
    2136
    2134
    2092
    2088
    2087
    2087
    2055
    2193
    2202
    2259
    2706
    4192
    5369
    7028
   15515
   29737
   30252
   14809
    5022
    2886
    2725
    3037
    3331
    2936
    2367
    2221
    2230
    2606
    2965
    2737
    2249
    2095
    2107
    2162
    2243
    2361
    2248
    1951
    1936
    2000
    1885
    1925
    1930
    1933
    1833
    1914
    1925
    1862
    1823
    1939
    2143
    2324
    2382
    2372
    2310
    2126
    1970
    1945
    2089
    1903
    1883
    1954
    1965
    1913
    1993
    2114
    2028
    2009
    1997
    2131
    2312
    2523
    2399
    2504
    2868
    3385
    4387
    6563
   10877
   19268
   34524
   55625
   70871
   70667
   59900
   45241
   29526
   17208
    9935
    6236
    4380
    3374
    2914
    2688
    2760
    3512
    6101
    8540
    6841
    3497
    2077
    1799
    1766
    1760
    1735
    1730
    1902
    2488
    3504
    3519
    2540
    1705
    1563
    1456
    1628
    1647
    1630
    1524
    1521
    1502
    1492
    1403
    1404
    1436
    1321
    1356
    1465
    1342
    1355
    1330
    1424
    1496
    1467
    1378
    1344
    1342
    1312
    1324
    1274
    1308
    1475
    1847
    2576
    3464
    3241
    2193
    1474
    1375
    1305
    1255
    1322
    1347
    1479
    1531
    1494
    1448
    1265
    1239
    1229
    1233
    1214
    1185
    1261
    1261
    1302
    1231
    1210
    1258
    1202
    1188
    1150
    1213
    1342
    1422
    1476
    1511
    1542
    1405
    1206
    1288
    1396
    1529
    1427
    1243
    1138
    1235
    1308
    1302
    1342
    1320
    1505
    1963
    2048
    1813
    2080
    2439
    2261
    1635
    1393
    1223
    1200
    1220
    1390
    1835
    3073
    4898
    5101
    3139
    1690
    1181
    1135
    1165
    1196
    1467
    2358
    3084
    2849
    1811
    1183
    1136
    1135
    1173
    1375
    1421
    1316
    1244
    1152
    1103
    1106
    1166
    1348
    1314
    1220
    1082
    1062
    1061
    1100
    1054
    1022
    1034
    1045
     987
    1068
    1104
    1185
    1119
    1056
    1077
    1083
    1092
    1066
    1227
    1478
    1725
    1450
    1348
    1297
    1131
     963
    1019
     936
     990
     929
    1014
    1053
    1125
    1152
    1146
    1389
    2116
    2874
    2958
    2698
    4300
    7430
    8184
    5162
    2326
    1306
    1074
    1001
    1090
    1143
    1517
    2253
    2294
    1793
    1221
     980
     964
    1054
    1117
    1047
    1077
    1157
    1697
    2661
    3349
    2716
    1623
    1107
     991
    1164
    1553
    1887
    1776
    1344
    1026
     916
     895
     913
     863
     818
     889
     833
     839
     837
     859
     836
     847
     849
     991
     985
    1060
    1062
    1353
    2048
    2065
    1558
    1049
     876
     859
     873
     765
     819
     784
     821
     850
     801
     870
     822
     895
     857
     801
     725
     735
     788
     859
     967
    1378
    1704
    1610
    1151
     862
     781
     743
     746
     744
     721
     724
     733
     725
     726
     699
     751
     738
     719
     850
     966
     963
     834
     704
     728
     766
     762
     739
     734
     670
     668
     660
     693
     678
     705
     746
     741
     804
     946
    1025
     970
     892
    1027
    1173
    1571
    1706
    1263
     994
     865
     861
     809
     764
     742
     708
     723
     765
     723
     722
     745
     725
     640
     633
     663
     639
     688
     670
     798
     845
     912
     972
     926
     847
     821
     765
     702
     688
     691
     677
     675
     706
     789
     962
     913
     837
     673
     636
     672
     674
     644
     887
    1308
    2149
    2664
    2075
    1187
     732
     680
     741
     725
     702
     591
     614
     581
     639
     608
     614
     645
     726
     695
     704
     612
     647
     680
     646
     663
     600
     584
     610
     592
     650
     584
     566
     553
     545
     557
     579
     649
     709
     828
     666
     565
     602
     567
     563
     617
     772
     779
     712
     613
     622
     576
     541
     519
     523
     551
     537
     603
     601
     661
     629
     642
     656
     606
     570
     551
     533
     527
     544
     521
     484
     537
     511
     497
     512
     494
     522
     551
     519
     560
     521
     547
     489
     526
     524
     514
     530
     543
     523
     508
     496
     469
     507
     539
     538
     533
     541
     527
     564
     543
     544
     523
     531
     545
     555
     559
     621
     556
     547
     528
     529
     515
     474
     462
     466
     497
     470
     508
     536
     605
     557
     458
     478
     500
     518
     533
     569
     558
     519
     504
     536
     579
     639
     610
     535
     510
     518
     477
     473
     497
     462
     506
     512
     479
     493
     469
     459
     505
     468
     478
     457
     489
     460
     481
     528
     566
     522
     468
     463
     440
     492
     477
     505
     436
     466
     470
     451
     464
     489
     509
     481
     585
     532
     566
     439
     428
     431
     466
     447
     518
     550
     497
     581
     506
     474
     488
     509
     592
     786
    1366
    2582
    4267
    5329
    5306
    4022
    2134
     983
     590
     534
     493
     477
     460
     438
     465
     428
     468
     460
     453
     425
     443
     471
     447
     409
     403
     420
     403
     374
     420
     418
     426
     455
     480
     469
     418
     434
     416
     464
     445
     471
     423
     423
     403
     402
     426
     430
     447
     426
     418
     381
     405
     385
     403
     407
     451
     520
     501
     487
     511
     457
     423
     376
     380
     419
     409
     447
     493
     531
     465
     405
     397
     393
     524
     633
     712
     624
     452
     428
     373
     382
     394
     423
     368
     393
     424
     403
     390
     389
     470
     620
     944
    1479
    1696
    1562
    1107
     751
     517
     410
     369
     409
     379
     380
     406
     466
     539
     536
     462
     384
     377
     349
     400
     396
     420
     419
     343
     402
     420
     489
     480
     446
     378
     380
     472
     486
     499
     572
     687
     775
     733
     583
     408
     382
     353
     361
     385
     361
     411
     382
     358
     333
     359
     340
     343
     353
     337
     365
     343
     368
     363
     400
     455
     620
     629
     660
     510
     387
     446
     444
     534
     573
     601
     514
     424
     350
     347
     349
     339
     417
     437
     496
     506
     479
     392
     359
     411
     457
     674
     910
    1042
     865
     543
     414
     353
     399
     451
     414
     383
     355
     434
     386
     408
     371
     375
     386
     379
     393
     399
     393
     350
     343
     338
     287
     301
     306
     295
     289
     280
     315
     363
     417
     362
     387
     360
     331
     299
     322
     318
     365
     297
     333
     295
     294
     290
     305
     292
     308
     298
     287
     323
     299
     292
     272
     347
     385
     443
     425
     370
     369
     307
     332
     344
     319
     321
     324
     361
     499
     674
     790
     647
     475
     313
     274
     329
     328
     316
     303
     328
     346
     363
     345
     350
     353
     324
     352
     330
     339
     310
     307
     299
     286
     306
     290
     314
     289
     313
     296
     333
     328
     322
     297
     338
     302
     329
     290
     314
     287
     284
     284
     277
     287
     297
     293
     283
     273
     303
     322
     343
     339
     312
     349
     307
     307
     298
     351
     279
     315
     281
     300
     301
     311
     274
     291
     280
     270
     279
     299
     256
     313
     303
     341
     357
     406
     458
     434
     384
     325
     299
     307
     279
     264
     272
     308
     286
     327
     362
     483
     561
     667
     589
     396
     306
     314
     274
     265
     291
     256
     266
     258
     287
     258
     262
     266
     261
     288
     260
     276
     267
     292
     329
     313
     313
     326
     333
     318
     340
     350
     318
     296
     303
     308
     317
     333
     271
     290
     291
     290
     328
     380
     434
     508
     542
     485
     354
     301
     286
     269
     275
     282
     285
     308
     304
     291
     283
     275
     311
     300
     310
     241
     301
     306
     348
     419
     487
     535
     450
     326
     321
     263
     256
     268
     312
     320
     423
     553
     831
    1056
     1000
     681
     423
     329
     297
     286
     266
     286
     285
     246
     260
     239
     277
     306
     333
     304
     284
     271
     261
     273
     248
     238
     252
     251
     237
     284
     297
     319
     338
     315
     282
     245
     231
     228
     240
     254
     260
     310
     286
     250
     257
     259
     254
     271
     240
     251
     234
     236
     278
     292
     343
     383
     387
     327
     291
     306
     260
     279
     283
     287
     256
     278
     337
     333
     358
     296
     265
     247
     230
     220
     212
     233
     249
     212
     204
     225
     232
     256
     247
     266
     284
     269
     378
     358
     319
     270
     228
     226
     240
     237
     254
     238
     236
     230
     271
     272
     227
     232
     222
     220
     268
     242
     233
     236
     260
     251
     292
     309
     325
     312
     297
     291
     328
     281
     290
     245
     237
     230
     225
     210
     203
     213
     221
     233
     205
     231
     240
     238
     232
     235
     211
     230
     211
     241
     201
     181
     204
     229
     191
     225
     250
     278
     291
     252
     277
     255
     217
     206
     214
     198
     261
     216
     243
     221
     233
     235
     233
     214
     211
     211
     200
     223
     234
     246
     241
     264
     241
     256
     248
     232
     248
     233
     248
     262
     241
     219
     228
     212
     207
     216
     269
     228
     238
     249
     207
     200
     218
     231
     274
     304
     290
     288
     234
     205
     199
     201
     199
     210
     233
     259
     312
     436
     450
     400
     382
     358
     265
     232
     202
     233
     192
     243
     197
     211
     223
     221
     225
     261
     294
     316
     335
     250
     211
     211
     187
     178
     175
     175
     179
     178
     220
     205
     224
     215
     216
     234
     214
     225
     229
     186
     196
     196
     207
     166
     209
     208
     215
     194
     200
     187
     195
     174
     188
     177
     212
     175
     176
     190
     175
     199
     189
     209
     193
     197
     191
     194
     221
     196
     175
     179
     206
     183
     206
     206
     230
     290
     261
     288
     320
     286
     274
     234
     189
     176
     192
     191
     153
     196
     175
     211
     175
     229
     228
     185
     177
     190
     177
     213
     207
     222
     194
     195
     207
     183
     195
     178
     181
     181
     190
     157
     185
     161
     184
     216
     209
     217
     210
     254
     253
     282
     262
     241
     255
     278
     250
     275
     279
     297
     318
     261
     277
     259
     202
     182
     185
     187
     161
     181
     164
     185
     188
     206
     155
     180
     164
     167
     149
     177
     182
     174
     189
     174
     184
     190
     192
     199
     196
     233
     195
     203
     210
     225
     302
     324
     336
     259
     268
     261
     226
     217
     188
     209
     179
     168
     182
     178
     188
     193
     192
     183
     192
     235
     246
     279
     339
     445
     507
     480
     394
     330
     248
     199
     213
     212
     215
     201
     185
     221
     224
     266
     262
     260
     209
     208
     190
     182
     177
     185
     208
     255
     278
     254
     295
     286
     248
     247
     313
     399
     511
     550
     509
     310
     234
     213
     188
     182
     163
     179
     176
     197
     206
     243
     278
     327
     263
     272
     211
     203
     176
     189
     212
     241
     258
     310
     337
     404
     387
     329
     232
     222
     205
     189
     217
     204
     205
     198
     173
     196
     186
     210
     243
     290
     268
     241
     205
     153
     162
     189
     164
     205
     196
     189
     167
     140
     165
     172
     203
     160
     167
     170
     178
     196
     210
     220
     235
     251
     280
     292
     251
     222
     164
     187
     200
     192
     208
     208
     195
     189
     199
     190
     187
     207
     189
     211
     178
     226
     242
     208
     194
     236
     220
     208
     168
     181
     183
     180
     192
     223
     223
     215
     212
     233
     261
     228
     219
     211
     157
     195
     178
     164
     187
     210
     191
     236
     292
     325
     335
     275
     259
     203
     182
     190
     214
     223
     207
     175
     188
     195
     184
     216
     226
     229
     209
     197
     176
     166
     170
     169
     187
     196
     228
     223
     224
     194
     142
     186
     152
     180
     167
     165
     174
     198
     252
     248
     250
     238
     217
     189
     171
     151
     148
     165
     135
     177
     173
     208
     187
     198
     174
     177
     180
     176
     244
     280
     306
     300
     248
     172
     145
     157
     163
     157
     160
     167
     176
     193
     178
     185
     224
     192
     158
     177
     140
     155
     152
     141
     170
     171
     152
     162
     164
     151
     166
     159
     141
     142
     156
     151
     168
     154
     159
     135
     135
     171
     138
     185
     160
     163
     198
     181
     166
     152
     169
     160
     155
     173
     170
     184
     184
     173
     191
     164
     159
     171
     161
     150
     160
     148
     143
     141
     126
     135
     145
     150
     140
     151
     142
     146
     129
     149
     151
     139
     105
     135
     119
     151
     139
     150
     148
     124
     130
     127
     151
     143
     167
     157
     181
     154
     131
     127
     115
     138
     111
     122
     148
     130
     129
     111
     143
     119
     132
     141
     123
     129
     152
     143
     134
     141
     135
     116
     117
     132
     150
     145
     156
     186
     160
     173
     137
     168
     124
     115
     117
     115
     124
     103
     145
     129
     139
     140
     130
     119
     121
     110
     141
     137
     125
     139
     131
     132
     149
     153
     172
     222
     231
     228
     168
     144
     138
     139
     143
     125
     142
     132
     153
     115
     111
     132
     119
     119
     130
     116
     118
     122
     123
     122
     125
     129
     119
     157
     179
     270
     359
     398
     391
     341
     246
     161
     161
     167
     157
     131
     128
     106
     131
     100
      81
     106
     109
     102
     105
     117
     110
      99
     114
     109
     117
     129
     119
     113
     122
     119
     101
     114
     114
     118
     119
     126
     108
     101
     120
     107
     120
      96
     101
     113
     127
     104
     144
     128
     112
     117
     111
     102
     108
     128
     131
     113
     162
     149
     147
     115
     127
     111
     113
      97
      98
      96
      85
     116
     110
      93
      91
      92
     119
     113
      92
      94
     102
     103
     119
     114
     109
     109
     104
      99
     106
     131
     123
     146
     116
     106
     109
     132
     116
     103
     131
     107
     121
     106
     111
     123
     103
     100
      99
     104
     112
     118
     100
     128
     148
     168
     225
     289
     283
     254
     165
     126
     102
     114
     100
      99
      98
      91
      89
      89
     106
      99
     105
      98
      87
      99
      91
      88
      91
      83
      86
     100
      82
      81
      89
      83
      93
      87
     109
      95
     110
     106
      87
      85
      95
     100
      73
      85
      94
      91
      92
      98
      92
      84
     109
      99
     102
      83
     102
      95
      90
      79
      86
      84
     113
      84
      97
      98
      89
     105
     108
     132
     171
     204
     225
     174
     171
     126
     131
     107
      88
     100
     106
      89
      99
      95
     102
     132
     117
     125
     108
      96
      81
      73
      82
      87
      93
      62
      83
      93
      88
      89
      99
      93
      84
      94
      84
     116
      93
      86
     102
     117
      84
     104
      90
      68
      88
      89
     109
      94
      68
      79
      81
      81
      94
      90
     106
     110
     141
     198
     266
     420
     552
     585
     498
     345
     243
     159
     150
     187
     264
     357
     516
     743
     841
     748
     538
     327
     193
     112
     111
     104
      83
     107
     116
     106
      97
      86
      86
      71
     109
      82
      86
      82
      73
      72
      79
      73
      80
      72
      94
      62
      90
      63
      67
      72
      76
      78
      77
      84
      80
      99
      95
     131
     127
     147
     163
     128
      99
     118
      93
     105
     139
     196
     258
     362
     443
     422
     310
     207
     124
      86
      90
      76
      81
      67
      80
      79
     107
      77
      87
      94
     104
      88
      92
      92
      83
      90
      83
      76
      78
      78
      78
      82
      90
      86
      80
      86
      84
      86
      69
      79
     102
      88
      83
      73
      72
      81
      74
      64
      78
      84
      69
      78
      87
      73
      80
      70
      67
      55
      75
      79
     105
      81
      86
      84
      92
      96
      93
      95
     101
      84
      82
      81
      96
      85
      74
      79
      65
      83
      91
      69
      63
      71
      77
      66
      70
      62
      65
      78
      64
      70
      82
      62
      70
      83
      75
      84
      85
     102
     107
     126
      99
      78
      76
      68
      66
      66
      67
      82
      72
      68
      65
      80
      73
      81
      94
      83
      90
     131
     208
     308
     388
     332
     297
     194
     144
      97
      83
      78
      61
      71
      56
      65
      85
      81
     101
     102
      91
      87
      93
     106
     137
     151
     203
     252
     223
     193
     137
      87
      69
      66
      48
      72
      69
      74
      84
      65
      69
      64
      79
     112
      84
      91
      89
      65
      65
      66
      89
      87
      95
      84
      79
      68
      64
      70
      60
      52
      68
      79
      65
      65
      69
      61
      53
      52
      63
      55
      65
      60
      72
      64
      96
      84
      77
      81
      64
      75
      71
      64
      79
      61
      53
      49
      47
      53
      51
      52
      46
      57
      48
      48
      64
      50
      54
      58
      52
      52
      59
      49
      55
      63
      70
      74
      87
      71
      98
     112
     106
     103
      72
      69
      82
      75
      83
      71
      60
      57
      58
      53
      65
      68
      56
      57
      52
      73
      92
      76
      58
      79
      53
      71
      64
      62
      58
      66
      76
      95
      86
     104
     110
     108
      87
      86
      68
      52
      56
      71
      52
      74
      83
     102
      78
      86
      71
      58
      50
      56
      69
      92
     108
     125
     140
     130
     116
      84
      60
      56
      68
      47
      46
      50
      46
      53
      37
      45
      62
      44
      42
      54
      47
      50
      44
      54
      66
      50
      64
      73
      83
      72
     100
      75
      67
      50
      57
      49
      52
      56
      63
      53
      75
      58
      52
      60
      59
      68
      51
      62
      59
      60
      56
      45
      50
      57
      50
      60
      56
      51
      51
      42
      54
      67
      52
      57
      47
      60
      67
      63
      81
      71
      83
      73
      72
      43
      53
      41
      42
      45
      44
      59
      61
      67
      62
      69
      67
      61
      36
      43
      46
      47
      49
      49
      49
      51
      41
      45
      57
      46
      59
      50
      58
      57
      51
      50
      52
      41
      47
      53
      62
      72
     102
     120
     185
     219
     188
     184
     111
      87
      71
      66
      59
      42
      53
      53
      57
      71
      68
      78
      59
      70
      51
      48
      43
      36
      55
      59
      63
      63
      55
      41
      44
      42
      51
      35
      34
      43
      44
      41
      32
      38
      45
      63
      43
      45
      34
      52
      40
      49
      28
      48
      37
      32
      32
      36
      37
      34
      42
      33
      34
      38
      36
      43
      40
      33
      34
      41
      44
      45
      42
      54
      48
      45
      33
      36
      38
      42
      43
      30
      35
      29
      39
      55
      43
      34
      31
      40
      34
      43
      30
      45
      37
      36
      38
      55
      60
      52
      49
      67
      88
      95
     112
     170
     197
     176
     130
     108
      58
      57
      41
      46
      42
      38
      45
      50
      39
      45
      49
      41
      52
      47
      42
      45
      50
      58
      73
      72
     126
     121
     137
      99
      83
      56
      36
      45
      37
      50
      39
      35
      36
      46
      26
      36
      38
      34
      29
      28
      30
      25
      38
      38
      37
      34
      32
      33
      30
      36
      38
      34
      37
      39
      36
      33
      23
      30
      39
      31
      39
      27
      29
      31
      41
      36
      46
      43
      44
      40
      25
      35
      37
      33
      31
      37
      24
      44
      33
      26
      28
      39
      39
      48
      37
      33
      30
      31
      33
      49
      36
      23
      38
      28
      29
      36
      49
      34
      28
      36
      35
      33
      23
      35
      61
      39
      38
      40
      26
      28
      32
      35
      33
      34
      32
      27
      28
      39
      28
      37
      43
      49
      34
      23
      29
      24
      26
      28
      37
      35
      48
      43
      47
      49
      35
      33
      39
      26
      32
      30
      34
      22
      35
      31
      30
      23
      34
      31
      24
      33
      36
      32
      33
      24
      39
      23
      32
      38
      44
      63
      68
      83
      78
      99
      66
      40
      42
      32
      39
      32
      31
      42
      20
      43
      42
      31
      36
      29
      31
      23
      20
      29
      25
      35
      32
      30
      39
      35
      41
      40
      34
      29
      29
      30
      31
      25
      30
      37
      25
      43
      29
      36
      36
      42
      29
      27
      36
      46
      42
      48
      46
      43
      39
      30
      33
      21
      21
      35
      32
      28
      20
      25
      30
      24
      24
      36
      34
      44
      43
      76
      90
     118
     134
     114
     102
      74
      48
      37
      22
      28
      32
      22
      21
      26
      25
      20
      19
      15
      13
      21
      30
      23
      25
      33
      34
      39
      36
      34
      36
      31
      23
      23
      29
      25
      25
      25
      29
      20
      31
      28
      20
      35
      26
      36
      42
      55
      85
      98
      90
      73
      39
      34
      24
      23
      19
      19
      21
      32
      18
      20
      19
      20
      15
      18
      19
      23
      22
      21
      23
      19
      22
      27
      21
      14
      16
      20
      23
      17
      22
      25
      28
      30
      25
      15
      28
      21
      27
      40
      40
      44
      44
      45
      46
      21
      26
      21
      24
      17
      18
      28
      16
      13
      20
      24
      23
      24
      25
      35
      39
      47
      56
      51
      36
      37
      28
      29
      19
      24
      19
      11
      10
      13
      14
      18
      14
      14
      21
      18
      20
      25
      18
      18
      23
      23
      16
      16
      13
       9
      18
      27
      22
      14
      26
      31
      25
      19
      27
      20
      30
      20
      25
      30
      27
      29
      29
      33
      36
      21
      25
      22
      18
      20
      22
      12
      14
      15
      14
       7
       7
      19
      12
      16
      18
      15
      12
      14
      12
      10
      25
       9
      15
      13
      11
      11
       6
      18
      14
      11
      10
      13
       9
       7
      13
      14
      13
      13
      10
      12
       9
      14
      16
       9
      10
       9
      14
      13
      15
       6
      12
      11
      11
       9
      11
      19
      18
      13
      21
      12
      19
      13
      17
      12
      26
      14
      12
      18
      17
      13
      14
      14
      11
      13
      16
      14
      15
       9
      13
      12
      12
       9
      15
      15
       9
      12
      15
      15
      11
      15
      17
      15
      13
      16
      15
      20
      16
      18
      18
      17
      28
      36
      52
      89
     100
     121
     125
     115
      97
      58
      30
      19
      18
      15
      13
      17
      12
      21
      16
       9
       8
      10
      15
      14
      24
      25
      15
      22
      18
      25
      19
      16
      19
      15
      14
      13
      10
      13
       9
       8
       9
      11
       9
       9
      11
      12
      18
       8
      19
      11
      13
      23
      31
      23
      47
      50
      82
      82
      68
      67
      57
      32
      22
      20
       6
$ROI:
0
$PRESETS:
None
0
0
$ENER_FIT:
-0.17 0.50021
$MCA_CAL:
3
-0.17000 0.50021 0.00 keV
$SHAPE_CAL:
3
-0.745400338012 7.65204008958 -26.7731741705
$META:
{'istp': ['133CEm', '133CEg', '133LA', '132CE', '132LA', '139CE', '137CEg', '137CEm', '137LA', '135CE', '135LA', '134LA', '132CS', '7BE', '133BAm', '133BAg'], 'res': 0.05, 'R': 0.2, 'unc_eff': [[0.022038742051812752, -0.23165177067312645, 0.6005679933771606], [-0.2316517706731248, 2.449183052674086, -6.383802492714265], [0.6005679933771524, -6.3838024927142225, 16.725097801251202]], 'alpha': 0.9}
