$SPEC_ID:
No sample description was entered.
$SPEC_REM:
DET# 9480
DETDESC# HPGE
AP# Maestro Version 7.01
$DATE_MEA:
10/16/2018 21:55:00
$MEAS_TIM:
900 1080
$DATA:
0 4095
     150
     180
       0
       0
       0
       0
       0
       0
       0
       0
       0
       0
       0
       0
       0
       0
       0
       0
       0
       0
       0
       0
       0
       0
       0
       0
       0
       0
       0
       0
       0
       0
       0
       0
       0
       0
       0
       0
       0
       0
       0
       0
       0
       0
       0
       0
       0
       0
       0
       0
       0
       0
       0
       0
       0
       0
       0
       0
       0
       0
       0
       0
       0
       0
       0
       0
       0
       0
       0
       0
       0
       0
       0
       0
       0
       0
       0
       0
       0
       0
      28
     263
     952
    2698
   10920
   15972
   15588
   15797
   15817
   15603
   15848
   15304
   15030
   15240
   15190
   15180
   15366
   15103
   15019
   14912
   15075
   14839
   14921
   14646
   14674
   14700
   14903
   14732
   14657
   14448
   14615
   14487
   14422
   14350
   14653
   14995
   18684
   21206
   16542
   14539
   14260
   14382
   14064
   13960
   14076
   14241
   14101
   14068
   14148
   14031
   13904
   14344
   14202
   14111
   14060
   14120
   14148
   14095
   14183
   14073
   14109
   14217
   14009
   14212
   14570
   14963
   15125
   14616
   14330
   15045
   15829
   14732
   14467
   14589
   14963
   14517
   14423
   14351
   14279
   14315
   14389
   14292
   14564
   14720
   14616
   14686
   14820
   15063
   15281
   15687
   15852
   15381
   15582
   16184
   17832
   20573
   23378
   20300
   17730
   16092
   15976
   15915
   16002
   16000
   16179
   16358
   16235
   16302
   16445
   16331
   16347
   16339
   16750
   17629
   21780
   22024
   18002
   17358
   16904
   17118
   17402
   17564
   17582
   17610
   17607
   17838
   17868
   17955
   18096
   18205
   18305
   18460
   18365
   18536
   18537
   18890
   18952
   18968
   19146
   19211
   19189
   19313
   19132
   19573
   19623
   19400
   19728
   19995
   19934
   19691
   20164
   20132
   20227
   20598
   20726
   21500
   22393
   22292
   23864
   27859
   24633
   21328
   20969
   21017
   21188
   20992
   21164
   22168
   22383
   21711
   21580
   21263
   21056
   21198
   21549
   21935
   21556
   21357
   21829
   22450
   27363
   44817
   49197
   29935
   23494
   23292
   23336
   22890
   22504
   22377
   22327
   22397
   22428
   22169
   22066
   22109
   22008
   21906
   21993
   22107
   22062
   22007
   22162
   22184
   22242
   22044
   21887
   21648
   21319
   21663
   21539
   21392
   21542
   21598
   21391
   21217
   21363
   21103
   21279
   21125
   20967
   20924
   20592
   20868
   20643
   20819
   20662
   20758
   20475
   20325
   20354
   20203
   20328
   19976
   20258
   19917
   19940
   19963
   20135
   20005
   19759
   19658
   19465
   19614
   19680
   20223
   19839
   19255
   19325
   19174
   19096
   19533
   19638
   19140
   19350
   19395
   19204
   19454
   19718
   19809
   19777
   19737
   19856
   20154
   20102
   20276
   20324
   20407
   20595
   20619
   20396
   20353
   20294
   20231
   20514
   20701
   21352
   21954
   21863
   20714
   20356
   20266
   20378
   20161
   20268
   20033
   19957
   19873
   19872
   19626
   19805
   19620
   19366
   19396
   19372
   19327
   18912
   19017
   19075
   18884
   18642
   18649
   18473
   18486
   18329
   18402
   18057
   18118
   17780
   17457
   17862
   17609
   17894
   17481
   17375
   17258
   17314
   17371
   16940
   17035
   16728
   16826
   16681
   16489
   16808
   16336
   16215
   16270
   16070
   16090
   16451
   18722
   32848
   49877
   35582
   19316
   16271
   15689
   15275
   15266
   15307
   14972
   15061
   14920
   15011
   14810
   14299
   14388
   14664
   14137
   14369
   14370
   14741
   14376
   14040
   13618
   13721
   13744
   13906
   13625
   13564
   13491
   13688
   13609
   13323
   13269
   13205
   13447
   13151
   13137
   12806
   12926
   12773
   13019
   12849
   12856
   12998
   12942
   12972
   12680
   12436
   12581
   12371
   12319
   12412
   12324
   12363
   12215
   12385
   12322
   12150
   12267
   12095
   12128
   11960
   12166
   12030
   11911
   12061
   12126
   11956
   11837
   11799
   12124
   11816
   11578
   11814
   11441
   11876
   11693
   11554
   11719
   11767
   11589
   11524
   11747
   11775
   12420
   12964
   12260
   11734
   11515
   11536
   11458
   11534
   11615
   11710
   12745
   16603
   17770
   13964
   11670
   11441
   11374
   11339
   11205
   11363
   11141
   11229
   11199
   11351
   11531
   12322
   13110
   12161
   11489
   11646
   11790
   13661
   24069
   75694
  144041
  103878
   34404
   16025
   15383
   15483
   13784
   12074
   11587
   11252
   11256
   10965
   10995
   10873
   10838
   10827
   10663
   10777
   10719
   10809
   11098
   11326
   10997
   10555
   10617
   11878
   14908
   16039
   12690
   10642
   10261
   10297
   10243
   10210
   10393
   10149
   10051
    9997
   10031
   10095
   10163
   10016
   10222
    9992
   10118
   10008
    9955
   10266
   11432
   13184
   12035
   11312
   10866
   10102
    9632
    9740
    9884
   10196
   10158
    9987
    9837
    9724
    9723
    9856
    9762
   10258
   11482
   17689
   42750
   74538
   56076
   22653
   12849
   13226
   13207
   11604
   10385
    9948
   10002
    9763
    9636
    9410
    9572
    9875
   10122
    9718
    9301
    9305
    9213
    9127
    9195
    9158
    8979
    9175
    9117
    8927
    9046
    9015
    8999
    9246
    9091
    9001
    8835
    8782
    8684
    8700
    9104
    8829
    8983
    8951
    8645
    8710
    8689
    8621
    8434
    8586
    8565
    8588
    8654
    8501
    8768
    8696
    8780
    8425
    8558
    8956
    8852
    8960
    8865
    8465
    8406
    8457
    8357
    8441
    8392
    8366
    8428
    8169
    8284
    8248
    8134
    8130
    8174
    7903
    8026
    8012
    8259
    8456
    8235
    7547
    7512
    7394
    7337
    7160
    7163
    7317
    7008
    6802
    6691
    6838
    7309
    8445
    9437
    8056
    6739
    6431
    6305
    6298
    6126
    6078
    6161
    6177
    6016
    6006
    5904
    5919
    5886
    5964
    5803
    5740
    5723
    5686
    5601
    5716
    5661
    5539
    5541
    5569
    5470
    5444
    5469
    5639
    5531
    5304
    5336
    5299
    5533
    6182
    6020
    5613
    5302
    5253
    5213
    5175
    5164
    5166
    5083
    5050
    5090
    5138
    5094
    5060
    4938
    5000
    4979
    5291
    5308
    5001
    4991
    5006
    4900
    4948
    4899
    5066
    4896
    4891
    4743
    5494
    7084
    7509
    6014
    4942
    4744
    4601
    4625
    4676
    4656
    4578
    4558
    4602
    4658
    4584
    4497
    4822
    5230
    5453
    4942
    4665
    4460
    4433
    4307
    4268
    4398
    4229
    4357
    4268
    4260
    4082
    4086
    4122
    4143
    4222
    4019
    4312
    4858
    5301
    4908
    4325
    4353
    4300
    4161
    4097
    3795
    3806
    3819
    3907
    3956
    4065
    4679
    4712
    4317
    3885
    3812
    3862
    3832
    3692
    3714
    3698
    3671
    3799
    4064
    3896
    3597
    3479
    3620
    3548
    3557
    3593
    3448
    3481
    3605
    3481
    3435
    3571
    3394
    3453
    3539
    3638
    3694
    3540
    3291
    3332
    3340
    3427
    3557
    3659
    3605
    3315
    3361
    3238
    3171
    3256
    3237
    3245
    3218
    3243
    3249
    3212
    3118
    3159
    3102
    3213
    3413
    4081
    4943
    4658
    3618
    3152
    3130
    3163
    3040
    3052
    3028
    3111
    3027
    3030
    3053
    2975
    2967
    3066
    2959
    2853
    2877
    2995
    2927
    3069
    3413
    3825
    3763
    3379
    3062
    2916
    3211
    3488
    3554
    3206
    2738
    2871
    2797
    2731
    2732
    2820
    2842
    2797
    2975
    3123
    3177
    3053
    2725
    2731
    2721
    2744
    2679
    2737
    2594
    2713
    2698
    2826
    2871
    2929
    2810
    2778
    2662
    2584
    2620
    2631
    2678
    2921
    3271
    3105
    2866
    2698
    2609
    2604
    2612
    2564
    2559
    2606
    2600
    2598
    2600
    2564
    2577
    2545
    2607
    2617
    2666
    2726
    2927
    3743
    4543
    5695
   10574
   19123
   19487
   10471
    4592
    3228
    3473
    4163
    5134
    4629
    3352
    2977
    3104
    4288
    5222
    4739
    3565
    2935
    2791
    2838
    3051
    3273
    3041
    2706
    2529
    2501
    2483
    2396
    2488
    2448
    2453
    2428
    2465
    2507
    2443
    2462
    2669
    2839
    2961
    3129
    3075
    2889
    2677
    2639
    2702
    2658
    2487
    2540
    2551
    2618
    2608
    2626
    2703
    2590
    2736
    2890
    3014
    3121
    3335
    3676
    4044
    5085
    6921
   10435
   17779
   31395
   54281
   83138
  107019
  112896
  101006
   77889
   51732
   30952
   17942
   11227
    7770
    5954
    5040
    4444
    4794
    7371
   14751
   21359
   17054
    8125
    3857
    3127
    2947
    2678
    2672
    2636
    2601
    3098
    3537
    3538
    3019
    2477
    2356
    2214
    2218
    2176
    2246
    2290
    2258
    2247
    2096
    2039
    2091
    2091
    1966
    2037
    1945
    2007
    2008
    2012
    1905
    1983
    1917
    1966
    1955
    1767
    1876
    1884
    1916
    1813
    1916
    2090
    2454
    2908
    2942
    2392
    1843
    1710
    1835
    1761
    1764
    1917
    2151
    2604
    2371
    2007
    1860
    1766
    1701
    1726
    1692
    1682
    1698
    1710
    1599
    1685
    1729
    1689
    1660
    1643
    1650
    1694
    1664
    1764
    1876
    1800
    1777
    1739
    1627
    1629
    1753
    1843
    1777
    1701
    1702
    1642
    1790
    1943
    1845
    1803
    1928
    2101
    2147
    2214
    2385
    2601
    2230
    1818
    1701
    1666
    1749
    1735
    2084
    3109
    6604
   12146
   12794
    7697
    3427
    2170
    1752
    1866
    1908
    2785
    4997
    7240
    6328
    3663
    2065
    1706
    1587
    1654
    1647
    1711
    1677
    1650
    1524
    1525
    1490
    1605
    1620
    1649
    1541
    1485
    1509
    1541
    1556
    1569
    1497
    1481
    1426
    1405
    1457
    1410
    1457
    1429
    1491
    1403
    1448
    1401
    1411
    1434
    1646
    1714
    1640
    1554
    1469
    1475
    1333
    1358
    1395
    1344
    1310
    1442
    1365
    1482
    1519
    1756
    2512
    4562
    6866
    7161
    6603
   10939
   18841
   20603
   12392
    4907
    2304
    1839
    1582
    1538
    1578
    1820
    2151
    2237
    1941
    1574
    1381
    1333
    1304
    1418
    1372
    1408
    1453
    1845
    2295
    2639
    2320
    1764
    1406
    1338
    1478
    1764
    2067
    2124
    1820
    1351
    1218
    1277
    1148
    1222
    1187
    1168
    1230
    1158
    1180
    1089
    1157
    1221
    1201
    1194
    1175
    1301
    1307
    1593
    1874
    1976
    1562
    1297
    1182
    1110
    1135
    1133
     986
    1082
    1018
    1093
    1052
    1168
    1113
    1056
    1048
    1010
    1068
    1031
    1096
    1086
    1175
    1375
    1529
    1565
    1270
    1096
    1036
     986
     993
     952
     981
     978
     995
    1041
     1000
     990
     978
    1011
    1025
    1058
    1045
    1027
    1018
     932
     947
     962
    1024
     952
     928
     919
     961
     969
     916
     942
     956
    1005
     882
     952
     968
     934
    1039
    1124
    1460
    2223
    3319
    3744
    2801
    1638
    1221
    1144
    1048
    1017
     952
     947
     925
     948
     904
     956
     908
     906
     852
     846
     855
     879
     865
     888
     890
     959
    1033
    1030
     990
    1011
     913
     876
     857
     807
     864
     926
     869
     940
    1062
    1255
    1219
    1108
     959
     813
     875
     828
     902
    1030
    1205
    1700
    1917
    1657
    1159
     915
     815
     758
     793
     833
     728
     751
     773
     793
     736
     808
     775
     869
     814
     791
     770
     770
     771
     828
     757
     770
     737
     768
     710
     744
     766
     735
     711
     699
     752
     666
     804
     789
     793
     746
     728
     705
     734
     763
     708
     812
     812
     765
     764
     639
     676
     712
     640
     688
     645
     695
     691
     673
     734
     833
     914
    1008
     829
     736
     651
     651
     674
     613
     606
     632
     596
     632
     670
     655
     684
     645
     637
     698
     659
     697
     659
     656
     592
     630
     590
     653
     600
     605
     640
     636
     628
     617
     585
     592
     603
     601
     588
     651
     582
     575
     640
     657
     655
     593
     636
     659
     633
     562
     576
     603
     622
     608
     581
     567
     563
     565
     580
     587
     582
     615
     583
     545
     590
     578
     641
     668
     639
     641
     572
     577
     585
     647
     696
     631
     593
     557
     556
     514
     530
     558
     519
     561
     562
     555
     561
     497
     593
     564
     526
     548
     542
     529
     593
     599
     534
     577
     556
     520
     497
     500
     511
     523
     539
     584
     573
     595
     577
     591
     599
     644
     763
     807
     723
     644
     562
     578
     566
     641
     758
     776
     778
     634
     570
     604
     601
     672
     811
    1299
    2734
    5606
    8600
    8674
    6381
    3763
    1840
     1000
     701
     688
     606
     621
     572
     502
     522
     541
     544
     525
     510
     509
     561
     522
     476
     457
     516
     453
     463
     459
     503
     474
     432
     474
     492
     476
     470
     463
     461
     486
     522
     492
     475
     474
     507
     500
     472
     399
     492
     509
     481
     442
     482
     400
     440
     460
     456
     520
     555
     510
     480
     466
     434
     468
     381
     436
     477
     528
     604
     622
     582
     474
     439
     463
     488
     532
     628
     547
     485
     446
     466
     404
     368
     429
     473
     427
     462
     472
     489
     527
     600
    1029
    1912
    3127
    3978
    3128
    1797
     823
     648
     496
     468
     472
     404
     406
     452
     467
     598
     597
     507
     472
     435
     420
     415
     463
     427
     410
     427
     383
     416
     498
     465
     460
     391
     417
     417
     508
     528
     544
     654
     688
     572
     520
     452
     352
     370
     382
     392
     371
     400
     365
     357
     352
     383
     374
     341
     372
     375
     350
     369
     362
     375
     385
     457
     532
     566
     526
     432
     387
     426
     426
     467
     503
     505
     468
     411
     376
     380
     351
     368
     427
     422
     445
     513
     463
     460
     438
     475
     734
    1279
    2000
    2256
    1811
    1048
     642
     453
     502
     492
     533
     460
     426
     397
     400
     400
     412
     394
     338
     395
     343
     348
     339
     365
     354
     339
     289
     364
     329
     324
     310
     329
     328
     352
     348
     384
     375
     351
     317
     310
     312
     326
     332
     322
     295
     287
     342
     321
     329
     372
     324
     337
     304
     291
     308
     311
     291
     312
     344
     328
     315
     332
     309
     305
     365
     356
     346
     348
     387
     497
     788
    1124
    1293
    1073
     688
     438
     366
     297
     328
     293
     329
     338
     353
     378
     327
     341
     350
     324
     294
     278
     327
     328
     320
     306
     295
     302
     296
     268
     317
     337
     322
     318
     310
     301
     347
     311
     305
     331
     306
     341
     366
     346
     335
     312
     286
     271
     291
     260
     281
     282
     325
     292
     309
     320
     318
     319
     308
     304
     300
     306
     274
     299
     310
     267
     291
     260
     255
     286
     261
     280
     288
     248
     255
     258
     307
     290
     335
     415
     355
     335
     316
     293
     277
     304
     282
     276
     265
     279
     269
     315
     386
     474
     515
     428
     347
     299
     268
     246
     268
     259
     305
     301
     247
     276
     262
     248
     285
     253
     280
     267
     252
     297
     336
     277
     314
     286
     299
     342
     377
     367
     442
     394
     379
     278
     286
     318
     265
     307
     274
     272
     305
     310
     322
     334
     402
     428
     412
     294
     285
     290
     262
     292
     281
     260
     245
     270
     279
     270
     236
     278
     277
     266
     259
     285
     270
     296
     370
     439
     423
     400
     334
     293
     270
     265
     289
     253
     295
     404
     446
     581
     681
     670
     459
     380
     284
     267
     273
     256
     236
     245
     255
     242
     259
     242
     279
     300
     280
     252
     250
     238
     253
     232
     215
     203
     260
     222
     241
     255
     291
     280
     297
     243
     233
     222
     199
     241
     246
     255
     247
     254
     228
     231
     225
     233
     216
     223
     249
     219
     242
     246
     239
     268
     295
     326
     302
     249
     258
     246
     261
     240
     257
     247
     259
     299
     302
     288
     288
     237
     206
     208
     215
     248
     196
     193
     203
     229
     209
     222
     228
     197
     203
     199
     219
     186
     235
     180
     191
     186
     206
     188
     233
     240
     242
     204
     222
     189
     239
     217
     191
     225
     184
     205
     199
     195
     196
     197
     222
     229
     230
     265
     223
     226
     242
     228
     208
     219
     209
     185
     196
     190
     163
     210
     207
     257
     198
     201
     182
     194
     194
     167
     189
     167
     186
     180
     200
     198
     211
     165
     193
     191
     210
     217
     247
     245
     247
     203
     203
     212
     168
     168
     180
     185
     183
     207
     200
     208
     192
     163
     185
     179
     203
     186
     170
     181
     203
     248
     220
     203
     197
     195
     195
     206
     190
     209
     204
     195
     200
     184
     180
     168
     182
     212
     207
     195
     196
     199
     207
     203
     205
     223
     225
     254
     206
     242
     205
     187
     172
     165
     177
     187
     208
     243
     301
     302
     308
     287
     211
     207
     173
     156
     182
     176
     176
     183
     166
     175
     167
     172
     198
     220
     241
     236
     232
     207
     167
     184
     142
     168
     149
     159
     172
     177
     145
     184
     191
     170
     168
     164
     177
     173
     170
     181
     141
     155
     159
     139
     166
     163
     178
     166
     137
     166
     175
     169
     180
     169
     157
     149
     177
     167
     154
     175
     181
     162
     157
     173
     155
     164
     145
     158
     147
     155
     166
     170
     167
     188
     211
     212
     222
     221
     224
     210
     169
     156
     174
     166
     140
     164
     172
     143
     162
     151
     154
     168
     168
     152
     155
     165
     181
     200
     189
     166
     142
     145
     164
     141
     172
     154
     169
     156
     149
     181
     129
     166
     170
     148
     203
     277
     345
     398
     399
     348
     246
     238
     219
     220
     216
     214
     214
     214
     225
     218
     196
     168
     155
     159
     151
     162
     151
     146
     144
     171
     139
     126
     156
     155
     146
     135
     165
     140
     149
     157
     150
     136
     169
     171
     176
     186
     180
     163
     194
     199
     217
     313
     283
     292
     240
     247
     206
     236
     201
     169
     147
     145
     157
     140
     123
     142
     151
     164
     175
     172
     167
     195
     240
     282
     468
     570
     658
     536
     397
     266
     211
     202
     159
     168
     170
     146
     152
     188
     184
     203
     189
     158
     159
     148
     156
     148
     137
     143
     157
     172
     212
     228
     205
     199
     210
     207
     272
     333
     356
     302
     240
     206
     151
     135
     145
     156
     131
     145
     153
     135
     173
     191
     207
     188
     195
     157
     150
     143
     154
     191
     211
     223
     216
     282
     267
     305
     252
     211
     191
     149
     149
     142
     134
     161
     140
     137
     162
     151
     169
     169
     163
     176
     166
     147
     151
     148
     144
     141
     147
     168
     138
     134
     135
     152
     142
     132
     146
     135
     166
     157
     143
     162
     162
     193
     207
     227
     216
     173
     152
     133
     171
     139
     155
     165
     179
     158
     143
     138
     163
     145
     140
     134
     173
     146
     178
     167
     150
     165
     176
     169
     145
     145
     154
     122
     154
     170
     150
     158
     148
     161
     178
     170
     176
     192
     164
     120
     137
     126
     146
     151
     130
     158
     173
     214
     201
     231
     212
     165
     155
     150
     152
     158
     149
     159
     153
     145
     157
     166
     142
     194
     167
     131
     138
     134
     153
     135
     151
     141
     163
     173
     164
     137
     155
     138
     135
     128
     114
     120
     137
     131
     145
     170
     187
     214
     190
     159
     149
     120
     144
     129
     121
     122
     138
     139
     149
     141
     172
     171
     142
     138
     146
     196
     202
     222
     202
     190
     151
     128
     132
     139
     138
     128
     118
     138
     153
     160
     143
     147
     142
     124
     110
     128
     129
     108
     141
     115
     135
     135
     144
     138
     130
     107
     121
     121
     126
     126
     127
     145
     142
     137
     142
     121
     113
     112
     153
     124
     112
     133
     148
     132
     116
     106
     103
     125
     108
     123
     124
     135
     138
     145
     150
     157
     121
     115
     116
     112
     118
     120
     115
     139
     128
     136
     129
     109
     114
     108
     116
     111
     109
     109
     117
     108
     110
      99
     104
      98
     114
     111
     100
     109
     100
     112
     139
     128
     124
     114
     133
     118
     125
     101
     104
     104
      92
      95
      99
     100
      97
     106
     105
     102
     101
     103
     103
     115
      93
     101
     113
     106
     118
     101
     131
     111
     110
     125
     110
     136
     107
      98
      95
     111
     105
     112
      99
     106
      91
     105
     109
      94
     125
     104
     101
      93
     100
     103
     100
      97
     108
     114
     101
     107
     112
     130
     148
     159
     147
     141
     147
      95
      93
      98
     127
     110
     100
      82
      95
      95
      96
      88
     118
      87
     102
     108
      86
     101
      94
     105
     113
     100
      98
     137
     154
     214
     259
     243
     189
     135
     122
     113
      95
     128
     105
      92
      98
      83
     100
      83
      73
      74
      86
     109
      89
      75
     101
      88
      93
      97
      93
      99
     101
      70
      96
      94
      79
      93
      78
      87
      99
      92
      86
     112
     111
      70
      79
      80
      95
      96
      88
      86
     101
      92
      82
     102
      89
      93
     100
      86
      92
     112
      91
      88
     108
      99
     100
      80
      95
      77
      92
      77
      80
      69
      72
      79
      90
      91
      75
      84
      83
      88
      85
      69
      94
      76
      77
      80
      79
      73
      92
      71
      91
      88
      92
      69
      95
      87
      89
     103
     101
      98
     128
     106
      81
      96
      90
      79
      86
      69
      75
      94
      96
      98
     112
     169
     184
     181
     153
     150
      91
      97
      92
      72
      86
      86
      69
      63
      69
      78
      94
      95
      74
      71
      73
      71
      65
      67
      62
      73
      68
      63
      77
      70
      87
      62
      74
      74
      70
      78
      70
      68
      78
      72
      75
      60
      70
      73
      68
      65
      64
      54
     106
      69
      92
      81
      79
      71
      69
      59
      59
      77
      84
      78
      67
      72
      73
      76
      76
      80
     101
     125
     144
     161
     151
     159
     139
     134
     110
     103
      70
      72
      87
      72
      86
      69
      96
      83
      77
      65
      81
      63
      63
      61
      79
      55
      76
      59
      60
      69
      73
      55
      63
      63
      77
      65
      72
      88
      84
     102
      69
      92
      81
      68
      78
      62
      62
      57
      70
      73
      67
      80
      84
      74
      85
      82
      86
     118
     124
     173
     258
     349
     335
     331
     236
     188
      97
     121
     141
     191
     232
     331
     472
     507
     477
     371
     223
     145
      83
      75
      80
      80
      78
      73
      78
      86
      84
      60
      60
      57
      75
      68
      70
      56
      72
      63
      73
      69
      63
      62
      55
      59
      63
      61
      66
      69
      61
      59
      59
      70
      74
      76
     103
     115
     129
     102
      97
      84
      77
      84
      84
     104
     141
     199
     245
     267
     276
     197
     137
      95
      74
      72
      68
      83
      54
      67
      72
      53
      58
      59
      63
      67
      51
      73
      66
      63
      42
      50
      58
      60
      48
      49
      54
      62
      49
      61
      67
      57
      65
      59
      47
      61
      83
      79
      60
      64
      50
      58
      71
      51
      66
      53
      56
      56
      71
      56
      54
      63
      66
      72
      84
      91
     112
     106
      88
      83
      80
      90
      99
      69
      76
      66
      69
      81
      91
      70
      55
      58
      51
      57
      52
      60
      54
      54
      51
      50
      42
      49
      44
      55
      47
      38
      46
      52
      52
      46
      56
      72
      59
      77
      91
      53
      76
      49
      50
      41
      59
      37
      51
      63
      52
      51
      54
      49
      63
      63
      74
      63
     123
     138
     192
     218
     224
     195
     157
      85
      76
      61
      54
      49
      46
      57
      63
      65
      61
      50
      69
      68
      69
      77
     108
     138
     217
     272
     365
     362
     310
     193
     126
      71
      58
      67
      45
      53
      48
      50
      50
      45
      56
      48
      52
      50
      53
      45
      48
      53
      45
      55
      53
      79
      64
      43
      70
      51
      59
      54
      53
      56
      45
      38
      40
      47
      42
      44
      53
      41
      39
      52
      47
      50
      41
      59
      54
      62
      56
      62
      57
      47
      44
      49
      53
      53
      50
      41
      41
      47
      46
      46
      44
      45
      35
      40
      33
      42
      52
      34
      54
      38
      51
      30
      38
      40
      55
      53
      73
      71
      73
      73
      54
      53
      42
      63
      51
      61
      55
      44
      48
      52
      54
      38
      54
      46
      47
      44
      42
      59
      44
      51
      49
      46
      35
      45
      35
      42
      42
      46
      44
      58
      66
      62
      67
      68
      61
      52
      32
      39
      43
      49
      54
      45
      61
      53
      44
      39
      29
      40
      41
      45
      67
      50
      76
      89
      84
      64
      75
      40
      35
      31
      37
      34
      41
      23
      42
      36
      33
      35
      36
      36
      32
      30
      35
      34
      29
      34
      40
      43
      45
      43
      62
      64
      65
      51
      45
      35
      46
      41
      38
      40
      38
      58
      41
      41
      53
      39
      32
      35
      48
      38
      35
      33
      35
      39
      43
      29
      35
      39
      37
      25
      31
      34
      29
      29
      33
      35
      43
      52
      57
      51
      49
      56
      40
      30
      34
      36
      31
      26
      44
      24
      36
      37
      52
      40
      34
      43
      45
      41
      35
      47
      38
      35
      35
      30
      30
      38
      25
      34
      49
      41
      46
      42
      35
      43
      40
      27
      32
      39
      46
      40
      45
      59
      81
     124
     115
     144
     100
     107
      55
      47
      41
      38
      46
      44
      43
      39
      42
      41
      46
      51
      37
      32
      33
      28
      39
      41
      45
      53
      60
      60
      53
      47
      36
      34
      34
      37
      29
      28
      39
      34
      27
      24
      32
      26
      30
      32
      26
      38
      21
      21
      29
      25
      30
      28
      30
      29
      20
      30
      30
      30
      24
      22
      31
      30
      35
      30
      30
      34
      25
      30
      26
      34
      24
      24
      21
      38
      34
      31
      23
      33
      26
      27
      17
      35
      36
      26
      28
      24
      26
      26
      31
      38
      46
      31
      43
      31
      41
      59
      75
      86
      75
      85
     103
     114
     100
      86
      64
      43
      48
      29
      28
      28
      45
      43
      29
      40
      32
      33
      27
      28
      30
      29
      20
      30
      47
      51
      51
      70
      62
      79
      56
      47
      33
      30
      35
      26
      29
      34
      36
      30
      27
      33
      18
      17
      26
      37
      24
      18
      23
      28
      22
      20
      32
      22
      27
      30
      22
      19
      30
      26
      17
      32
      27
      27
      24
      22
      31
      20
      21
      29
      29
      30
      27
      20
      30
      18
      31
      23
      20
      14
      21
      26
      24
      25
      27
      12
      27
      25
      24
      25
      35
      33
      19
      32
      18
      18
      20
      19
      22
      21
      29
      27
      18
      24
      26
      25
      19
      21
      24
      25
      19
      23
      32
      32
      25
      31
      28
      15
      25
      30
      27
      20
      25
      16
      20
      32
      30
      33
      26
      29
      25
      18
      21
      28
      22
      17
      29
      19
      34
      32
      28
      14
      19
      18
      30
      24
      22
      24
      28
      18
      23
      19
      22
      13
      19
      18
      14
      21
      21
      25
      19
      24
      27
      25
      26
      23
      39
      46
      61
      55
      56
      41
      42
      21
      20
      20
      14
      18
      32
      21
      21
      29
      25
      13
      15
      20
      12
      21
      10
      19
      22
      18
      26
      27
      24
      34
      24
      27
      18
      25
      18
      21
      26
      18
      23
      16
      21
      20
      24
      24
      18
      21
      26
      24
      18
      16
      23
      24
      27
      28
      26
      16
      15
      23
      22
      16
      18
       9
      19
      16
      14
      25
      17
      27
      38
      34
      38
      59
      82
      72
      80
      60
      49
      35
      27
      24
      13
      22
      16
      13
      22
      17
      15
      10
      15
      14
      16
      12
      24
      24
      25
      23
      38
      25
      23
      22
      24
      21
      18
      23
      16
      16
      13
      22
      21
      26
      17
      16
      18
      17
      20
      21
      19
      19
      19
      16
      12
      17
      11
       8
      11
      11
       7
      17
      15
      11
       9
      12
      13
      13
      14
      16
       8
      20
      24
      15
       8
      12
      22
      10
       9
      15
      16
       9
      13
      21
      15
      16
      16
      10
      18
       9
      19
      17
      15
      30
      33
      20
      37
      30
      18
      15
      20
       9
      16
      13
      10
      12
      14
      14
      14
      16
       4
      11
      15
      23
      22
      37
      30
      31
      19
      22
      21
      10
      15
      12
      13
      13
      13
       6
      15
      14
      10
      16
      12
      17
      13
      14
      10
      16
      17
      15
      11
      10
      12
       9
       5
      14
      10
      14
      19
      21
      28
      19
      22
      31
      30
      18
      18
      22
      21
      24
      21
      16
      16
      17
       8
       9
      11
      10
      10
       8
      13
      12
       8
      16
       6
      11
       8
      15
      13
      10
      10
      12
      13
      10
      11
       9
      11
       7
       9
       7
       4
       5
      10
       7
      13
       5
       5
       7
       5
      10
       5
       5
       6
       8
       9
      15
       7
       8
       8
       8
       7
       7
       4
      15
      10
       8
       7
       9
      10
      12
      15
      18
      21
      14
      17
      14
      16
      17
      11
      15
      12
      13
       9
      12
      12
      13
      11
      11
      17
      15
       9
      11
      14
      10
       4
       8
       9
      10
       8
       4
       8
      10
       7
      11
      12
      11
      15
       8
       7
      11
      11
      16
      17
      18
      25
      40
      68
      71
      75
     100
      65
      67
      54
      25
      13
      14
       8
       9
      12
       9
       9
       9
       9
      10
      11
       7
      13
      18
      10
      10
      14
      15
      13
      16
      11
      14
       7
       9
      15
      16
      12
      11
       9
       7
       6
      11
       8
       8
      14
       6
      10
       6
      10
      12
      12
      13
      12
      25
      35
      38
      48
      43
      22
      34
      27
      10
      11
       7
$ROI:
0
$PRESETS:
None
0
0
$ENER_FIT:
-0.17 0.50021
$MCA_CAL:
3
-0.17000 0.50021 0.00 keV
$SHAPE_CAL:
3
-0.765948053477 7.83958431117 -26.4079756712
$META:
{'istp': ['133CEm', '133CEg', '133LA', '132CE', '132LA', '139CE', '137CEg', '137CEm', '137LA', '135CE', '135LA', '134LA', '132CS', '7BE', '133BAm', '133BAg'], 'res': 0.05, 'R': 0.2, 'unc_eff': [[0.024053508436386758, -0.2517435071854035, 0.6502498581753428], [-0.25174350718540356, 2.65027007823169, -6.882714286693032], [0.6502498581753429, -6.882714286693032, 17.966849727438788]], 'alpha': 0.9}
