$SPEC_ID:
No sample description was entered.
$SPEC_REM:
DET# 9480
DETDESC# HPGE
AP# Maestro Version 7.01
$DATE_MEA:
10/16/2018 22:14:35
$MEAS_TIM:
900 906
$DATA:
0 4095
     150
     151
       0
       0
       0
       0
       0
       0
       0
       0
       0
       0
       0
       0
       0
       0
       0
       0
       0
       0
       0
       0
       0
       0
       0
       0
       0
       0
       0
       0
       0
       0
       0
       0
       0
       0
       0
       0
       0
       0
       0
       0
       0
       0
       0
       0
       0
       0
       0
       0
       0
       0
       0
       0
       0
       0
       0
       0
       0
       0
       0
       0
       0
       0
       0
       0
       0
       0
       0
       0
       0
       0
       0
       0
       0
       0
       0
       0
       0
       0
       0
       0
       5
       9
     318
     926
     898
     903
     946
     914
     885
     884
     880
     845
     856
     894
     909
     874
     889
     867
     851
     847
     886
     812
     854
     924
     854
     811
     832
     781
     862
     825
     903
     837
     832
     875
     860
     853
     822
     852
     831
     841
     880
     822
     855
     808
     805
     866
     845
     874
     818
     845
     840
     835
     851
     845
     874
     830
     828
     840
     873
     840
     860
     855
     810
     849
    1014
     922
     827
     809
     979
     979
     875
     829
     888
     805
     856
     864
     839
     870
     878
     902
     844
     898
     902
     911
     829
     948
     920
     889
     952
     955
     898
     909
    1119
    1052
    1029
    1117
    1258
    1014
     929
     936
     928
     953
     946
     931
     933
     968
     940
     946
     927
     991
     956
     962
     953
    1068
     994
     929
    1031
    1039
    1104
    1022
     982
    1023
    1029
    1018
    1036
    1046
     998
     990
    1043
    1065
    1055
    1093
    1083
    1111
    1102
    1092
    1130
    1171
    1122
    1166
    1169
    1191
    1101
    1163
    1152
    1177
    1203
    1190
    1248
    1173
    1262
    1213
    1259
    1290
    1486
    1353
    1432
    2075
    1924
    1275
    1255
    1166
    1264
    1268
    1232
    1250
    1311
    1279
    1256
    1250
    1261
    1236
    1294
    1323
    1178
    1312
    1240
    1340
    1279
    1447
    1549
    1407
    1383
    1434
    1504
    1417
    1373
    1301
    1322
    1352
    1344
    1329
    1314
    1266
    1254
    1392
    1361
    1229
    1258
    1350
    1371
    1267
    1245
    1286
    1290
    1238
    1261
    1183
    1299
    1247
    1267
    1265
    1172
    1206
    1231
    1231
    1181
    1177
    1166
    1146
    1173
    1167
    1148
    1145
    1116
    1140
    1135
    1162
    1113
    1086
    1150
    1126
    1084
    1097
    1086
    1137
    1126
    1067
    1079
    1067
    1065
    1014
    1061
    1080
    1135
    1065
    1026
    1047
    1070
    1047
    1058
    1067
    1037
    1027
    1017
     968
    1029
    1113
    1103
    1039
    1100
    1030
    1044
    1025
    1033
    1026
    1030
    1092
     1000
    1081
     988
     986
    1104
    1098
    1080
    1079
    1105
    1033
    1024
    1009
    1036
     984
    1011
    1001
    1002
    1026
     971
    1005
    1025
     988
    1020
     964
     999
     983
     987
     960
     950
     995
     982
     858
     936
     920
     936
    1026
     923
     880
     870
     930
     924
     876
     933
     912
     905
     871
     885
     900
     890
     877
     906
     874
     867
     867
     811
     858
     830
     862
     862
     812
     821
     993
    1983
    4767
    4051
    1295
     810
     764
     785
     775
     745
     745
     789
     745
     719
     751
     776
     761
     744
     723
     723
     739
     749
     752
     735
     729
     704
     726
     728
     762
     751
     694
     745
     751
     720
     711
     654
     691
     698
     691
     720
     690
     673
     688
     700
     670
     675
     683
     656
     654
     641
     685
     651
     642
     622
     676
     631
     635
     649
     646
     616
     623
     665
     641
     690
     645
     658
     724
     644
     634
     657
     653
     659
     698
     636
     642
     651
     664
     606
     591
     640
     661
     642
     635
     587
     622
     618
     660
     620
     592
     586
     574
     641
     591
     594
     663
     653
     666
     973
    1261
     901
     616
     595
     579
     573
     573
     576
     549
     544
     559
     551
     605
     527
     621
     534
     586
     542
     631
     708
    1256
    5206
   15739
   14558
    3618
     733
     658
     793
     667
     508
     495
     473
     463
     454
     475
     454
     458
     461
     473
     465
     439
     458
     440
     513
     503
     453
     436
     429
     439
     462
     486
     428
     425
     430
     453
     399
     453
     472
     451
     454
     451
     406
     378
     429
     413
     424
     401
     452
     420
     421
     425
     443
     414
     393
     412
     436
     445
     435
     404
     455
     405
     432
     415
     423
     417
     432
     431
     457
     524
     914
    3009
    7818
    7147
    2152
     484
     398
     403
     378
     354
     336
     393
     408
     382
     352
     421
     373
     361
     385
     349
     364
     383
     415
     399
     385
     354
     392
     384
     362
     395
     369
     348
     413
     398
     345
     344
     385
     405
     362
     336
     387
     365
     362
     368
     378
     371
     376
     364
     375
     384
     391
     380
     389
     378
     365
     361
     371
     372
     387
     379
     371
     401
     370
     384
     374
     402
     371
     356
     337
     369
     332
     392
     347
     349
     358
     377
     327
     340
     365
     354
     334
     359
     362
     337
     323
     293
     325
     321
     346
     324
     321
     301
     292
     339
     344
     330
     295
     265
     289
     294
     294
     285
     287
     264
     288
     263
     284
     252
     258
     258
     279
     272
     285
     265
     270
     260
     254
     258
     247
     316
     278
     274
     248
     284
     258
     252
     273
     270
     271
     277
     240
     279
     263
     236
     231
     233
     240
     262
     237
     247
     250
     231
     220
     261
     255
     198
     221
     226
     264
     253
     237
     280
     235
     274
     268
     218
     240
     238
     223
     261
     305
     488
     603
     427
     267
     246
     218
     225
     237
     236
     241
     252
     212
     242
     223
     242
     261
     306
     309
     344
     239
     236
     232
     200
     193
     210
     205
     216
     208
     241
     214
     208
     208
     210
     210
     238
     210
     231
     301
     314
     274
     260
     282
     267
     214
     200
     178
     216
     196
     177
     193
     214
     215
     209
     215
     202
     199
     177
     186
     190
     180
     189
     214
     181
     186
     196
     179
     211
     182
     195
     194
     205
     214
     181
     166
     179
     191
     197
     182
     214
     186
     183
     202
     194
     178
     198
     174
     171
     165
     196
     212
     207
     206
     173
     178
     166
     182
     181
     161
     151
     177
     149
     129
     151
     163
     164
     152
     186
     174
     174
     147
     151
     162
     140
     173
     156
     169
     152
     162
     152
     159
     133
     150
     158
     135
     148
     162
     135
     150
     138
     135
     163
     177
     140
     144
     180
     199
     215
     176
     156
     132
     159
     164
     161
     122
     151
     142
     144
     148
     140
     120
     129
     142
     148
     137
     133
     165
     130
     121
     148
     159
     158
     147
     139
     132
     163
     134
     142
     145
     144
     145
     126
     145
     146
     152
     149
     122
     136
     136
     127
     129
     147
     131
     144
     128
     125
     141
     147
     110
     155
     149
     139
     132
     151
     155
     166
     189
     205
     168
     159
     124
     149
     235
     318
     292
     196
     138
     180
     287
     487
     411
     237
     189
     154
     131
     171
     184
     153
     159
     139
     123
     119
     101
     113
     126
     113
     127
     120
     104
     116
     110
     122
     120
     112
     137
     137
     146
     114
     122
     123
     103
     122
     128
     117
     124
     129
     121
     116
     141
     130
     138
     124
     153
     167
     154
     178
     213
     268
     365
     617
    1111
    1897
    3073
    3928
    4378
    4054
    3066
    1923
    1120
     616
     337
     215
     162
     159
     133
     199
     446
    1163
    2247
    1946
     833
     209
      97
      65
      81
      80
      92
      94
      84
      73
      78
      79
      75
      72
      77
      73
      79
      90
      82
     110
      91
      76
      68
      66
      73
      70
      54
      68
      78
      72
      78
      63
      61
      53
      67
      60
      64
      76
      72
      64
      73
      68
      80
      70
      78
      67
      69
      69
      67
      65
      67
      70
      80
     125
     149
     167
     109
      73
      73
      74
      74
      73
      69
      63
      67
      83
      63
      69
      67
      63
      71
      72
      73
      63
      63
      58
      59
      61
      51
      56
      68
      73
      73
      83
      81
      67
      73
      76
      98
      85
      73
      86
      62
      89
      65
     113
     146
     112
      88
      57
      69
      74
      80
     111
     173
     556
    1193
    1509
     899
     263
      90
      74
      67
     115
     173
     351
     666
     689
     314
     117
      77
      56
      68
      60
      50
      61
      42
      47
      52
      61
      52
      71
      57
      69
      67
      57
      50
      70
      76
      65
      52
      68
      66
      53
      57
      41
      49
      64
      65
      64
      52
      48
      54
      58
      47
      55
      48
      54
      55
      73
      63
      53
      58
      40
      58
      63
      68
      79
      85
     143
     351
     544
     551
     601
    1006
    2020
    2438
    1552
     434
     103
      44
      35
      45
      51
      44
      48
      36
      40
      36
      42
      35
      43
      45
      34
      33
      38
      35
      34
      46
      55
      46
      39
      43
      52
      63
      73
      87
      92
      49
      43
      33
      45
      37
      46
      36
      37
      23
      22
      43
      32
      49
      36
      47
      37
      37
      37
      44
      40
      25
      40
      39
      34
      44
      26
      31
      37
      35
      30
      33
      34
      25
      28
      28
      31
      42
      39
      24
      47
      28
      30
      43
      37
      37
      25
      40
      35
      27
      34
      28
      33
      29
      26
      34
      31
      41
      33
      28
      33
      29
      22
      32
      22
      36
      36
      32
      28
      33
      27
      36
      31
      37
      33
      28
      32
      29
      28
      32
      32
      27
      43
      45
      77
     158
     283
     384
     288
     112
      47
      30
      29
      39
      26
      23
      26
      32
      30
      16
      30
      27
      34
      15
      31
      26
      23
      25
      30
      30
      24
      25
      26
      23
      27
      28
      32
      24
      24
      34
      24
      22
      27
      61
      77
      56
      22
      34
      29
      19
      21
      25
      22
      27
      30
      33
      26
      20
      20
      18
      17
      20
      21
      22
      15
      18
      30
      27
      25
      25
      24
      27
      23
      22
      22
      20
      17
      25
      22
      15
      19
      18
      18
      23
      13
      22
      21
      24
      13
      23
      18
      11
      28
      20
      18
      15
      19
      17
      26
      20
      25
      19
      21
      16
      20
      15
      19
      23
      20
      17
      36
      40
      40
      63
      40
      33
      23
      22
      20
      17
      21
      18
      18
      16
      21
      15
      15
      15
      22
      19
      20
      24
      21
      18
      11
      23
      21
      17
      16
      17
      20
      18
      15
      18
      10
      16
      23
      14
      18
      19
      16
      14
      12
      15
      21
      17
      24
      12
      21
      22
      15
      13
      14
      15
      17
      19
      14
      20
      10
      12
      20
      13
      14
      19
      13
      13
      20
      12
      16
      26
      19
      14
      18
      21
      11
      17
      19
      15
      14
      10
      13
      18
      14
       9
      14
      11
      17
      12
      14
      15
      12
      20
      16
      14
      22
      10
      16
      21
       5
      13
      19
       7
      17
      16
      11
      19
      18
      30
      20
      18
      19
      35
      47
      48
      43
      26
      11
      17
      15
      23
      41
      56
      39
      33
      21
      21
      28
      27
      43
      97
     230
     537
     869
     852
     475
     136
      45
       7
       9
       6
      10
       5
       5
      10
      12
      11
       8
      13
       8
      12
       6
      14
       9
       8
       7
       7
       9
      16
       6
      12
      10
       9
       8
       3
       7
      12
       7
      14
       6
      12
       9
      12
      11
       8
       9
       8
       9
       9
       2
      14
      12
       8
       8
       8
      11
      12
      14
       7
       6
      12
       6
       6
      10
      11
      14
      14
      22
      34
      19
      15
       8
      10
       6
       7
       9
      13
       7
       9
      10
       9
      11
       9
      13
      13
      11
      14
      20
      24
      37
      69
     157
     313
     433
     326
     135
      42
      17
      12
      12
      12
      10
       9
       7
      10
      26
      17
      12
       8
       8
       7
       4
       3
       8
      11
       8
       6
       4
      11
       6
       8
       6
      10
      10
       6
      11
      11
      14
      16
      15
      17
      13
       5
       4
      10
       7
       5
       6
       7
       4
       5
      12
      10
       6
       8
       5
       9
       3
       8
      10
       7
      16
       4
      14
      16
       9
       6
       8
      12
      13
      10
       7
      12
      11
       5
       7
       6
      11
       8
      12
       7
      10
      16
      12
      13
      18
      55
     122
     206
     280
     186
      91
      30
      18
      15
      26
      19
      15
      10
       3
       6
       8
       8
       3
       5
       7
       3
       5
       5
      11
       9
       7
       2
       5
       7
       1
       5
       7
       6
       4
       7
       6
      11
       6
       6
       5
      11
       6
      11
       8
       7
      11
      11
       8
       6
       7
      14
       8
       6
       7
       1
       6
       6
       8
       8
       8
       6
       4
       5
       4
      10
       8
       8
       7
      22
      34
      51
      90
     114
      81
      40
      15
       5
       8
       7
       9
       8
      10
       4
       3
      10
       3
       3
      10
       7
      11
       6
       6
       6
       7
       5
       4
      10
      10
       8
       8
       7
      11
       5
       7
       7
       7
       6
       6
       7
       4
      11
       6
       9
       9
       2
       6
       8
       6
       3
       6
      10
       8
       3
      10
       4
       9
       9
       7
       5
       7
       5
       6
       9
       6
       8
       5
       4
       7
       7
       8
       6
       4
       8
       8
       6
      11
       1
       6
       4
       5
       6
       3
       3
       4
       7
       5
       9
       4
       9
       2
       9
       5
       5
       5
       6
       5
       6
       5
       8
       5
       7
       3
       7
       8
       2
       8
       6
       7
       5
       7
       4
       9
       6
       6
       4
      12
       5
      10
      16
      20
      22
      18
      15
       7
       7
       4
       8
       5
       4
       7
       4
      10
       9
       5
       5
       9
       6
      11
       7
       5
       2
       3
       5
       7
       4
       4
       4
       8
       4
       9
       9
       3
       8
       2
       5
       9
       8
      10
       6
       8
       9
       4
       4
       2
       3
       2
       3
       2
       4
       4
       5
       4
      10
       3
       2
       4
       5
       6
       4
       4
       5
       2
       4
       5
       5
       5
       4
       3
       6
       6
       7
       5
       5
       4
       4
       2
       6
       5
       3
       3
       7
       7
       6
       4
       2
       4
       6
       7
       3
       0
       9
       6
       2
       3
       3
       1
       2
       4
       3
       4
       9
       4
       7
       5
       6
       4
       6
       3
       3
       3
       7
       8
       4
       4
       5
       4
       3
       1
       6
       0
       7
       2
       2
       4
       3
       2
       5
       4
       3
       4
       2
       1
       2
       3
       1
       5
       4
       4
       5
       4
       4
       8
       3
       3
       2
       2
       6
       3
       6
       4
       2
       3
       5
       4
       5
       1
       2
       6
       3
       4
       3
       7
       3
       3
       3
       4
       2
       2
       2
       5
       3
       5
       9
      11
      12
       9
       9
       5
       4
       1
       1
       1
       3
       4
       6
       4
       4
       3
       6
       3
       4
       3
       6
       4
       5
       3
       4
       1
       2
       1
       3
       2
       2
       6
       5
       6
       5
       2
       0
       6
       2
       2
       4
       4
       3
       6
       3
       2
       4
       2
       2
       5
       0
       2
       5
       5
       7
       3
       1
       6
       2
       3
       2
       5
       4
       4
      10
       3
       1
       1
       3
       3
       3
       6
       2
       3
       2
       1
       3
       2
       2
       3
       4
       3
       4
       6
       2
       5
       4
       4
       1
       4
       0
       1
       1
       1
       3
       2
       3
       5
       3
       4
       3
       1
       4
       4
       2
       3
       3
       2
       2
       1
       0
       5
       3
       2
       1
       0
       6
       2
       2
       4
       2
       4
       4
       4
       3
       1
       1
       1
       4
       2
       2
       2
       4
       3
       3
       1
       3
       0
       1
       3
       4
       3
       2
       8
       2
       7
       3
       5
       4
       4
       1
       2
       2
       2
       2
       1
       4
       7
       2
       2
       9
       1
       4
       4
       3
       2
       1
       3
       1
       1
       4
       2
       2
       1
       2
       4
      11
       9
       5
       6
       2
       1
       2
       3
       2
       4
       5
       2
       3
       3
       2
       1
       0
       7
       7
      18
      18
      36
      25
      26
       8
       8
       4
       3
       3
       4
       2
       2
       2
       0
       2
       3
       4
       4
       3
       0
       5
       6
       2
       2
       5
       5
       2
       2
       2
       2
       0
       1
       4
       3
       8
       2
       4
       3
       2
       4
       4
       3
       5
      10
      11
      12
       7
       9
      11
      13
      11
      12
      10
       5
       4
       3
       2
       1
       2
       6
       5
       8
       3
       4
       7
       3
       8
      15
      20
      42
      60
      45
      36
      15
       3
       1
       1
       1
       6
       1
       3
       2
       0
       5
       2
       2
       4
       2
       0
       1
       2
       3
       3
       2
       1
       4
       7
       3
       4
       2
       1
       5
       3
       4
       3
       3
       0
       3
       2
       4
       4
       6
       1
       4
       2
       3
       2
       2
       2
       7
       4
       2
       5
       6
       6
       6
       1
       7
       2
       6
       3
       7
       6
       1
       2
       1
       4
       2
       1
       2
       4
       2
       6
       2
       1
       3
       4
       3
       1
       6
       2
       2
       0
       2
       5
       2
       0
       1
       1
       3
       6
       3
       3
       0
       2
       1
       5
       9
       9
       9
       2
       6
       1
       2
       4
       1
       1
       4
       0
       1
       3
       2
       1
       0
       3
       1
       1
       3
       4
       4
       1
       3
       3
       5
       1
       2
       0
       3
       0
       2
       1
       5
       6
       3
       3
       3
       1
       1
       3
       1
       3
       1
       4
       0
       2
       3
       1
       2
       2
       3
       3
       4
       0
       4
       3
       2
       0
       0
       2
       3
       1
       0
       0
       1
       1
       3
       4
       3
       6
       2
       2
       4
       3
       2
       1
       1
       5
       4
       3
       1
       3
       5
       2
       0
       4
       1
       2
       2
       2
       0
       5
       2
       2
       2
       6
       0
       0
       0
       2
       2
       4
       0
       3
       2
       1
       3
       4
       2
       2
       6
       4
       4
       1
       2
       4
       2
       2
       2
       2
       1
       4
       0
       1
       2
       2
       1
       1
       4
       4
       5
       5
       2
       9
       4
       0
       3
       2
       3
       6
       3
       2
       4
       2
       4
       4
       3
       2
       1
       3
       2
       3
       1
       2
       1
       3
       0
       1
       1
       4
       3
       4
       0
       4
       2
       2
       3
       3
       3
       3
       2
       3
       2
       1
       5
       3
       4
       1
       2
       5
       2
       5
       1
       4
       1
       2
       2
       2
       3
       3
       1
       4
       3
       0
       2
       4
       0
       4
       2
       1
       4
       7
       2
       5
       4
       3
       2
       1
       1
       1
       0
       3
       2
       1
       4
       1
       2
       3
       1
       2
       3
       3
       1
       0
       0
       0
       2
       2
       1
       4
       1
       1
       1
       5
       3
       0
       3
       1
       4
       1
       4
       0
       5
       1
       0
       4
       2
       0
       2
       3
       3
       1
       1
       5
       0
       2
       2
       2
       0
       2
       2
       2
       1
       1
       3
       1
       2
       1
       6
       0
       1
       1
       0
       4
       0
       0
       1
       3
       2
       5
       3
       0
       1
       1
       3
       3
       2
       0
       0
       2
       0
       3
       0
       2
       3
       0
       0
       2
       2
       2
       1
       1
       2
       1
       1
       3
       2
       2
       1
       2
       1
       1
       1
       4
       2
       2
       4
       1
       0
       1
       2
       1
       2
       3
       0
       2
       2
       3
       1
       1
       3
       1
       0
       1
       0
       1
       3
       2
       3
       0
       2
       2
       3
       0
       0
       1
       1
       3
       1
       0
       2
       2
       5
       0
       0
       0
       0
       0
       1
       3
       2
       1
       0
       0
       2
       2
       1
       0
       1
       2
       3
       2
       1
       3
       1
       2
       3
       1
       2
       1
       2
       1
       0
       1
       5
       1
       1
       1
       0
       0
       0
       4
       1
       0
       1
       1
       2
       3
       2
       1
       2
       0
       2
       1
       1
       1
       1
       0
       2
       0
       0
       4
       1
       4
       1
       1
       0
       2
       1
       2
       1
       0
       0
       0
       4
       1
       1
       1
       0
       1
       1
       0
       3
       2
       1
       1
       1
       1
       1
       2
       3
       3
       2
       0
       1
       0
       2
       2
       1
       1
       3
       3
       1
       2
       3
       2
       1
       1
       1
       0
       3
       1
       2
       5
       5
       6
       5
       7
      11
       7
       2
       1
       1
       1
       0
       3
       0
       0
       3
       0
       0
       1
       0
       1
       1
       2
       0
       1
       1
       0
       2
       1
       0
       3
       1
       3
       5
       1
       3
       3
       5
       4
       1
       3
       1
       0
       1
       2
       2
       0
       2
       0
       3
       1
       0
       4
       0
       3
       0
       1
       2
       1
       4
       0
       3
       1
       1
       0
       0
       3
       1
       1
       2
       1
       4
       3
       1
       3
       1
       0
       1
       0
       0
       1
       1
       0
       1
       1
       1
       0
       0
       0
       1
       0
       0
       1
       1
       0
       0
       0
       2
       0
       3
       1
       1
       2
       0
       1
       2
       1
       2
       1
       2
       0
       1
       0
       2
       2
       2
       1
       2
       0
       0
       2
       1
       1
       0
       1
       2
       0
       2
       1
       0
       1
       0
       1
       1
       3
       2
       2
       0
       1
       0
       1
       1
       0
       0
       0
       0
       3
       0
       0
       0
       0
       1
       0
       1
       0
       1
       3
       0
       0
       1
       0
       1
       1
       0
       0
       0
       1
       0
       1
       2
       1
       0
       0
       2
       0
       0
       2
       2
       4
       5
       4
       3
       5
       1
       0
       3
       2
       1
       3
       1
       4
       2
       3
       2
       1
       0
       0
       1
       0
       2
       2
       0
       0
       0
       1
       0
       0
       1
       0
       0
       1
       1
       0
       0
       0
       2
       0
       1
       0
       3
       0
       2
       1
       0
       0
       0
       1
       0
       0
       2
       2
       0
       2
       3
       0
       1
       1
       1
       2
       0
       2
       0
       3
       2
       1
       1
       2
       0
       0
       0
       0
       2
       1
       0
       0
       0
       2
       1
       3
       6
      13
      23
      29
      24
      21
       6
       8
       3
       2
       0
       0
       1
       0
       1
       0
       1
       1
       0
       1
       0
       0
       0
       1
       1
       0
       0
       0
       0
       0
       2
       0
       0
       0
       0
       0
       2
       1
       0
       1
       0
       1
       0
       0
       0
       0
       1
       0
       1
       1
       0
       2
       0
       2
       0
       0
       1
       0
       1
       2
       0
       0
       1
       0
       1
       0
       0
       0
       1
       0
       0
       1
       0
       1
       1
       2
       0
       0
       0
       1
       1
       0
       2
       0
       0
       1
       3
       1
       0
       1
       1
       0
       0
       0
       0
       1
       2
       1
       1
       0
       0
       0
       0
       1
       0
       1
       1
       0
       1
       0
       0
       0
       1
       2
       0
       0
       0
       0
       1
       1
       0
       1
       0
       0
       1
       0
       1
       0
       0
       3
       0
       2
       1
       0
       1
       0
       0
       0
       0
       1
       0
       1
       0
       1
       0
       1
       0
       2
       0
       0
       0
       0
       1
       1
       0
       1
       2
       0
       1
       0
       0
       0
       0
       0
       1
       0
       1
       0
       0
       0
       0
       1
       1
       0
       0
       0
       0
       1
       0
       1
       0
       0
       0
       1
       1
       0
       1
       0
       1
       0
       1
       0
       0
       0
       0
       0
       0
       0
       0
       0
       1
       1
       1
       0
       0
       1
       0
       0
       1
       0
       1
       0
       0
       0
       0
       0
       0
       0
       0
       0
       0
       2
       1
       1
       0
       0
       0
       0
       0
       0
       1
       2
       1
       0
       0
       1
       0
       0
       0
       1
       1
       1
       1
       0
       0
       1
       1
       0
       0
       0
       2
       2
       3
       0
       0
       0
       0
       0
       0
       1
       0
       0
       0
       2
       1
       0
       1
       0
       1
       0
       2
       0
       2
       2
       0
       3
       0
       2
       1
       1
       0
       0
       0
       1
       1
       0
       0
       0
       0
       0
       0
       2
       1
       0
       1
       1
       2
       0
       2
       0
       0
       1
       0
       0
       0
       0
       0
       0
       0
       0
       0
       0
       1
       0
       0
       0
       0
       1
       0
       1
       0
       0
       1
       0
       2
       1
       1
       1
       0
       0
       1
       0
       1
       1
       0
       0
       0
       1
       1
       0
       0
       1
       3
       3
       1
       4
       5
       1
       1
       4
       1
       0
       2
       0
       1
       0
       0
       0
       0
       3
       2
       1
       0
       1
       1
       0
       0
       0
       0
       1
       0
       0
       0
       1
       1
       0
       1
       0
       0
       1
       0
       0
       0
       1
       2
       0
       0
       0
       0
       0
       0
       0
       0
       0
       0
       0
       0
       0
       0
       0
       0
       0
       0
       0
       0
       0
       1
       1
       0
       1
       1
       1
       0
       0
       0
       0
       0
       0
       0
       2
       0
       1
       1
       0
       0
       0
       0
       0
       0
       0
       0
       0
       0
       0
       0
       0
       0
       1
       1
       0
       1
       0
       0
       0
       0
       0
       0
       0
       0
       0
       1
       0
       1
       0
       0
       0
       1
       0
       0
       0
       1
       0
       0
       0
       0
       1
       0
       1
       0
       0
       0
       0
       0
       1
       0
       0
       0
       0
       0
       1
       0
       0
       0
       1
       0
       0
       0
       1
       0
       1
       1
       0
       1
       1
       0
       0
       1
       0
       0
       0
       0
       0
       1
       0
       0
       0
       0
       1
       1
       0
       0
       0
       2
       0
       0
       0
       0
       0
       0
       2
       0
       0
       0
       0
       0
       0
       0
       0
       0
       1
       0
       0
       0
       1
       0
       0
       0
       0
       1
       0
       1
       1
       0
       1
       0
       0
       0
       0
       0
       0
       0
       1
       0
       0
       1
       0
       0
       0
       0
       0
       0
       0
       0
       0
       1
       1
       0
       0
       0
       0
       0
       0
       0
       1
       0
       0
       0
       0
       0
       1
       0
       0
       0
       2
       1
       1
       0
       0
       0
       0
       1
       0
       0
       0
       0
       0
       0
       0
       1
       1
       1
       0
       0
       0
       0
       0
       0
       0
       0
       1
       0
       0
       0
       0
       0
       1
       0
       0
       0
       0
       0
       0
       0
       0
       0
       0
       0
       0
       0
       0
       1
       1
       0
       1
       0
       1
       0
       0
       0
       0
       0
       0
       0
       0
       0
       0
       1
       0
       0
       0
       0
       0
       0
       0
       1
       1
       0
       0
       0
       1
       1
       0
       1
       1
       2
       0
       1
       1
       1
       1
       0
       1
       0
       0
       0
       0
       0
       0
       0
       0
       0
       0
       0
       0
       0
       1
       0
       0
       1
       0
       0
       0
       0
       0
       1
       0
       0
       0
       0
       0
       1
       1
       0
       0
       0
       0
       0
       0
       1
       1
       0
       0
       0
       0
       1
       1
       0
       1
       0
       0
       0
       0
       0
       0
       0
       0
       0
       0
       1
       1
       0
       2
       0
       2
       1
       0
       1
       0
       0
       0
       0
       0
       0
       0
       0
       1
       0
       0
       0
       0
       0
       0
       0
       0
       0
       0
       0
       0
       0
       0
       0
       0
       0
       1
       0
       0
       0
       0
       0
       0
       0
       0
       0
       0
       0
       0
       0
       0
       0
       0
       0
       0
       1
       0
       0
       0
       0
       0
       0
       1
       0
       0
       0
       0
       0
       0
       0
       0
       0
       0
       0
       2
       0
       0
       0
       0
       0
       0
       0
       0
       0
       0
       0
       1
       0
       0
       0
       0
       0
       1
       0
       0
       0
       0
       1
       0
       0
       0
       0
       0
       0
       0
       0
       0
       1
       1
       0
       0
       0
       1
       0
       0
       0
       0
       0
       1
       1
       0
       2
       1
       0
       0
       0
       0
       0
       1
       0
       0
       0
       0
       0
       0
       0
       0
       0
       0
       0
       1
       0
       1
       0
       2
       0
       2
       1
       0
       1
       0
       0
       0
       0
       0
       0
       0
       0
       0
       0
       0
       0
       0
       0
       0
       0
       0
       0
       0
       0
       0
       0
       0
       1
       2
       0
       0
       1
       0
       1
$ROI:
0
$PRESETS:
None
0
0
$ENER_FIT:
-0.17 0.50021
$MCA_CAL:
3
-0.17000 0.50021 0.00 keV
$SHAPE_CAL:
3
-0.765948053477 7.83958431117 -26.4079756712
$META:
{'istp': ['133CEm', '133CEg', '133LA', '132CE', '132LA', '139CE', '137CEg', '137CEm', '137LA', '135CE', '135LA', '134LA', '132CS', '7BE', '133BAm', '133BAg'], 'res': 0.05, 'R': 0.2, 'unc_eff': [[0.024053508436386758, -0.2517435071854035, 0.6502498581753428], [-0.25174350718540356, 2.65027007823169, -6.882714286693032], [0.6502498581753429, -6.882714286693032, 17.966849727438788]], 'alpha': 0.9}
