$SPEC_ID:
No sample description was entered.
$SPEC_REM:
DET# 9480
DETDESC# HPGE
AP# Maestro Version 7.01
$DATE_MEA:
10/17/2018 02:02:32
$MEAS_TIM:
900 1074
$DATA:
0 4095
     150
     179
       0
       0
       0
       0
       0
       0
       0
       0
       0
       0
       0
       0
       0
       0
       0
       0
       0
       0
       0
       0
       0
       0
       0
       0
       0
       0
       0
       0
       0
       0
       0
       0
       0
       0
       0
       0
       0
       0
       0
       0
       0
       0
       0
       0
       0
       0
       0
       0
       0
       0
       0
       0
       0
       0
       0
       0
       0
       0
       0
       0
       0
       0
       0
       0
       0
       0
       0
       0
       0
       0
       0
       0
       0
       0
       0
       0
       0
       0
      33
     273
     889
    2757
   11316
   16140
   16196
   16272
   16024
   16114
   15854
   15745
   15701
   15792
   15805
   15633
   15564
   15592
   15590
   15348
   15464
   15311
   15207
   15028
   15083
   15082
   15065
   15051
   14961
   14943
   14668
   15066
   14748
   15130
   14785
   14753
   14827
   14922
   14873
   14724
   14571
   14582
   14451
   14524
   14451
   14559
   14604
   14443
   14335
   14423
   14345
   14491
   14545
   14554
   14790
   14366
   14487
   14695
   14792
   14691
   14697
   14640
   14734
   14680
   14933
   15459
   15718
   15233
   14933
   15616
   16997
   15617
   14663
   14942
   14676
   14500
   14905
   14889
   14686
   15018
   15036
   15191
   15245
   15131
   15383
   15502
   15584
   15821
   16146
   16473
   16959
   16433
   16237
   18003
   20510
   18292
   17994
   21293
   21175
   17178
   16886
   16728
   16995
   16917
   17203
   17153
   17156
   17343
   17329
   17004
   17631
   17695
   17706
   17766
   18030
   18054
   18423
   18541
   18452
   18699
   19013
   19285
   19180
   19066
   19357
   19435
   19641
   19505
   19921
   20000
   20115
   20089
   20082
   20412
   20385
   20582
   20696
   20520
   21173
   20996
   21064
   21174
   21408
   21457
   21357
   21481
   21620
   21979
   22177
   22356
   22428
   22651
   22860
   23052
   23266
   25121
   28197
   26911
   30351
   40505
   33141
   24904
   23807
   23496
   23660
   23639
   23457
   23873
   23867
   23822
   24013
   23939
   23846
   23715
   24070
   24148
   24514
   24350
   24470
   24726
   24941
   25629
   25873
   26131
   26305
   27437
   27945
   27291
   26517
   26378
   26321
   26250
   25888
   25994
   25878
   25954
   25739
   25952
   25729
   26007
   26082
   26037
   26156
   25530
   25960
   25674
   25526
   25402
   25399
   25432
   25271
   24906
   24877
   24883
   24753
   24595
   24476
   24469
   24088
   24294
   24019
   23961
   23777
   23226
   23455
   23528
   23302
   23161
   23037
   23124
   22982
   23018
   22831
   22559
   22643
   22146
   22191
   22022
   21836
   22083
   21792
   21933
   21368
   21055
   21487
   21732
   21361
   21033
   20833
   20604
   20907
   20857
   20879
   20446
   20416
   20355
   20252
   20765
   20780
   20807
   20446
   20404
   20285
   20338
   20447
   20550
   20489
   20387
   20552
   20328
   20660
   20418
   20444
   20419
   20415
   20460
   21517
   21195
   20843
   20704
   20471
   20483
   20276
   20230
   20683
   20407
   20264
   20222
   20271
   20170
   19967
   20082
   19931
   19690
   19931
   19729
   19599
   19406
   19168
   19186
   18953
   19181
   18930
   18583
   18598
   18253
   17956
   18164
   17916
   17943
   17562
   17668
   17486
   17315
   17320
   17032
   17039
   16861
   16851
   16460
   16569
   17034
   16724
   16339
   16129
   15728
   15603
   15845
   15807
   15904
   16581
   22004
   54140
   96678
   64494
   24457
   16656
   15526
   14994
   14655
   14355
   14251
   14173
   13615
   13882
   13410
   13424
   13277
   13149
   13023
   12928
   12935
   12830
   12621
   12817
   12449
   12137
   12371
   12184
   12050
   12104
   12129
   12318
   12008
   11689
   11735
   11693
   11809
   11448
   11476
   11540
   11326
   11284
   10974
   11093
   11051
   10965
   11009
   10978
   10914
   10797
   10888
   10715
   10642
   11095
   10746
   10893
   10486
   10569
   10598
   10449
   10673
   10338
   10355
   10215
   10351
   10285
   10311
   10260
   10378
   10394
   10214
   10088
   10221
   10291
   10191
    9914
   10072
   10026
   10194
    9891
   10120
   10139
    9920
    9848
    9909
    9898
    9981
    9788
    9934
    9877
    9968
   10006
    9931
   10098
    9981
   10253
   11726
   16759
   18624
   13462
   10435
    9980
    9912
    9846
    9821
   10067
    9943
    9931
    9800
   10078
    9970
   10017
   10096
   10296
   10614
   10890
   11868
   15470
   38481
  155969
  327666
  240069
   67752
   21843
   19385
   18129
   14290
   11860
   10954
   10656
   10147
    9824
    9849
    9745
    9336
    9521
    9569
    9178
    9150
    9402
   10006
   10893
   10032
    9111
    8852
    9016
    8859
    8698
    8629
    8591
    8490
    8525
    8530
    8259
    8356
    8492
    8277
    8453
    8307
    8266
    8216
    8342
    8107
    8243
    8141
    8317
    8397
    8205
    7947
    8054
    8069
    8068
    8024
    7868
    8006
    8169
    8106
    8145
    8159
    7979
    8081
    7922
    8230
    8429
    8204
    9242
   11798
   25136
   83193
  162585
  122275
   38809
   13850
   10445
    9758
    8960
    8450
    8582
    8489
    8406
    7962
    7937
    7656
    7526
    7387
    7338
    7470
    7343
    7202
    7105
    7208
    7341
    7132
    7271
    7038
    7056
    7033
    6970
    6687
    6794
    6701
    6867
    6843
    6808
    6606
    6783
    6699
    6744
    6798
    6640
    6540
    6499
    6428
    6564
    6501
    6493
    6317
    6366
    6395
    6279
    6332
    6371
    6400
    6175
    6535
    6521
    6787
    6726
    6549
    6171
    6212
    6114
    6011
    6143
    6016
    6139
    6063
    5967
    5976
    6031
    5919
    6027
    5883
    5951
    6076
    5796
    5877
    5725
    5767
    5823
    5599
    5555
    5689
    5648
    5664
    5929
    5800
    5405
    5592
    5496
    5459
    5317
    5327
    5300
    5316
    5239
    5243
    5099
    5168
    5067
    5083
    5181
    5117
    4977
    5003
    4893
    4998
    5012
    4852
    4909
    4840
    4875
    4853
    4773
    4879
    4726
    4817
    4763
    4765
    4834
    4857
    4839
    4669
    4741
    4641
    4645
    4717
    4724
    4720
    4628
    4721
    4661
    4662
    4643
    4558
    4545
    4618
    4656
    4507
    4574
    4598
    4601
    4500
    4447
    4476
    4336
    4475
    4607
    4538
    4440
    4527
    4410
    4375
    4471
    4544
    4425
    4746
    6481
   10130
   11091
    7634
    5082
    4617
    4446
    4385
    4349
    4511
    4340
    4351
    4240
    4373
    4332
    4418
    5045
    6326
    6798
    5579
    4446
    4311
    4234
    4166
    4119
    4130
    4178
    4130
    4076
    3855
    4014
    4062
    4006
    3987
    4003
    4067
    4220
    4917
    5880
    5545
    4700
    4688
    5128
    4601
    4164
    3970
    3872
    3849
    3732
    3723
    3685
    3635
    3714
    3626
    3621
    3561
    3525
    3569
    3632
    3678
    3661
    3495
    3527
    3596
    3544
    3539
    3391
    3534
    3411
    3552
    3431
    3453
    3328
    3456
    3468
    3370
    3246
    3403
    3499
    3348
    3462
    3381
    3511
    3418
    3313
    3230
    3264
    3288
    3301
    3189
    3158
    3208
    3181
    3260
    3141
    3065
    3037
    3075
    3056
    2954
    2919
    2907
    2807
    2821
    2911
    2775
    2851
    2922
    2904
    2823
    2792
    2853
    2821
    2686
    2759
    2872
    2838
    2669
    2723
    2669
    2616
    2699
    2558
    2571
    2518
    2584
    2661
    2582
    2559
    2617
    2608
    2581
    2560
    2520
    2719
    2991
    3351
    3247
    2715
    2607
    2452
    2501
    2339
    2403
    2486
    2343
    2446
    2420
    2433
    2343
    2416
    2413
    2326
    2333
    2357
    2343
    2376
    2367
    2377
    2602
    2843
    2621
    2460
    2283
    2285
    2352
    2275
    2305
    2314
    2259
    2399
    2326
    2507
    2526
    2378
    2303
    2156
    2252
    2275
    2128
    2227
    2158
    2204
    2192
    2195
    2241
    2198
    2175
    2173
    2136
    2193
    2137
    2114
    2081
    2092
    2170
    2120
    2214
    2221
    2138
    2253
    2832
    4163
    5405
    4749
    3109
    2489
    3404
    5983
    8494
    7234
    4076
    3141
    2740
    2479
    2590
    2945
    2712
    2203
    2027
    2040
    1922
    1906
    1968
    1885
    1993
    1900
    1899
    1975
    1851
    1868
    1950
    1916
    1935
    1929
    1859
    1883
    1914
    1903
    1935
    1837
    1900
    1850
    1814
    1861
    1874
    1776
    1922
    1839
    1963
    1963
    1974
    2050
    2226
    2282
    2145
    2259
    2436
    2903
    3915
    5720
    8757
   12375
   15665
   16899
   15732
   12717
    8788
    5888
    4031
    3071
    2743
    2516
    2487
    2877
    4303
   10754
   28247
   45103
   36051
   14931
    5040
    3070
    2529
    2318
    2212
    2097
    2071
    2077
    1916
    1969
    1998
    1848
    1849
    1927
    1864
    1792
    1959
    2153
    2161
    1884
    1834
    1782
    1877
    1851
    1745
    1670
    1759
    1628
    1674
    1641
    1747
    1632
    1651
    1697
    1706
    1559
    1647
    1707
    1579
    1662
    1591
    1522
    1617
    1575
    1551
    1562
    1617
    1565
    1610
    1611
    1719
    2049
    2876
    3457
    3073
    2124
    1737
    1614
    1610
    1615
    1580
    1563
    1546
    1546
    1598
    1587
    1571
    1581
    1517
    1535
    1513
    1494
    1637
    1655
    1598
    1590
    1492
    1587
    1562
    1548
    1555
    1605
    1707
    1602
    1654
    1773
    1919
    2091
    1882
    1736
    1634
    1685
    1818
    2149
    2863
    3115
    2528
    1919
    1741
    1694
    1834
    2056
    2552
    5073
   13213
   25926
   28399
   16657
    6167
    2854
    2277
    2262
    2660
    4676
    9509
   15004
   13094
    6863
    2957
    2016
    1880
    1804
    1750
    1681
    1637
    1648
    1598
    1635
    1577
    1649
    1544
    1617
    1612
    1622
    1555
    1517
    1711
    1636
    1629
    1404
    1532
    1433
    1454
    1407
    1342
    1449
    1451
    1370
    1415
    1424
    1420
    1328
    1401
    1421
    1432
    1293
    1322
    1301
    1376
    1353
    1387
    1376
    1481
    1470
    1488
    1494
    1565
    1879
    3120
    5937
    8778
    9226
   10680
   22653
   43011
   47617
   27800
    9819
    3634
    2397
    2077
    1931
    1865
    1757
    1621
    1657
    1632
    1535
    1484
    1398
    1453
    1437
    1358
    1419
    1352
    1318
    1296
    1355
    1299
    1279
    1284
    1262
    1392
    1574
    2000
    2163
    1891
    1470
    1217
    1209
    1150
    1197
    1193
    1170
    1085
    1166
    1198
    1203
    1135
    1198
    1111
    1066
    1127
    1122
    1126
    1105
    1084
    1099
    1070
    1128
    1087
     952
    1141
    1026
    1029
     977
    1063
    1012
     978
     989
    1013
    1055
     965
     956
    1014
     969
     941
    1004
     953
     951
    1043
     948
     909
     939
     947
     946
     953
     956
     917
     903
     860
     889
     967
     938
     940
     913
     949
     895
     897
     901
     812
     872
     905
     930
     856
     930
     875
     925
     859
     928
     904
     880
     794
     866
     913
     902
     893
     994
     968
    1306
    1885
    3800
    6715
    7609
    5201
    2370
    1275
     993
     912
     879
     884
     801
     852
     873
     821
     838
     810
     857
     769
     829
     766
     753
     796
     780
     738
     745
     752
     746
     689
     716
     676
     782
     719
     807
     790
     722
     789
     866
    1064
    1361
    1493
    1230
     883
     727
     715
     687
     685
     668
     734
     670
     702
     661
     665
     753
     703
     663
     645
     649
     673
     625
     653
     637
     643
     692
     709
     715
     663
     566
     608
     666
     613
     624
     618
     622
     646
     645
     578
     620
     627
     609
     586
     616
     580
     604
     533
     617
     577
     565
     567
     576
     533
     612
     588
     581
     613
     570
     587
     620
     600
     566
     533
     527
     551
     546
     582
     605
     677
     907
    1198
    1338
    1065
     730
     559
     532
     513
     510
     564
     521
     499
     487
     505
     509
     545
     534
     524
     590
     632
     695
     641
     626
     591
     442
     484
     496
     451
     473
     487
     510
     492
     433
     486
     459
     490
     455
     479
     453
     476
     531
     532
     527
     496
     492
     446
     446
     472
     424
     447
     431
     432
     428
     464
     457
     468
     494
     414
     419
     420
     470
     415
     486
     413
     441
     455
     484
     454
     410
     460
     437
     410
     423
     386
     384
     430
     406
     401
     398
     407
     402
     407
     423
     396
     387
     422
     436
     437
     440
     461
     371
     427
     416
     388
     430
     440
     435
     386
     406
     412
     410
     392
     426
     422
     458
     459
     491
     454
     489
     608
     807
     975
    1080
     876
     646
     500
     487
     542
     670
     979
    1026
     848
     692
     591
     537
     627
     760
    1124
    2128
    5392
   11964
   18078
   16457
    9079
    3361
    1323
     774
     697
     610
     598
     519
     568
     503
     487
     438
     464
     475
     420
     448
     432
     441
     399
     418
     397
     346
     397
     365
     403
     386
     353
     392
     385
     388
     381
     379
     339
     353
     322
     359
     353
     366
     325
     327
     370
     307
     328
     360
     330
     336
     322
     330
     374
     332
     328
     311
     354
     316
     303
     342
     330
     341
     323
     330
     364
     435
     568
     589
     494
     381
     334
     311
     304
     338
     307
     352
     311
     289
     294
     334
     277
     336
     286
     367
     428
     412
     456
     538
     785
    1684
    3887
    6902
    8636
    6306
    3193
    1189
     633
     503
     451
     474
     466
     424
     401
     415
     525
     529
     508
     393
     380
     376
     356
     347
     316
     302
     304
     294
     300
     311
     305
     325
     286
     314
     341
     364
     416
     532
     435
     350
     283
     287
     256
     265
     272
     281
     227
     270
     270
     261
     268
     275
     267
     243
     252
     323
     252
     265
     268
     265
     250
     272
     255
     265
     242
     261
     265
     267
     244
     252
     226
     265
     261
     273
     263
     261
     253
     254
     265
     263
     252
     322
     349
     351
     368
     448
     582
    1166
    2459
    4244
    5099
    3797
    2007
     858
     536
     513
     557
     500
     406
     367
     300
     286
     266
     273
     275
     271
     251
     244
     257
     233
     216
     240
     224
     218
     227
     207
     242
     229
     218
     224
     238
     239
     201
     234
     204
     203
     220
     207
     205
     216
     222
     241
     242
     247
     210
     241
     272
     278
     255
     214
     193
     223
     218
     225
     211
     206
     232
     214
     191
     221
     234
     222
     226
     246
     306
     376
     662
    1292
    2198
    2477
    1972
     973
     484
     296
     238
     229
     194
     199
     227
     233
     203
     197
     220
     241
     200
     230
     203
     215
     237
     231
     214
     200
     199
     237
     234
     231
     197
     258
     204
     199
     200
     216
     185
     188
     236
     226
     221
     257
     234
     231
     196
     189
     192
     197
     186
     174
     173
     189
     192
     184
     172
     186
     201
     216
     213
     195
     210
     168
     196
     199
     178
     145
     168
     178
     189
     187
     148
     178
     172
     174
     149
     177
     155
     163
     166
     168
     162
     141
     141
     178
     162
     169
     163
     161
     171
     149
     157
     152
     157
     177
     170
     175
     152
     176
     160
     174
     133
     157
     145
     180
     163
     170
     173
     145
     147
     134
     151
     146
     135
     157
     154
     177
     170
     183
     251
     318
     533
     623
     519
     325
     224
     150
     151
     181
     159
     162
     173
     141
     158
     171
     140
     162
     125
     159
     142
     143
     144
     116
     144
     141
     139
     143
     137
     112
     130
     131
     141
     135
     126
     129
     128
     116
     144
     157
     183
     232
     235
     198
     170
     140
     129
     117
     125
     120
     148
     114
     110
     137
     116
     140
     141
     104
     139
     148
     132
     140
     145
     138
     148
     122
     116
     113
     128
     114
      98
      94
     115
     113
     106
     109
     108
     114
     119
      90
     112
     124
      94
     110
     110
     106
     119
     116
     107
      94
     106
     100
     106
     109
     122
      87
     104
      91
     110
     104
     100
      99
      89
     114
     111
     100
     108
     108
      90
     103
     112
      92
      92
      96
      98
      96
      98
      90
     103
      96
     100
     103
     100
      97
      90
     103
      93
      99
      85
      86
      91
      95
      96
     100
      82
      99
      86
     111
      95
      98
      87
      96
      92
      81
      99
      98
      95
      82
     109
     131
     126
     143
     104
     110
     101
      92
      97
     110
      94
      77
      89
      87
      90
      75
     106
      92
      97
      93
      84
      86
     101
      85
      98
      88
      96
     115
     150
     181
     134
     132
      97
      82
      94
      88
      81
      77
      78
      71
      86
      79
      68
      70
      75
     104
      79
      83
      68
      74
      81
      84
      79
      66
      65
      74
      78
      86
      64
      93
      90
      79
      84
      82
      74
      76
      77
      89
      66
      68
      69
      69
      63
      77
      77
      73
      77
      62
      79
      69
      73
      65
      79
      75
      74
      77
      68
      66
      80
      91
      73
      87
      73
      83
      70
      50
      74
      73
      73
      80
      57
      79
      73
      63
      68
      60
      59
      59
      54
      72
      67
      66
      77
      63
      69
      61
      56
      51
      61
      66
      51
      62
      65
      51
      57
      61
      69
     101
      98
      68
      58
      60
      66
      48
      60
      63
      51
      50
      57
      64
      74
      50
      47
      58
      51
      75
      56
      56
      62
      60
      70
      57
      48
      59
      61
      63
      69
      56
      55
      56
      49
      67
      52
      71
      63
      55
      61
      62
      65
      54
      52
      55
      46
      56
      68
      56
      53
      46
      61
      59
      59
      64
      50
      46
      50
      66
      38
      58
      51
      50
      46
      50
      55
      44
      47
      64
      62
      57
      62
      57
      68
      64
     100
     133
     140
     147
     106
      64
      50
      57
      63
      50
      50
      64
      50
      55
      60
      58
      67
      85
     126
     161
     295
     482
     663
     652
     451
     232
     104
      82
      55
      68
      57
      56
      58
      61
      63
      53
      55
      52
      62
      42
      63
      67
      49
      51
      45
      46
      50
      66
      45
      57
      43
      60
      56
      54
      48
      61
      37
      55
      57
      63
      62
      47
      81
     100
     152
     229
     248
     225
     201
     196
     209
     234
     212
     155
     108
      58
      56
      60
      62
      66
      64
      77
      93
      89
      93
      79
     103
     133
     257
     477
     813
    1093
     963
     708
     359
     158
     101
      72
      61
      52
      63
      58
      66
      47
      53
      56
      56
      56
      50
      57
      56
      43
      45
      59
      41
      45
      41
      46
      43
      43
      51
      39
      34
      41
      63
      43
      56
      43
      39
      42
      42
      46
      55
      44
      39
      59
      52
      55
      41
      35
      52
      38
      45
      46
      52
      47
      53
      67
      78
      90
     108
     117
     110
      90
      66
      54
      52
      42
      47
      40
      36
      51
      46
      37
      38
      39
      55
      33
      40
      49
      43
      36
      38
      29
      54
      30
      37
      44
      37
      32
      33
      39
      33
      44
      44
      39
      51
      94
     102
     139
     129
      91
      64
      51
      33
      42
      37
      36
      42
      44
      33
      35
      39
      57
      49
      37
      39
      40
      39
      46
      30
      44
      39
      32
      31
      31
      42
      33
      38
      37
      51
      41
      36
      53
      37
      30
      34
      42
      38
      32
      37
      39
      34
      38
      40
      32
      28
      31
      33
      24
      45
      38
      30
      32
      28
      39
      34
      37
      36
      35
      32
      35
      35
      32
      26
      59
      40
      37
      38
      35
      35
      44
      29
      31
      30
      27
      35
      27
      36
      36
      42
      33
      45
      36
      45
      19
      38
      24
      43
      26
      39
      36
      32
      34
      31
      33
      39
      44
      33
      32
      37
      37
      26
      24
      28
      32
      31
      42
      44
      36
      30
      29
      35
      39
      39
      37
      37
      35
      32
      34
      29
      26
      37
      36
      32
      38
      39
      36
      29
      46
      73
      74
      78
      92
      48
      43
      30
      40
      31
      32
      40
      28
      30
      23
      27
      30
      34
      40
      34
      28
      31
      36
      40
      29
      30
      37
      29
      30
      26
      24
      28
      29
      29
      24
      31
      27
      32
      35
      32
      32
      29
      30
      20
      36
      32
      38
      41
      28
      26
      32
      22
      28
      29
      36
      21
      28
      41
      34
      27
      19
      31
      29
      31
      40
      29
      37
      31
      29
      38
      25
      29
      26
      29
      34
      26
      26
      25
      35
      21
      33
      24
      29
      28
      27
      24
      26
      25
      34
      29
      32
      40
      39
      38
      32
      23
      18
      28
      32
      26
      38
      31
      35
      34
      39
      35
      25
      25
      26
      39
      34
      32
      26
      26
      35
      28
      31
      25
      32
      29
      27
      27
      27
      31
      28
      28
      24
      18
      27
      29
      29
      27
      30
      35
      25
      21
      29
      38
      26
      21
      25
      22
      33
      27
      23
      24
      25
      29
      24
      17
      25
      26
      26
      21
      31
      26
      23
      23
      27
      30
      23
      17
      21
      25
      23
      31
      22
      33
      15
      26
      26
      18
      23
      32
      24
      32
      22
      21
      12
      23
      24
      21
      25
      20
      21
      31
      24
      35
      24
      20
      18
      21
      24
      22
      20
      13
      31
      25
      17
      19
      19
      23
      27
      16
      15
      16
      23
      18
      20
      26
       8
      20
      25
      22
      16
      27
      12
      23
      18
      23
      22
      17
      22
      19
      17
      19
      18
      15
      17
      17
      19
      12
      20
      16
      26
      23
      23
      18
      14
      19
      11
      15
      15
      21
      12
      14
      13
      20
      17
      15
      20
      21
      20
      28
      21
      19
      15
      20
      20
      19
      15
      15
      13
      22
      23
      15
      20
      11
      16
      23
      10
      19
      18
      14
      16
      16
      21
      15
      20
      21
      22
      31
      53
      46
      52
      33
      26
      22
      21
      21
      13
      16
      13
      20
      10
      23
      20
      17
      16
      21
      18
      16
      15
      17
      16
      15
      18
       8
      19
       7
      11
       9
      18
      15
      14
      16
      12
      15
      11
      13
      10
      15
      13
      18
      16
       6
      15
      14
      14
       9
      21
      24
      13
      30
      36
      66
      91
     146
     155
     133
     103
      54
      21
      26
      16
      15
      13
      22
      22
      16
      18
       6
       7
      19
      16
      16
      15
      15
       6
      18
      15
      21
      14
      13
      18
      14
      14
      10
      12
       5
      17
      10
      17
      15
      12
      14
      14
      12
       7
      16
      16
      17
      13
      14
       5
      13
       7
       8
      11
       9
      15
      16
      16
      11
      14
       9
      16
      19
      16
      16
      10
      13
      14
      13
      27
      28
      45
      49
      62
      35
      19
      12
      13
      21
      14
      13
      10
      13
       8
      10
       8
      14
       7
       8
      10
      11
       7
      16
       9
      11
      12
      10
      13
       5
       6
       8
      17
       7
       6
       7
       9
       7
      10
       8
      10
       7
      11
      11
       6
      10
       8
       4
      20
      13
       8
       9
       7
      12
      16
       7
       7
       8
       9
      11
      11
      17
      22
      20
      16
      22
      18
      10
       8
      12
       7
      11
      16
       6
      10
      11
       9
       6
      11
       8
       7
      13
       6
      13
      18
       7
       7
      11
       8
       5
       7
       9
       2
      10
       9
       8
       7
       7
      18
       9
      19
       9
      18
      16
      19
       9
      13
       4
      18
      20
      11
      15
      14
      12
      12
      14
      10
      17
      15
      35
      46
      57
      64
      37
      22
      15
      11
      10
       9
      14
      10
       6
       8
       7
       6
       6
       8
      10
      12
       6
       5
       6
       6
       5
       4
       4
      16
       9
       6
       6
       6
       6
      12
      12
       4
       9
       6
       6
       9
      13
      10
       8
      15
       7
      10
       8
       7
      15
      13
      16
      23
      22
      23
      18
      14
      16
      10
       4
      11
       7
      15
      12
      10
      20
      14
      23
      21
      43
      59
      88
     157
     284
     355
     350
     296
     179
      91
      45
      36
      24
      13
      16
      11
      11
      12
      10
       9
      11
       4
      10
      10
      11
       6
       8
       9
       8
      10
      14
       6
       8
       7
       4
       9
       8
       8
       5
      12
      11
       2
       8
       5
       4
       3
      10
       8
      13
       8
       9
      16
       5
       9
       5
       8
       3
       2
       7
       7
       3
       6
       9
       3
       8
       4
       6
       4
       4
       3
       5
       5
       4
      10
       3
      15
       4
       4
       4
       8
       7
      11
       3
      12
       7
       6
       5
       4
       4
       4
       4
       6
       6
       4
       4
       4
       3
       4
       4
       8
      11
       5
       3
       7
       7
       7
       6
      11
       9
       8
       3
       5
       5
       1
       6
       3
       9
       4
       2
       8
       1
       7
       7
       6
       5
       3
       4
       2
       7
       7
       5
       5
       4
       6
       9
       6
       7
       3
       7
       3
       5
       1
       7
       2
      11
       3
       4
       6
       4
       1
       5
       1
       5
       2
       3
       7
       3
       5
       5
       2
       2
       1
       7
       4
       4
       4
       4
       3
       2
       6
       6
       6
       7
       7
       5
       4
       3
       1
       1
       5
       1
       3
       5
       5
       3
       5
       6
       3
       5
       3
       6
       3
       3
       3
       4
       6
       2
       1
       6
       5
       2
       4
       2
       3
       4
       5
       3
       8
       2
       8
       3
       2
       1
       4
       3
       6
       4
       2
       3
       3
       4
       2
       4
       3
       4
       1
       3
       2
       2
       5
       0
       4
       3
       2
       2
       4
       3
       0
       4
       3
       1
       1
       5
       4
       4
       3
       2
       2
       1
       3
       2
       5
       2
       2
       4
       5
       3
       3
       3
       2
       2
       1
       1
       3
       4
       3
       1
       5
       3
       2
       3
       3
       3
       6
       1
       3
       7
       3
       8
       5
       7
       3
       3
       2
       8
       4
       2
       7
       0
       5
       2
       3
       4
       4
       4
       5
       8
       6
       1
       1
       2
       5
       2
       3
       4
       4
       2
       5
       1
       3
       3
       4
       1
       3
       3
       3
       3
       4
       1
       4
       3
       7
       3
       2
       2
       5
       2
       2
       4
       4
       6
       3
       3
       2
       3
       5
       5
       3
       4
       5
       6
       9
      11
      16
      19
      27
      52
      59
      64
      48
      46
      23
       8
       5
       8
       4
       5
       4
       2
       5
       3
       5
       3
       3
       3
       5
       2
       4
       4
       4
       5
       1
       2
       3
       1
       2
       3
       3
       1
       6
       3
       4
       4
       7
       1
       0
       3
       3
       4
       3
       1
       2
       6
       5
       0
       3
       2
       0
       2
       3
       3
       1
       1
       2
       5
       6
       8
       9
      14
       7
      14
       3
       2
       0
       5
       3
       3
       2
       2
       0
       1
       3
       2
       1
       5
       4
       0
       2
       1
       1
       3
       3
       2
       2
       1
       3
       1
       0
       0
       1
       6
       3
       3
       3
       2
       3
       1
       3
       2
       3
       2
       0
       0
       2
       1
       2
       4
       1
       4
       1
       1
       1
       1
       2
       1
       3
       4
       1
       1
       4
       4
       2
       5
       2
       0
       1
       0
       4
       2
       1
       2
       2
       2
       3
       2
       2
       2
       3
       2
       1
       3
       1
       1
       1
       2
       1
       3
       2
       1
       0
       0
       1
       0
       1
       2
       1
       1
       2
       0
       1
       2
       5
       2
       2
       2
       2
       1
       1
       0
       1
       4
       2
       3
       1
       1
       1
       3
       3
       0
       0
       1
       3
       1
       4
       2
       2
       0
       2
       2
       1
       3
       0
       0
       1
       2
       3
       1
       3
       2
       3
       2
       0
       2
       5
       0
       1
       1
       2
       7
       0
       0
       2
       2
       2
       1
       0
       1
       2
       2
       1
       2
       2
       1
       1
       1
       2
       2
       0
       3
       2
       1
       1
       3
       1
       6
       1
       0
       0
       3
       4
       0
       5
       2
       2
       1
       4
       1
       2
       2
       2
       1
       2
       1
       0
       2
       0
       2
       2
       4
       2
       2
       1
       2
       0
       3
       0
       2
       1
       1
       3
       1
       1
       3
       2
       1
       1
       2
       1
       0
       0
       1
       1
       0
       3
       1
       0
       0
       1
       1
       0
       0
       3
       1
       1
       0
       0
       0
       1
       0
       1
       0
       2
       0
       0
       1
       0
       0
       2
       0
       2
       1
       1
       3
       3
       1
       1
       0
       2
       0
       2
       1
       1
       2
       1
       1
       1
       1
       1
       3
       1
       1
       0
       0
       2
       0
       0
       0
       0
       2
       0
       2
       2
       0
       2
       1
       0
       1
       3
       0
       1
       1
       1
       1
       1
       1
       0
       0
       1
       1
       1
       1
       0
       0
       0
       1
       0
       2
       0
       2
       2
       0
       1
       1
       1
       2
       0
       1
       1
       1
       1
       0
       0
       5
       3
       3
       1
       2
       2
       0
       0
       0
       0
       1
       0
       1
       2
       1
       0
       0
       1
       2
       2
       1
       0
       1
       1
       0
       0
       1
       5
       1
       2
       0
       0
       0
       1
       1
       1
       0
       0
       1
       0
       0
       0
       0
       2
       0
       0
       1
       0
       0
       0
       1
       1
       0
       0
       2
       0
       1
       0
       1
       0
       1
       2
       1
       1
       1
       1
       2
       0
       1
       0
       2
       2
       3
       4
       2
       1
       0
       1
       1
       3
       0
       1
       0
       0
       0
       0
       1
       2
       1
       1
       1
       0
       0
       3
       1
       1
       1
       0
       2
       1
       2
       3
       2
       1
       0
       0
       0
       1
       1
       1
       0
       0
       0
       1
       0
       1
       0
       1
       0
       0
       0
       1
       1
       1
       0
       0
       0
       0
       2
       0
       0
       2
       0
       1
       3
       1
       0
       1
       0
       2
       2
       1
       5
       0
       2
       0
       1
       1
       0
       1
       0
       0
       0
       1
       2
       0
       0
       2
       0
       1
       0
       2
       2
       0
       0
       0
       0
       1
       2
       0
       1
       0
       1
       1
       1
       0
       3
$ROI:
0
$PRESETS:
None
0
0
$ENER_FIT:
-0.17 0.50021
$MCA_CAL:
3
-0.17000 0.50021 0.00 keV
$SHAPE_CAL:
3
-0.765948053477 7.83958431117 -26.4079756712
$META:
{'istp': ['133CEm', '133CEg', '133LA', '132CE', '132LA', '139CE', '137CEg', '137CEm', '137LA', '135CE', '135LA', '134LA', '132CS', '7BE', '133BAm', '133BAg'], 'res': 0.05, 'R': 0.2, 'unc_eff': [[0.024053508436386758, -0.2517435071854035, 0.6502498581753428], [-0.25174350718540356, 2.65027007823169, -6.882714286693032], [0.6502498581753429, -6.882714286693032, 17.966849727438788]], 'alpha': 0.9}
