$SPEC_ID:
No sample description was entered.
$SPEC_REM:
DET# 9480
DETDESC# HPGE
AP# Maestro Version 7.01
$DATE_MEA:
10/16/2018 22:52:36
$MEAS_TIM:
900 1098
$DATA:
0 4095
     150
     183
       0
       0
       0
       0
       0
       0
       0
       0
       0
       0
       0
       0
       0
       0
       0
       0
       0
       0
       0
       0
       0
       0
       0
       0
       0
       0
       0
       0
       0
       0
       0
       0
       0
       0
       0
       0
       0
       0
       0
       0
       0
       0
       0
       0
       0
       0
       0
       0
       0
       0
       0
       0
       0
       0
       0
       0
       0
       0
       0
       0
       0
       0
       0
       0
       0
       0
       0
       0
       0
       0
       0
       0
       0
       0
       0
       0
       0
       1
      31
     297
    1126
    3323
   12839
   18056
   18120
   18114
   18100
   18091
   17918
   17646
   17630
   17461
   17356
   17484
   17417
   17190
   17125
   16982
   17004
   17113
   16986
   16745
   16795
   17081
   16574
   16660
   16794
   16636
   16473
   16543
   16314
   16468
   16376
   16464
   16348
   16275
   16595
   16374
   16245
   16176
   16119
   16017
   16251
   15948
   16249
   16050
   16056
   16271
   16276
   16258
   16218
   16095
   16162
   16220
   16248
   16301
   16386
   16416
   16428
   16346
   16393
   16429
   16645
   17098
   17293
   16708
   16803
   17424
   18482
   17261
   16261
   16618
   16486
   16552
   16611
   16878
   16785
   16636
   16640
   16658
   16993
   17127
   17228
   17152
   17304
   17312
   17914
   18407
   18646
   18219
   18093
   20040
   22492
   20462
   19743
   23700
   23528
   19650
   18461
   18656
   18705
   18676
   18778
   18819
   18971
   19394
   19369
   19303
   19594
   19474
   19795
   20064
   20105
   20085
   20454
   20653
   20748
   20575
   20972
   20901
   21140
   21474
   21241
   21613
   21772
   21806
   21933
   22324
   22173
   22070
   22493
   22453
   22947
   22941
   23050
   23048
   23358
   23593
   23212
   23580
   23801
   24204
   24122
   24277
   24121
   24447
   24715
   24765
   25073
   24918
   25220
   25198
   25887
   27984
   31066
   30089
   34054
   44440
   36730
   27456
   26561
   26377
   26240
   26256
   26303
   26446
   26770
   26572
   26198
   26351
   26406
   26713
   27022
   26745
   27077
   27522
   27136
   27536
   27992
   28187
   28760
   29288
   29148
   30061
   31313
   29987
   29418
   29512
   29108
   28992
   28854
   29026
   28848
   28771
   29504
   28727
   29140
   28776
   28984
   29139
   28805
   28993
   28628
   28584
   28338
   28182
   28095
   28172
   27922
   27976
   27653
   27641
   27563
   27562
   27300
   27228
   27093
   26588
   27118
   26453
   26720
   26475
   26125
   25953
   26178
   25841
   26026
   25468
   25692
   25317
   25663
   25182
   24960
   25127
   24709
   24730
   24660
   24487
   23960
   23998
   24226
   23730
   23771
   24015
   23802
   23296
   23144
   23077
   23066
   23164
   22867
   22861
   22957
   22817
   22753
   22710
   23217
   23003
   23002
   22665
   22604
   22745
   23214
   22932
   22776
   22700
   22866
   23025
   22656
   22976
   22882
   22644
   22942
   22719
   23680
   23351
   23256
   23035
   22848
   22885
   22714
   22684
   22877
   22357
   22659
   22364
   22644
   22706
   22658
   22292
   22314
   22115
   22241
   21945
   21699
   21765
   21617
   21358
   21169
   21129
   20741
   20672
   20525
   20496
   20565
   20321
   20003
   19939
   19846
   19633
   19519
   19543
   19125
   19166
   18838
   19095
   18623
   19056
   18528
   19001
   18633
   18041
   17897
   17745
   17762
   17656
   17481
   17690
   18277
   24787
   60839
  106715
   70851
   27555
   18779
   17254
   16835
   16423
   16286
   15742
   15586
   15490
   15311
   15003
   14949
   15131
   14740
   14521
   14547
   14540
   14384
   14267
   13825
   14099
   13808
   13954
   13726
   13761
   13800
   13736
   13636
   13474
   13197
   13116
   12917
   13141
   12937
   12989
   12709
   12731
   12679
   12573
   12690
   12416
   12525
   12300
   12330
   12381
   12109
   12163
   12107
   12166
   11854
   12047
   12011
   12038
   11787
   11989
   11936
   11966
   11568
   11693
   11662
   11724
   11518
   11516
   11633
   11532
   11534
   11487
   11496
   11436
   11362
   11260
   11305
   11229
   11281
   11183
   11188
   11171
   11214
   11213
   11135
   11350
   11293
   11156
   11206
   11161
   11162
   11122
   11151
   11223
   11363
   11407
   11367
   13299
   18315
   19895
   14855
   11824
   11195
   11245
   11170
   10978
   11183
   11238
   11256
   11100
   11137
   11034
   11552
   11115
   11655
   11732
   12227
   13524
   17493
   43833
  176811
  359871
  264081
   77067
   25858
   22163
   21064
   16276
   13529
   12809
   12051
   11854
   11501
   11389
   11240
   10843
   10871
   10635
   10631
   10479
   10767
   11237
   12075
   11366
   10521
   10271
   10316
   10185
    9985
    9733
    9958
    9996
    9924
    9692
    9661
    9578
    9625
    9540
    9389
    9482
    9338
    9431
    9351
    9483
    9358
    9240
    9319
    9407
    9174
    9179
    9269
    9312
    9010
    9314
    9109
    8987
    9209
    9194
    9234
    8880
    9094
    8998
    9246
    9046
    9496
    9639
   10268
   13223
   29097
   93935
  179126
  134727
   44582
   16256
   12248
   11023
   10365
    9929
    9790
    9909
    9448
    9230
    8875
    8821
    8665
    8639
    8611
    8335
    8390
    8444
    8248
    8301
    8026
    8270
    8212
    7949
    8002
    7909
    7901
    7793
    7890
    7731
    7669
    7673
    7716
    7743
    7555
    7788
    7869
    7483
    7471
    7455
    7403
    7305
    7417
    7269
    7301
    7313
    7289
    7273
    7338
    7308
    7342
    7181
    7048
    7300
    7365
    7887
    7666
    7437
    7220
    6927
    7077
    7103
    7027
    6972
    7210
    6834
    6948
    6826
    6852
    6815
    6879
    6696
    6732
    6790
    6673
    6754
    6720
    6668
    6577
    6553
    6602
    6515
    6463
    6704
    6903
    6592
    6540
    6261
    6214
    6270
    6105
    6184
    6104
    5943
    6021
    6091
    5982
    6022
    5796
    5853
    5864
    5845
    5899
    5636
    5740
    5728
    5640
    5775
    5644
    5613
    5681
    5569
    5467
    5577
    5604
    5478
    5498
    5436
    5358
    5403
    5391
    5333
    5333
    5321
    5329
    5227
    5318
    5377
    5458
    5293
    5349
    5364
    5353
    5195
    5249
    5344
    5244
    5193
    5319
    5067
    5220
    5157
    5131
    5151
    5110
    5147
    5079
    5186
    5189
    5105
    5086
    5162
    5162
    4950
    5234
    5573
    7205
   11219
   12335
    8864
    5878
    5316
    4953
    5137
    5000
    5065
    5042
    5025
    4895
    4979
    4949
    5082
    5655
    7229
    7666
    6264
    5201
    4880
    4938
    4901
    4699
    4804
    4718
    4770
    4785
    4629
    4702
    4748
    4622
    4711
    4641
    4722
    4758
    5806
    6833
    6147
    5218
    5418
    5739
    5463
    4713
    4330
    4397
    4367
    4325
    4268
    4223
    4198
    4137
    4183
    4247
    4173
    4178
    4226
    4219
    4158
    4169
    4183
    4011
    4089
    4195
    4086
    4042
    3999
    4060
    3934
    4019
    4068
    3934
    3956
    3965
    4003
    3866
    3930
    3910
    3889
    3830
    3833
    3995
    3897
    3741
    3815
    3793
    3808
    3803
    3628
    3763
    3747
    3763
    3748
    3505
    3496
    3515
    3490
    3518
    3353
    3382
    3335
    3362
    3397
    3362
    3159
    3347
    3416
    3332
    3305
    3284
    3360
    3276
    3187
    3126
    3319
    3228
    3094
    3068
    3121
    3130
    3168
    3070
    3039
    3034
    2948
    3062
    3025
    2894
    3015
    2947
    2924
    2965
    2917
    3061
    3356
    3809
    3869
    3369
    2939
    2861
    2861
    2792
    2839
    2886
    2834
    2826
    2786
    2783
    2735
    2655
    2765
    2804
    2802
    2804
    2638
    2695
    2717
    2718
    2976
    3209
    2969
    2812
    2696
    2610
    2706
    2732
    2630
    2586
    2732
    2698
    2733
    3048
    2965
    2749
    2601
    2509
    2592
    2514
    2603
    2528
    2549
    2586
    2552
    2455
    2569
    2531
    2486
    2424
    2436
    2458
    2555
    2518
    2385
    2373
    2467
    2502
    2498
    2524
    2477
    2535
    2895
    4183
    5400
    4735
    3291
    2734
    3717
    6595
    9631
    8032
    4841
    3499
    3159
    2826
    2996
    3323
    3109
    2534
    2369
    2276
    2228
    2325
    2261
    2184
    2304
    2170
    2235
    2213
    2170
    2228
    2257
    2272
    2323
    2163
    2274
    2138
    2154
    2186
    2169
    2187
    2170
    2157
    2174
    2150
    2067
    2137
    2122
    2141
    2176
    2124
    2121
    2310
    2533
    2560
    2609
    2488
    2810
    3148
    4250
    6144
    9246
   12890
   16066
   17685
   16406
   13362
    9589
    6225
    4424
    3558
    3057
    2865
    2771
    3211
    4772
   12039
   31041
   49976
   40471
   17239
    6096
    3586
    3105
    2763
    2659
    2597
    2432
    2337
    2229
    2334
    2282
    2277
    2219
    2232
    2157
    2145
    2222
    2494
    2542
    2366
    2092
    2161
    2084
    2067
    2067
    1923
    1973
    2015
    1938
    1977
    1970
    1933
    1919
    1855
    1884
    1929
    1893
    1896
    1904
    1919
    1877
    1849
    1943
    1876
    1815
    1830
    1905
    1880
    1911
    1911
    1943
    2268
    3196
    3898
    3473
    2529
    1976
    1890
    1825
    1895
    1886
    1820
    1810
    1863
    1797
    1782
    1766
    1825
    1819
    1785
    1747
    1801
    1859
    1852
    1782
    1788
    1781
    1840
    1771
    1824
    1788
    1790
    1845
    1901
    1887
    2067
    2303
    2372
    2217
    1938
    1989
    2005
    2128
    2441
    3149
    3428
    2887
    2147
    1969
    2008
    2087
    2267
    2909
    5600
   14595
   28795
   31423
   19076
    7421
    3520
    2687
    2570
    2896
    5065
   10526
   16571
   14921
    7975
    3546
    2457
    2194
    2155
    2007
    1973
    2006
    1898
    1913
    1954
    1924
    1883
    1893
    1859
    1777
    1783
    1860
    1978
    1962
    1885
    1843
    1695
    1727
    1649
    1636
    1703
    1771
    1755
    1647
    1748
    1629
    1627
    1649
    1643
    1657
    1627
    1651
    1599
    1611
    1572
    1535
    1631
    1578
    1640
    1688
    1608
    1670
    1712
    1808
    2235
    3414
    6465
    9926
   10413
   11620
   24768
   47167
   52652
   31714
   11491
    4354
    3014
    2477
    2320
    2139
    2103
    2074
    1892
    1826
    1835
    1795
    1743
    1693
    1664
    1645
    1585
    1537
    1597
    1529
    1569
    1497
    1527
    1541
    1499
    1624
    1930
    2259
    2526
    2214
    1718
    1496
    1415
    1437
    1408
    1406
    1394
    1446
    1361
    1445
    1409
    1321
    1347
    1342
    1432
    1322
    1339
    1310
    1303
    1330
    1248
    1304
    1253
    1258
    1295
    1224
    1157
    1206
    1229
    1233
    1118
    1186
    1238
    1138
    1134
    1165
    1153
    1166
    1192
    1099
    1138
    1102
    1192
    1090
    1081
    1111
    1129
    1115
    1100
    1058
    1088
    1130
    1094
    1083
    1124
    1058
    1176
    1138
    1152
    1039
    1071
    1054
    1076
    1068
    1063
    1055
    1025
    1008
    1065
    1089
    1064
    1053
    1021
    1074
    1036
    1057
    1058
    1079
    1055
    1044
    1144
    1137
    1407
    2184
    4329
    7442
    8544
    5847
    2833
    1486
    1220
    1174
    1053
    1003
    1009
    1008
    1026
     994
    1007
    1011
     949
     921
     888
     953
     918
     990
     876
     910
     976
     925
     876
     873
     889
     881
     906
     870
     861
     942
     823
     874
     968
    1248
    1598
    1758
    1396
    1065
     879
     808
     898
     856
     783
     840
     863
     814
     763
     769
     839
     809
     798
     768
     783
     755
     727
     780
     782
     837
     843
     868
     825
     820
     768
     736
     747
     768
     798
     763
     709
     723
     725
     732
     770
     746
     706
     684
     704
     665
     717
     719
     704
     695
     668
     709
     667
     671
     672
     689
     720
     657
     757
     740
     732
     688
     711
     644
     674
     616
     685
     688
     694
     776
    1036
    1401
    1531
    1211
     888
     706
     684
     655
     636
     676
     617
     627
     674
     616
     660
     642
     679
     629
     659
     703
     748
     768
     708
     668
     598
     575
     584
     574
     581
     557
     613
     545
     576
     579
     566
     571
     567
     540
     553
     576
     624
     667
     641
     606
     576
     547
     578
     488
     509
     529
     536
     568
     581
     551
     547
     525
     507
     502
     519
     524
     545
     503
     509
     538
     565
     525
     539
     569
     572
     537
     529
     547
     534
     510
     501
     527
     522
     503
     517
     516
     505
     472
     476
     521
     508
     505
     526
     510
     544
     525
     499
     480
     506
     488
     471
     482
     482
     502
     477
     474
     474
     551
     495
     534
     530
     541
     614
     529
     594
     735
     875
    1122
    1276
    1030
     778
     605
     577
     667
     824
    1043
    1286
    1054
     772
     640
     685
     702
     858
    1173
    2371
    5829
   12800
   19669
   18773
   10642
    4252
    1677
    1039
     847
     826
     661
     661
     638
     619
     575
     521
     531
     550
     527
     535
     544
     488
     440
     504
     488
     516
     489
     438
     517
     468
     476
     432
     448
     463
     395
     438
     440
     439
     410
     409
     448
     440
     437
     421
     474
     418
     411
     424
     408
     405
     414
     402
     392
     416
     447
     360
     431
     419
     428
     423
     398
     429
     419
     447
     411
     510
     634
     656
     579
     470
     424
     416
     404
     396
     385
     383
     395
     373
     408
     371
     393
     406
     421
     466
     488
     535
     539
     614
     829
    1881
    4209
    7558
    9513
    7417
    3707
    1420
     801
     582
     583
     563
     527
     475
     464
     517
     585
     621
     605
     464
     435
     427
     419
     379
     365
     380
     352
     360
     379
     358
     373
     343
     355
     362
     376
     411
     508
     549
     558
     472
     382
     338
     358
     317
     355
     298
     346
     329
     329
     322
     333
     330
     314
     315
     309
     343
     316
     294
     306
     316
     318
     315
     304
     308
     325
     298
     314
     303
     338
     318
     324
     288
     280
     306
     293
     321
     319
     327
     332
     346
     328
     348
     392
     449
     409
     490
     665
    1280
    2733
    4575
    5571
    4320
    2347
    1067
     605
     586
     577
     579
     449
     443
     330
     343
     364
     319
     370
     302
     333
     308
     297
     283
     298
     304
     252
     299
     289
     275
     267
     282
     297
     287
     275
     297
     276
     268
     287
     286
     279
     277
     253
     268
     295
     275
     279
     258
     262
     312
     314
     330
     295
     284
     273
     251
     259
     249
     240
     251
     264
     261
     272
     254
     250
     234
     265
     294
     325
     417
     756
    1427
    2336
    2685
    2186
    1218
     588
     381
     318
     292
     277
     282
     263
     276
     257
     256
     242
     275
     239
     243
     252
     245
     256
     227
     249
     234
     241
     246
     266
     253
     256
     250
     253
     240
     218
     236
     231
     229
     247
     216
     282
     266
     297
     308
     255
     230
     227
     219
     218
     242
     213
     244
     216
     206
     231
     232
     230
     226
     277
     251
     242
     230
     225
     205
     213
     219
     240
     219
     239
     240
     206
     194
     219
     193
     195
     206
     203
     213
     210
     225
     203
     192
     186
     225
     200
     181
     230
     192
     185
     184
     197
     206
     173
     180
     201
     212
     201
     172
     190
     190
     188
     183
     194
     206
     187
     192
     203
     198
     205
     220
     190
     198
     197
     210
     231
     186
     186
     240
     288
     413
     578
     682
     544
     437
     267
     216
     190
     200
     187
     193
     169
     189
     208
     182
     184
     170
     177
     192
     166
     188
     185
     158
     166
     164
     161
     173
     154
     188
     146
     164
     169
     166
     161
     153
     161
     170
     185
     166
     204
     236
     268
     242
     197
     186
     159
     144
     153
     157
     173
     151
     137
     174
     166
     165
     146
     160
     162
     149
     171
     157
     173
     171
     156
     139
     146
     131
     123
     140
     150
     146
     112
     130
     127
     143
     136
     129
     131
     150
     153
     125
     107
     137
     129
     136
     151
     134
     123
     131
     114
     131
     145
     128
     117
     145
     118
     145
     106
     136
     134
     102
     120
     133
     115
     121
     124
     132
     126
     134
     134
     112
     130
     144
     117
     131
     131
     145
     112
     128
     108
     135
     129
     126
     109
     107
     113
     118
     134
     114
     110
     132
     111
     104
     103
     119
     105
     120
     106
     120
      90
     117
     109
     107
     118
     132
     104
     120
     135
     128
     162
     162
     128
     120
     110
     108
     108
     101
     108
     102
     118
     104
     108
     114
     123
     104
     118
     119
     115
     120
     107
     113
     112
     125
     108
     139
     169
     186
     157
     149
     109
     104
      92
     115
      97
      86
     125
      98
      89
      75
     102
     100
      90
      85
      90
      85
     105
     110
      83
      92
      96
      89
      90
      77
      90
      83
     109
      85
      97
      98
      80
      83
     105
     111
      81
      83
      91
      98
      91
      88
      89
      77
      95
      81
      96
      97
      88
      85
      82
     105
      96
      80
     108
      88
      91
      85
      76
      94
      80
      78
      94
      78
      92
      86
     110
      81
      74
      86
      84
      93
      81
      81
      82
      76
      87
      89
      76
      70
      69
      76
      57
      85
      93
      76
      69
      66
      68
      65
      74
      63
      73
      82
      71
      82
      83
      83
     110
      81
      84
      62
      73
      66
      62
      65
      75
      81
      65
      67
      61
      52
      71
      70
      76
      83
      66
      71
      53
      73
      78
      73
      65
      71
      49
      64
      73
      62
      63
      66
      69
      61
      63
      63
      82
      67
      57
      62
      86
      63
      75
      63
      86
      65
      72
      57
      71
      63
      64
      54
      67
      77
      67
      80
      64
      69
      66
      65
      65
      75
      77
      53
      79
      74
      58
      72
      59
      82
      61
      71
      75
      93
     103
     129
     149
     151
     128
      87
      75
      66
      69
      63
      76
      85
      71
      61
      64
      69
      83
      97
     105
     200
     324
     546
     788
     705
     527
     264
     154
     102
      76
      65
      63
      65
      78
      54
      64
      71
      75
      61
      61
      68
      54
      80
      61
      70
      72
      47
      55
      67
      54
      66
      57
      55
      68
      50
      66
      62
      66
      64
      47
      65
      79
      70
      94
     140
     168
     222
     272
     271
     225
     205
     227
     257
     254
     178
     129
      69
      60
      53
      63
      65
      87
      95
     117
     117
      96
     102
     134
     163
     283
     527
     870
    1184
    1114
     777
     403
     191
     120
      94
      85
      87
      87
      60
      71
      67
      64
      69
      76
      70
      69
      55
      57
      60
      68
      58
      56
      74
      49
      44
      48
      57
      64
      47
      58
      48
      55
      60
      45
      41
      62
      61
      51
      48
      63
      60
      50
      49
      53
      56
      62
      46
      43
      55
      56
      60
      67
      56
      66
      65
      68
      81
     122
     146
     149
     131
      86
      53
      63
      45
      53
      48
      40
      49
      48
      46
      40
      53
      31
      52
      44
      53
      55
      46
      48
      47
      41
      38
      49
      51
      38
      57
      37
      39
      44
      50
      49
      54
      68
      92
     123
     173
     129
     104
      73
      67
      58
      45
      50
      45
      45
      43
      47
      32
      45
      49
      34
      59
      38
      51
      43
      47
      40
      44
      40
      43
      48
      53
      48
      45
      50
      38
      40
      41
      38
      42
      55
      32
      32
      43
      41
      39
      38
      52
      41
      46
      40
      34
      36
      48
      42
      35
      42
      41
      42
      42
      38
      47
      47
      47
      40
      42
      37
      29
      45
      36
      40
      39
      45
      58
      36
      43
      36
      36
      41
      40
      34
      33
      44
      41
      44
      45
      44
      38
      41
      37
      35
      39
      58
      36
      46
      39
      34
      39
      30
      43
      34
      46
      37
      42
      46
      36
      39
      34
      48
      43
      42
      39
      39
      46
      41
      33
      38
      40
      39
      33
      28
      43
      41
      49
      31
      36
      34
      37
      38
      34
      48
      40
      34
      54
      32
      63
      83
      97
      88
      85
      63
      40
      52
      46
      39
      48
      57
      35
      38
      31
      27
      34
      43
      33
      35
      38
      43
      46
      37
      34
      44
      42
      47
      39
      39
      32
      37
      26
      19
      32
      39
      26
      41
      34
      44
      34
      33
      36
      50
      34
      36
      43
      37
      33
      26
      30
      34
      43
      33
      25
      39
      31
      28
      34
      33
      33
      30
      36
      28
      39
      37
      41
      31
      30
      36
      34
      27
      36
      28
      40
      41
      36
      27
      30
      35
      38
      29
      29
      24
      32
      43
      42
      27
      28
      31
      28
      25
      31
      39
      34
      33
      32
      38
      30
      33
      31
      31
      37
      39
      31
      29
      24
      40
      26
      24
      42
      35
      28
      33
      33
      37
      32
      38
      30
      35
      34
      30
      24
      30
      37
      23
      36
      23
      29
      32
      28
      26
      39
      15
      39
      19
      26
      41
      32
      35
      31
      26
      27
      39
      24
      25
      14
      26
      28
      32
      34
      31
      37
      21
      32
      37
      31
      28
      34
      30
      26
      29
      23
      31
      30
      25
      29
      25
      25
      30
      26
      28
      21
      28
      23
      25
      26
      26
      25
      19
      25
      24
      22
      33
      28
      27
      22
      26
      19
      34
      35
      32
      28
      23
      24
      23
      21
      21
      28
      22
      36
      27
      20
      26
      17
      17
      22
      21
      20
      18
      14
      24
      23
      25
      26
      15
      25
      22
      21
      22
      26
      21
      21
      27
      19
      24
      27
      19
      21
      20
      24
      23
      27
      22
      22
      24
      26
      20
      23
      19
      24
      13
      19
      30
      21
      16
      27
      21
      29
      20
      21
      24
      22
      26
      25
      30
      20
      15
      24
      21
      19
      23
      25
      19
      20
      19
      20
      14
      20
      19
      16
      29
      18
      12
      17
      19
      27
      19
      32
      24
      35
      40
      44
      64
      49
      45
      36
      27
      30
      21
      18
      20
      24
      17
      19
      10
      22
      15
      23
      23
      23
      20
      23
      25
      20
      19
      12
      24
      17
      10
       8
      13
      18
      19
      18
      15
       8
      15
      18
      18
      18
      15
      14
      13
      19
      15
      17
      20
      20
      12
      22
      14
      16
      26
      52
      70
     115
     161
     165
     159
     137
      64
      54
      22
      20
      15
      27
      17
      24
      15
      16
      16
       8
      18
      16
      20
      18
      16
      12
      13
      14
      17
      21
      16
      11
      23
      17
      19
      21
      15
      15
      18
      19
      16
      13
      17
       9
       7
      15
      19
      16
      23
      16
      13
      16
      19
      16
      16
      13
      17
      11
      17
      13
      12
      12
      11
      10
      17
      15
      13
      25
      15
      15
      20
      25
      37
      53
      52
      48
      36
      33
      21
      16
      10
      11
      13
      15
       8
       8
      10
      14
       9
       5
      12
      12
      10
      12
      10
       8
       9
       9
      12
      11
      17
      14
      11
      11
      11
       6
      15
       7
       7
      13
      17
      16
      11
      10
      12
       8
      13
      14
      11
      11
       8
      11
       8
       7
      11
      11
       7
      12
       8
      10
      11
      14
      12
      23
      19
      28
      26
      22
      18
      13
      13
      13
       7
       7
      18
       8
      12
       8
      14
      12
      13
      17
      11
       9
       9
      10
      13
      10
      11
       7
       6
       8
      10
       8
      13
      10
      10
      15
      16
       8
      13
      16
      17
      25
      15
      11
      16
      15
      21
      19
      15
      20
      20
      15
      13
      17
       9
      19
      21
      34
      38
      56
      57
      77
      34
      45
      14
       9
       6
       9
      17
       7
       8
      12
      16
       8
      12
       9
      10
      10
      12
      13
       9
       9
      16
      13
       4
       5
       4
       6
       5
       7
       9
       9
      12
       6
       6
      10
       4
      12
       3
      11
      13
      10
      12
      11
      14
       8
      17
      20
      20
      22
      28
      23
      19
      15
       4
      13
      10
      14
       8
       6
      17
      12
       8
      19
      18
      29
      29
      56
      85
     173
     279
     317
     396
     310
     218
     103
      49
      39
      23
      25
      19
      12
      24
      10
      16
      14
      10
      23
       6
       8
       7
       5
      12
      11
       4
       8
      11
      13
      11
      11
      11
       4
       8
       8
       8
      10
       6
       7
       7
      11
       5
       6
       7
       9
      10
       7
       5
      14
       7
       6
       9
       7
       3
       8
      13
       8
       4
       8
       7
      13
       7
       2
       7
      11
       9
       7
       5
       4
       4
       6
       8
       8
       4
       7
       6
       4
      12
       6
      10
      10
       7
       4
       7
       5
      10
       8
      15
       8
       4
       5
       3
       7
       3
       8
       6
       4
       8
       7
       3
       5
       5
       4
       6
       7
       4
       8
       5
       4
       5
       1
       6
       5
       7
       6
       6
       7
       4
       8
       1
       8
      10
       5
       3
       6
       3
       5
       2
       5
       7
       8
       7
       6
       5
       9
       6
       5
       7
       6
       4
       3
       8
      10
       5
       3
       3
       7
       6
      13
       6
       6
       7
       5
       4
       4
       2
       5
       7
       3
       4
       5
       5
       5
       4
       5
       4
       5
       1
       3
       7
       7
       3
       6
       4
       5
       1
       0
       6
       0
       9
       3
       4
       6
       3
       2
       1
       6
       7
       1
       8
       6
       4
       3
       7
       6
       6
       4
       5
       8
       7
       3
       5
       6
       3
       2
       3
       5
       5
       4
       1
       5
       5
       0
       6
       4
       2
       4
       4
       7
       4
       7
       3
       3
       6
       4
       9
       5
       1
       6
       3
       2
       0
       7
       3
       2
       5
       3
       2
       6
       2
       3
       0
       2
       2
       3
       3
       7
       2
       0
       4
       6
       5
       4
       3
       4
       2
       2
       4
       4
       7
       5
       6
       4
       2
       3
       1
       6
       4
       4
       5
       2
       4
       8
      11
       9
       9
       8
       5
       3
       5
       1
       4
       3
       5
       5
       4
       6
       5
       1
       0
       3
       2
       5
       7
       3
       5
       2
       3
       5
       4
       3
       2
       5
       1
       2
       2
       4
       4
       3
       1
       2
       3
       3
       2
       5
       4
       5
       2
       2
       7
       7
       3
       3
       3
       1
       5
       2
       8
       4
       3
       4
       0
       4
       2
       2
       2
       2
      10
       7
      13
      13
      31
      33
      55
      70
      77
      48
      36
      19
      10
       8
       7
       8
       3
       6
       2
       5
       6
       4
       7
       9
       5
       6
       0
       6
       4
       7
       2
       6
       9
       5
       2
       3
       0
       7
       6
       5
       2
       4
       6
       2
       4
       4
       2
       1
       4
       3
       2
       0
       5
       2
       4
       3
       1
       3
       2
       3
       5
       0
       5
       5
       2
       5
       4
       6
       6
      17
       8
      10
       3
       4
       2
       2
       2
       3
       4
       2
       2
       1
       2
       2
       1
       2
       2
       2
       0
       3
       3
       5
       1
       2
       4
       1
       5
       5
       2
       3
       1
       2
       4
       3
       0
       1
       3
       3
       2
       3
       0
       2
       1
       3
       2
       2
       1
       0
       1
       3
       4
       1
       5
       1
       0
       2
       2
       1
       6
       1
       2
       4
       4
       3
       2
       2
       1
       3
       0
       3
       4
       2
       2
       1
       2
       2
       5
       2
       2
       2
       4
       2
       3
       2
       4
       3
       3
       2
       5
       1
       4
       3
       0
       3
       2
       2
       5
       2
       1
       0
       1
       0
       3
       3
       2
       2
       1
       2
       2
       2
       0
       2
       3
       1
       0
       2
       1
       1
       1
       5
       1
       1
       4
       4
       2
       2
       2
       2
       3
       4
       3
       3
       2
       1
       1
       0
       0
       1
       3
       1
       2
       1
       0
       0
       0
       0
       4
       1
       2
       2
       3
       2
       1
       0
       4
       3
       1
       2
       1
       2
       2
       1
       1
       1
       1
       3
       1
       0
       4
       2
       1
       2
       2
       3
       2
       0
       2
       2
       1
       1
       1
       2
       1
       1
       2
       1
       1
       1
       0
       1
       2
       2
       5
       0
       2
       4
       0
       2
       4
       0
       2
       3
       1
       1
       3
       2
       3
       1
       1
       2
       2
       1
       0
       2
       0
       1
       1
       1
       1
       1
       0
       1
       1
       0
       3
       2
       2
       1
       0
       3
       2
       1
       0
       2
       0
       4
       0
       1
       2
       1
       0
       0
       3
       2
       0
       3
       1
       1
       4
       0
       1
       3
       1
       3
       3
       0
       3
       1
       2
       0
       1
       0
       2
       3
       0
       2
       1
       1
       3
       2
       0
       1
       3
       2
       1
       0
       1
       0
       1
       1
       0
       2
       1
       1
       1
       3
       0
       1
       1
       1
       1
       1
       1
       0
       1
       2
       0
       1
       1
       3
       1
       1
       1
       0
       2
       3
       1
       0
       0
       2
       1
       2
       0
       3
       1
       1
       1
       1
       1
       3
       0
       2
       0
       2
       4
       1
       2
       4
       2
       1
       1
       0
       2
       0
       2
       0
       1
       3
       1
       3
       2
       1
       3
       3
       1
       3
       0
       0
       1
       0
       0
       1
       3
       1
       1
       0
       3
       0
       1
       0
       2
       1
       2
       1
       1
       1
       1
       0
       1
       0
       1
       2
       1
       0
       1
       1
       0
       0
       1
       1
       2
       3
       2
       2
       1
       3
       0
       3
       1
       2
       1
       1
       3
       2
       4
       1
       3
       0
       0
       0
       0
       2
       1
       0
       1
       0
       0
       1
       2
       1
       0
       0
       2
       1
       2
       1
       2
       0
       2
       0
       1
       1
       2
       1
       0
       1
       2
       0
       1
       0
       0
       2
       1
       0
       0
       0
       1
       0
       1
       1
       2
       0
       0
       2
       0
       0
       0
       0
       1
       1
       1
       2
       4
       0
       2
       0
       1
       3
       3
       2
       1
       3
       4
       0
       1
       1
       0
       1
       2
       1
       2
       0
       3
       0
       1
       2
       2
       2
       1
       1
       1
       2
       1
       1
       0
       0
       1
       0
       0
       1
       0
       0
       0
       1
       1
       0
       2
       2
       1
$ROI:
0
$PRESETS:
None
0
0
$ENER_FIT:
-0.17 0.50021
$MCA_CAL:
3
-0.17000 0.50021 0.00 keV
$SHAPE_CAL:
3
-0.765948053477 7.83958431117 -26.4079756712
$META:
{'istp': ['133CEm', '133CEg', '133LA', '132CE', '132LA', '139CE', '137CEg', '137CEm', '137LA', '135CE', '135LA', '134LA', '132CS', '7BE', '133BAm', '133BAg'], 'res': 0.05, 'R': 0.2, 'unc_eff': [[0.024053508436386758, -0.2517435071854035, 0.6502498581753428], [-0.25174350718540356, 2.65027007823169, -6.882714286693032], [0.6502498581753429, -6.882714286693032, 17.966849727438788]], 'alpha': 0.9}
