$SPEC_ID:
No sample description was entered.
$SPEC_REM:
DET# 9480
DETDESC# HPGE
AP# Maestro Version 7.01
$DATE_MEA:
10/16/2018 23:12:11
$MEAS_TIM:
900 906
$DATA:
0 4095
     150
     151
       0
       0
       0
       0
       0
       0
       0
       0
       0
       0
       0
       0
       0
       0
       0
       0
       0
       0
       0
       0
       0
       0
       0
       0
       0
       0
       0
       0
       0
       0
       0
       0
       0
       0
       0
       0
       0
       0
       0
       0
       0
       0
       0
       0
       0
       0
       0
       0
       0
       0
       0
       0
       0
       0
       0
       0
       0
       0
       0
       0
       0
       0
       0
       0
       0
       0
       0
       0
       0
       0
       0
       0
       0
       0
       0
       0
       0
       0
       0
       4
       8
      12
     375
     939
    1020
    1047
    1007
    1042
    1011
     993
    1004
    1069
    1005
     985
    1058
     967
     965
     983
     936
     958
     950
     977
     935
     971
     961
     981
     984
     983
     940
     947
     974
     979
     897
     941
     980
     987
     994
     971
     966
     940
     993
     938
     963
     915
     915
     917
     931
     911
     921
     990
     946
     932
     944
     974
     999
     951
     989
    1001
     964
     956
    1023
     926
     986
    1002
    1050
     989
     905
     991
    1113
    1047
     985
     981
     976
     921
    1015
     977
    1017
    1038
    1011
     990
    1010
     1000
    1060
    1077
    1029
    1092
    1033
    1030
    1143
    1107
    1003
    1137
    1328
    1302
    1090
    1318
    1592
    1153
    1058
    1059
    1114
    1031
    1107
    1149
    1043
    1142
    1149
    1048
    1168
    1018
    1111
    1117
    1103
    1154
    1079
    1160
    1143
    1149
    1188
    1114
    1156
    1184
    1227
    1211
    1244
    1191
    1193
    1183
    1188
    1281
    1316
    1239
    1232
    1291
    1309
    1301
    1316
    1275
    1397
    1249
    1289
    1301
    1353
    1334
    1347
    1399
    1372
    1432
    1417
    1372
    1392
    1466
    1507
    1487
    1793
    1732
    1740
    2636
    2519
    1522
    1445
    1434
    1449
    1505
    1482
    1444
    1424
    1420
    1492
    1543
    1445
    1530
    1463
    1496
    1473
    1495
    1528
    1547
    1585
    1618
    1569
    1607
    1621
    1615
    1784
    1642
    1655
    1642
    1625
    1616
    1621
    1632
    1649
    1616
    1550
    1561
    1668
    1571
    1613
    1587
    1571
    1559
    1601
    1536
    1472
    1544
    1549
    1447
    1479
    1481
    1484
    1475
    1413
    1340
    1473
    1404
    1420
    1456
    1339
    1334
    1355
    1271
    1302
    1280
    1321
    1288
    1301
    1290
    1245
    1224
    1284
    1224
    1267
    1269
    1231
    1252
    1297
    1220
    1182
    1195
    1222
    1212
    1155
    1152
    1133
    1158
    1120
    1146
    1129
    1131
    1147
    1103
    1104
    1158
    1119
    1118
    1164
    1135
    1109
    1082
    1122
    1123
    1101
    1096
    1080
    1110
    1091
    1126
    1075
    1082
    1090
    1107
    1064
    1106
    1144
    1185
    1109
    1098
    1058
    1054
    1093
    1050
    1074
    1063
    1064
    1094
    1114
    1055
    1086
    1050
    1097
    1032
    1050
     990
    1047
    1037
    1016
    1026
    1015
    1028
    1067
    1052
     988
    1032
     959
     985
     965
     969
     997
     939
     914
    1005
     939
     937
     976
     928
     987
     927
     925
     975
    1010
     947
     948
     943
     932
     874
     934
     854
     957
    1087
    2557
    7003
    6249
    1847
     905
     842
     810
     842
     817
     767
     813
     793
     810
     787
     749
     782
     734
     772
     784
     778
     776
     786
     852
     703
     771
     739
     753
     734
     723
     798
     793
     757
     716
     742
     770
     768
     771
     765
     818
     719
     721
     749
     729
     774
     740
     747
     691
     736
     705
     768
     736
     663
     662
     720
     706
     679
     714
     700
     729
     740
     724
     742
     720
     741
     718
     743
     693
     715
     688
     692
     717
     708
     769
     693
     737
     722
     693
     705
     712
     733
     726
     695
     679
     693
     742
     669
     696
     680
     637
     673
     658
     643
     648
     681
     687
     777
    1137
    1607
    1116
     692
     668
     662
     584
     644
     620
     580
     590
     595
     588
     626
     559
     592
     581
     654
     648
     728
     896
    1677
    7492
   23884
   24162
    6320
     872
     768
     932
     703
     500
     429
     435
     484
     482
     402
     446
     428
     493
     467
     464
     421
     467
     481
     631
     553
     483
     436
     450
     441
     423
     410
     405
     426
     420
     428
     422
     410
     407
     420
     392
     406
     401
     382
     427
     395
     413
     383
     431
     379
     394
     409
     405
     387
     404
     372
     387
     383
     377
     387
     391
     416
     354
     386
     399
     363
     411
     408
     472
     564
    1122
    4192
   11693
   11738
    3438
     574
     356
     343
     311
     334
     331
     356
     365
     345
     306
     278
     305
     350
     305
     315
     331
     328
     283
     337
     329
     304
     304
     295
     352
     322
     320
     287
     311
     316
     317
     286
     289
     271
     323
     303
     325
     358
     332
     309
     309
     295
     308
     318
     285
     319
     290
     297
     307
     305
     315
     316
     305
     289
     350
     338
     390
     319
     302
     314
     286
     306
     298
     307
     302
     280
     289
     304
     333
     282
     294
     292
     303
     274
     302
     293
     325
     312
     295
     272
     310
     285
     305
     293
     378
     335
     295
     297
     284
     260
     279
     293
     301
     285
     273
     269
     240
     242
     286
     246
     243
     273
     262
     259
     274
     254
     287
     289
     273
     293
     269
     279
     257
     285
     274
     247
     288
     264
     209
     273
     259
     277
     297
     285
     274
     287
     250
     268
     261
     235
     245
     268
     270
     249
     242
     282
     256
     259
     269
     277
     260
     229
     247
     280
     264
     238
     269
     278
     251
     248
     250
     268
     236
     247
     284
     283
     349
     632
     858
     555
     310
     282
     258
     261
     252
     266
     253
     245
     236
     250
     267
     289
     276
     412
     475
     398
     315
     228
     252
     247
     260
     245
     237
     259
     251
     238
     236
     241
     253
     260
     269
     227
     262
     305
     373
     376
     291
     311
     358
     301
     242
     208
     242
     231
     199
     224
     239
     222
     227
     227
     236
     229
     217
     215
     207
     233
     216
     210
     215
     220
     210
     217
     221
     208
     183
     202
     247
     233
     214
     227
     247
     205
     243
     223
     234
     196
     215
     204
     195
     237
     205
     220
     191
     196
     186
     188
     215
     185
     200
     224
     183
     214
     226
     182
     214
     190
     182
     193
     192
     184
     195
     177
     181
     189
     201
     181
     194
     182
     178
     193
     163
     185
     182
     167
     165
     174
     164
     169
     196
     170
     182
     162
     170
     194
     155
     137
     167
     184
     179
     183
     164
     196
     250
     267
     193
     156
     170
     153
     184
     167
     162
     135
     147
     172
     162
     157
     153
     153
     158
     137
     142
     138
     137
     143
     144
     184
     185
     164
     154
     158
     134
     170
     145
     167
     143
     140
     141
     138
     196
     179
     151
     141
     134
     164
     139
     152
     150
     140
     130
     125
     140
     156
     123
     141
     147
     152
     151
     149
     143
     145
     125
     180
     139
     149
     151
     154
     155
     175
     239
     336
     337
     212
     164
     216
     393
     586
     616
     338
     201
     176
     158
     179
     214
     196
     167
     138
     134
     129
     149
     128
     113
     127
     110
     138
     114
     138
     123
     112
     123
     129
     121
     129
      95
     132
     121
     137
     126
     102
     101
     115
     125
     117
     123
     116
     120
     131
     114
     110
     119
     136
     137
     140
     121
     108
     127
     136
     160
     195
     233
     285
     341
     292
     279
     207
     153
     135
     128
     143
     153
     161
     176
     246
     567
    1691
    3508
    3261
    1382
     305
     151
     105
     100
     105
     100
     111
     101
     104
     106
     112
      89
     125
     102
      96
     102
     101
     124
     160
     116
      99
      92
     123
     106
     114
      94
     108
     107
     114
      98
      79
      98
      93
      99
      96
      86
      93
     105
     101
      97
     106
     100
      90
     106
     107
     118
     101
     103
      84
     105
     110
     132
     172
     249
     248
     138
      98
      94
      98
      96
      86
     105
     102
      93
      95
      93
     104
      90
      90
     102
      94
     102
      79
      85
      81
      93
     106
     100
     109
      82
     103
      78
     111
     100
     113
      98
     135
     128
     129
     115
      98
      99
      78
     130
     203
     220
     193
     122
     104
     101
     106
     116
     157
     309
     776
    1857
    2450
    1474
     481
     151
     103
      98
     137
     271
     616
    1053
    1166
     610
     186
     102
      89
      94
      72
      92
      75
      79
      84
      81
      69
      92
      91
     100
      90
      71
      78
      96
     102
      88
      92
      75
      83
      72
      84
      84
      82
      66
      93
      80
      83
      92
      82
      70
      82
      74
      80
      78
      71
      78
      73
      69
      89
      68
      65
      77
      74
      75
      96
     120
     194
     358
     656
     714
     714
    1451
    3054
    3793
    2525
     770
     159
      64
      68
      63
      54
      72
      64
      64
      46
      53
      71
      54
      56
      58
      77
      55
      58
      56
      67
      45
      52
      56
      76
      57
      46
      86
     132
     135
      98
      67
      44
      53
      49
      69
      45
      55
      34
      55
      48
      56
      53
      51
      50
      52
      52
      44
      41
      44
      54
      46
      52
      46
      51
      46
      51
      48
      58
      43
      36
      44
      45
      56
      53
      53
      44
      51
      54
      45
      51
      37
      38
      38
      45
      46
      39
      34
      42
      41
      42
      48
      37
      43
      53
      41
      53
      47
      46
      50
      31
      50
      36
      26
      46
      50
      51
      44
      41
      44
      42
      37
      53
      43
      44
      37
      45
      47
      47
      53
      41
      57
      61
      51
     133
     253
     455
     625
     462
     191
      54
      33
      50
      38
      30
      35
      35
      28
      38
      22
      29
      42
      32
      37
      33
      38
      40
      40
      35
      35
      36
      35
      35
      27
      41
      24
      33
      33
      29
      38
      31
      44
      37
      79
      92
      81
      40
      31
      28
      30
      28
      41
      40
      23
      31
      29
      36
      32
      26
      27
      30
      38
      26
      32
      41
      27
      37
      22
      23
      28
      34
      26
      34
      32
      24
      22
      21
      28
      36
      31
      27
      16
      25
      22
      33
      18
      28
      29
      31
      25
      28
      23
      29
      34
      25
      28
      21
      35
      28
      22
      30
      25
      27
      28
      17
      23
      22
      25
      25
      30
      40
      42
      75
      84
      81
      38
      22
      15
      18
      22
      19
      24
      15
      20
      26
      29
      18
      25
      19
      22
      42
      32
      31
      28
      21
      14
      22
      16
      18
      20
      26
      21
      18
      13
      18
      11
      19
      19
      23
      29
      23
      26
      27
      30
      27
      15
      16
      19
      30
      11
      20
      16
      22
      18
      21
      22
      24
      18
      17
      26
      15
      26
      17
      27
      17
      19
      16
      25
      22
      23
      21
      18
      15
      11
      16
      15
      22
      17
      15
      11
      23
      19
      20
      13
      14
      14
       9
      13
      17
      10
      25
      16
      14
      17
      15
      20
      19
      14
      23
      18
      22
      17
      14
      20
      26
      16
      21
      21
      22
      32
      27
      40
      62
      82
      53
      39
      26
      24
      29
      30
      56
      71
      61
      26
      43
      22
      24
      45
      70
     105
     331
     799
    1387
    1399
     811
     264
      61
      18
      10
      18
      12
      11
      14
      16
       9
      13
      12
      11
      12
      18
       9
      11
       7
      10
       9
      12
       9
      12
      12
      14
      13
      16
       7
      12
       9
       3
       8
       7
      10
      11
      12
      14
       4
       8
      12
      13
       6
       8
      14
       7
       9
       2
      10
      13
      17
      10
      14
      14
      15
      14
      12
      14
       6
      11
      19
      23
      30
      36
      26
      19
      14
       5
      13
      17
      11
      15
      10
      14
      11
      14
      15
       8
      21
      11
      15
      23
      20
      28
      50
     106
     252
     496
     686
     533
     232
      81
      23
      20
      13
      16
      16
      12
      15
      20
      22
      19
      20
      11
       9
       5
       5
       5
       9
      10
      10
      13
      10
       8
       8
       3
       8
       8
       5
      13
      20
      32
      22
      25
      14
       7
       7
       6
      16
       7
       4
       8
      12
       6
       3
       6
      11
      10
       3
       9
      12
       9
      10
      11
       7
       5
      14
       8
       5
      11
      11
       8
      10
       8
      11
       8
       7
       5
      11
      10
      13
      10
      11
       6
      10
      13
      12
      19
       8
      18
      35
      61
     161
     292
     404
     301
     169
      44
      10
      15
      21
      17
      24
       8
       7
       9
       9
       9
       3
      10
      11
       7
       9
       3
       6
       6
       9
       8
       7
       6
       6
      10
       5
       5
       6
       8
      11
       2
       5
       4
       8
       3
       5
       6
       5
       8
       7
      13
       5
      14
      16
      13
       7
       7
       6
      11
       5
      11
       5
       8
       4
       7
      14
      12
       9
      12
      13
      15
      11
      22
      45
      75
     139
     186
     156
      84
      26
       3
       5
       8
       6
       3
       4
       6
       6
       5
       6
       7
       5
       9
       6
       8
       7
       9
       6
       3
       7
       7
       7
       9
       7
       4
       6
       5
      12
       7
       8
      11
       5
      10
      11
      11
      12
      12
       7
       8
       6
       5
       9
       3
       4
       6
       4
       3
      10
       6
       6
       5
      10
      11
       9
       7
       7
       7
       8
       7
       7
       8
       8
       4
       5
       3
       4
       8
       9
       5
       7
      10
       7
       5
       6
       7
       4
       5
       3
      10
       9
       6
       8
       5
       6
       7
       3
       6
       8
       1
      11
       8
       4
       6
       2
       5
       3
       7
      10
       7
       9
       7
       7
       7
       8
       9
       5
       9
       6
       9
       5
      15
      18
      21
      44
      35
      30
      15
       9
       7
       9
       3
       3
       3
       5
       3
       6
       3
       5
       5
       3
       6
       4
       7
       7
       6
       9
       2
       4
       8
       5
       3
       3
       2
       5
       3
       7
      10
       4
       2
       6
       6
       9
      20
      13
      17
      11
       2
       5
       3
       4
       2
       2
       3
       8
       4
       4
       6
       7
       4
       3
       5
       7
       7
       3
      10
       1
       0
       9
       2
       3
       3
       4
       1
       5
       7
       5
       3
       3
       4
       3
       6
       3
       4
       3
       4
       3
       4
       3
       4
      10
       9
       3
       6
       2
       3
       5
       4
       2
       2
       3
       5
       2
       2
       5
       3
       3
       2
       2
       2
       2
       7
       9
       6
       3
      10
       7
       5
       6
       3
       2
       4
       1
       4
       0
       1
       3
       3
       5
       5
       4
       8
       0
       2
       2
       3
       1
       2
       5
       4
       6
       3
       3
       5
       2
       2
       1
       4
       4
       7
       4
       8
      10
      12
      11
       5
       2
       3
       3
       1
       5
       2
       2
       5
       4
       4
       4
       5
       4
       1
       5
       1
       1
       6
       7
       5
       7
       9
       6
       9
       8
      10
       3
       6
       2
       1
       4
       2
       7
       0
       4
       3
       3
       2
       4
       3
       4
       4
       1
       3
       5
       3
       4
       0
       5
       1
       3
       4
       2
       3
       3
       0
       3
       3
       2
       3
       1
       3
       5
       0
       3
       7
       2
       3
       3
       2
       0
       4
       3
       2
       2
       2
       4
       3
       2
       2
       3
       5
       1
       3
       1
       1
       1
       6
       4
       5
       4
       2
       1
       3
       1
       1
       0
       3
       2
       3
       3
       1
       2
       2
       1
       3
       2
       2
       0
       0
       6
       2
       2
       1
       1
       1
       3
       0
       4
       4
       7
       4
       7
       2
       5
       3
       1
       2
       4
       4
       2
       2
       1
       3
       3
       1
       5
       3
       3
       2
       3
       1
       0
       2
       2
       5
       1
       5
       2
       3
       1
       2
       4
       3
       4
       1
       2
       0
       4
       0
       3
       1
       0
       2
       1
       2
       3
       2
       2
       2
       5
       2
       2
       3
       1
       1
       0
       6
       2
       0
       1
       3
       3
       3
       3
       1
       5
       4
       2
       3
       4
       1
       1
       5
       2
       5
       2
       7
       6
       8
       3
       1
       2
       2
       1
       6
       1
       2
       3
       5
       4
       5
       6
       6
       8
      16
      28
      40
      51
      49
      32
      14
       8
       0
       3
       1
       4
       5
       4
       7
       1
       1
       0
       2
       3
       1
       4
       3
       2
       3
       1
       1
       3
       1
       4
       5
       2
       5
       1
       5
       1
       3
       1
       1
       2
       5
       1
       2
       4
       2
       8
      16
      18
      23
      16
      12
      16
      18
      16
       7
       8
       2
       2
       1
       2
       0
       4
       7
       6
       6
       5
       8
       6
      12
      22
      30
      52
      76
      66
      51
      44
       9
       1
       4
       2
       1
       1
       2
       4
       2
       1
       2
       2
       2
       2
       2
       2
       0
       1
       1
       2
       0
       0
       1
       1
       2
       1
       2
       1
       2
       1
       0
       4
       1
       3
       0
       3
       4
       0
       0
       0
       1
       2
       4
       2
       1
       1
       1
       1
       4
       0
       1
       2
       1
       6
       6
       6
      10
       3
       7
       6
       2
       1
       5
       1
       3
       3
       3
       1
       0
       4
       2
       3
       3
       0
       2
       3
       1
       1
       0
       3
       0
       4
       2
       3
       2
       1
       3
       2
       3
       3
       4
       3
       5
      11
      11
       8
       8
       5
       2
       2
       0
       1
       2
       5
       1
       1
       2
       0
       3
       3
       4
       4
       1
       2
       3
       0
       0
       3
       1
       3
       0
       3
       2
       0
       1
       1
       2
       2
       3
       1
       0
       1
       2
       1
       4
       6
       4
       1
       2
       2
       2
       3
       3
       2
       1
       1
       1
       1
       0
       2
       0
       3
       1
       2
       0
       1
       0
       3
       0
       1
       0
       0
       3
       2
       4
       2
       1
       2
       4
       1
       3
       1
       1
       2
       0
       1
       1
       3
       1
       0
       3
       1
       3
       3
       2
       2
       1
       1
       2
       1
       0
       1
       1
       0
       0
       2
       0
       0
       2
       3
       1
       0
       1
       1
       3
       1
       2
       4
       0
       0
       0
       1
       3
       1
       6
       1
       2
       2
       3
       1
       3
       0
       1
       4
       2
       4
       7
      11
       1
       3
       1
       3
       2
       0
       2
       1
       3
       1
       0
       1
       2
       2
       1
       3
       0
       0
       1
       1
       1
       3
       2
       3
       1
       2
       1
       1
       2
       1
       1
       1
       2
       1
       1
       1
       0
       1
       2
       4
       2
       4
       1
       4
       0
       0
       1
       3
       1
       2
       1
       1
       3
       2
       1
       3
       4
       2
       1
       3
       4
       0
       0
       2
       1
       1
       2
       4
       1
       6
       2
       2
       1
       0
       3
       1
       3
       2
       2
       1
       2
       1
       2
       1
       0
       1
       1
       0
       5
       4
       1
       1
       2
       1
       1
       0
       1
       2
       0
       5
       1
       3
       1
       2
       2
       3
       0
       1
       2
       2
       0
       0
       2
       4
       0
       0
       2
       0
       1
       1
       3
       0
       1
       1
       1
       2
       3
       0
       0
       1
       0
       0
       1
       1
       2
       0
       2
       1
       0
       2
       1
       3
       2
       1
       0
       0
       0
       0
       3
       1
       0
       3
       1
       3
       2
       0
       2
       3
       0
       2
       0
       3
       3
       2
       0
       2
       3
       2
       1
       1
       1
       2
       2
       2
       1
       0
       0
       0
       1
       0
       0
       0
       3
       0
       1
       1
       2
       1
       0
       1
       1
       0
       1
       1
       1
       0
       1
       0
       0
       1
       0
       2
       2
       0
       2
       1
       0
       0
       0
       0
       1
       0
       1
       1
       0
       2
       1
       1
       1
       0
       2
       1
       0
       1
       1
       0
       0
       0
       2
       1
       0
       0
       1
       1
       0
       0
       3
       0
       2
       2
       2
       2
       2
       0
       1
       1
       1
       0
       0
       1
       0
       1
       2
       3
       3
       1
       0
       2
       0
       1
       2
       1
       1
       1
       3
       2
       1
       0
       0
       0
       0
       0
       3
       1
       0
       1
       1
       5
       5
       2
       4
       1
       0
       2
       2
       1
       0
       0
       2
       2
       0
       0
       1
       0
       0
       0
       0
       0
       2
       1
       0
       1
       1
       1
       1
       0
       1
       1
       1
       0
       1
       0
       0
       0
       2
       0
       0
       3
       0
       5
       1
       2
       1
       0
       2
       1
       0
       2
       0
       3
       1
       1
      12
       9
      17
       7
       6
       1
       1
       2
       0
       1
       0
       0
       1
       0
       0
       0
       1
       1
       0
       0
       2
       0
       0
       0
       0
       0
       1
       1
       1
       0
       0
       0
       1
       0
       0
       1
       1
       0
       0
       0
       0
       0
       0
       1
       0
       0
       0
       1
       0
       3
       0
       2
       0
       1
       1
       1
       0
       0
       0
       1
       1
       0
       1
       1
       0
       0
       0
       1
       1
       5
       1
       4
       4
       3
       1
       0
       0
       1
       0
       0
       2
       1
       0
       0
       0
       1
       1
       0
       0
       0
       0
       0
       0
       0
       1
       2
       1
       1
       0
       0
       0
       0
       0
       0
       1
       0
       0
       1
       1
       1
       0
       1
       0
       0
       1
       1
       0
       0
       0
       1
       1
       0
       1
       0
       2
       0
       0
       1
       1
       0
       4
       1
       0
       3
       0
       0
       0
       1
       0
       1
       0
       1
       0
       0
       0
       0
       0
       0
       1
       0
       1
       0
       0
       0
       1
       1
       2
       1
       0
       0
       0
       0
       2
       0
       0
       0
       1
       0
       1
       0
       1
       2
       0
       1
       0
       0
       0
       1
       0
       0
       1
       1
       0
       2
       0
       0
       1
       3
       6
       3
       2
       1
       3
       3
       0
       0
       0
       0
       0
       1
       1
       1
       0
       0
       1
       0
       0
       2
       0
       0
       0
       0
       0
       0
       0
       0
       0
       0
       1
       2
       1
       0
       0
       0
       2
       1
       0
       0
       0
       0
       0
       1
       1
       0
       0
       0
       2
       0
       3
       1
       1
       2
       2
       0
       0
       0
       0
       1
       3
       0
       1
       1
       5
       2
       0
       2
       7
       9
      14
      26
      40
      37
      18
      21
      10
       7
       2
       1
       1
       0
       0
       1
       0
       0
       0
       1
       0
       0
       0
       0
       0
       1
       0
       0
       1
       1
       0
       0
       0
       1
       1
       1
       0
       0
       0
       0
       2
       1
       0
       0
       0
       0
       0
       0
       0
       0
       0
       0
       0
       0
       0
       0
       1
       0
       0
       0
       0
       1
       0
       1
       0
       1
       0
       0
       0
       0
       0
       0
       0
       0
       1
       0
       0
       0
       0
       0
       0
       0
       0
       0
       0
       0
       0
       0
       0
       1
       0
       1
       0
       0
       0
       0
       1
       0
       1
       0
       1
       0
       1
       0
       0
       0
       0
       0
       0
       2
       0
       0
       0
       0
       0
       0
       0
       0
       0
       0
       0
       0
       1
       1
       0
       0
       0
       0
       0
       0
       0
       0
       0
       0
       0
       0
       0
       0
       1
       0
       1
       0
       0
       0
       0
       1
       0
       0
       0
       0
       0
       0
       0
       0
       0
       0
       0
       0
       0
       0
       0
       0
       0
       0
       1
       0
       0
       0
       0
       0
       0
       0
       0
       0
       0
       1
       1
       0
       0
       0
       2
       0
       0
       0
       0
       0
       0
       1
       0
       0
       1
       0
       0
       0
       0
       0
       0
       0
       0
       0
       1
       0
       0
       0
       0
       0
       0
       0
       0
       0
       0
       0
       0
       1
       0
       0
       0
       1
       0
       0
       0
       0
       0
       0
       0
       0
       0
       0
       1
       0
       2
       0
       0
       0
       0
       0
       0
       1
       0
       0
       0
       0
       0
       0
       0
       0
       0
       0
       0
       0
       0
       0
       0
       0
       0
       0
       0
       0
       0
       0
       1
       0
       0
       0
       0
       1
       0
       0
       1
       0
       0
       1
       0
       0
       0
       0
       0
       0
       0
       0
       0
       0
       0
       0
       0
       0
       0
       0
       0
       0
       1
       1
       0
       0
       0
       0
       0
       0
       0
       0
       1
       0
       1
       1
       0
       0
       0
       0
       0
       0
       0
       1
       0
       1
       0
       0
       0
       0
       1
       0
       1
       1
       0
       0
       0
       0
       0
       1
       0
       0
       0
       0
       0
       0
       1
       0
       0
       0
       0
       0
       2
       0
       0
       1
       5
       8
       7
       6
       1
       7
       1
       0
       0
       0
       0
       1
       0
       0
       0
       0
       0
       0
       1
       0
       0
       0
       0
       0
       0
       0
       0
       0
       0
       0
       0
       0
       0
       0
       0
       0
       0
       0
       0
       0
       1
       0
       0
       0
       0
       0
       0
       0
       0
       0
       0
       0
       0
       0
       0
       0
       0
       0
       0
       1
       0
       1
       0
       1
       1
       1
       2
       0
       0
       1
       0
       0
       0
       0
       0
       0
       0
       0
       0
       0
       0
       0
       0
       0
       1
       0
       0
       1
       0
       0
       0
       0
       0
       0
       0
       0
       0
       0
       0
       0
       0
       0
       0
       0
       0
       0
       0
       0
       0
       0
       0
       0
       0
       0
       0
       0
       0
       1
       1
       0
       0
       0
       0
       1
       2
       0
       0
       1
       0
       0
       0
       0
       1
       0
       1
       0
       0
       0
       0
       0
       0
       0
       0
       0
       0
       0
       0
       0
       0
       0
       0
       2
       0
       0
       0
       0
       1
       0
       0
       0
       0
       0
       0
       0
       0
       0
       0
       0
       0
       0
       0
       0
       0
       0
       1
       0
       0
       0
       0
       0
       0
       0
       0
       0
       0
       0
       0
       0
       0
       0
       0
       1
       0
       0
       0
       0
       0
       0
       0
       0
       0
       0
       0
       0
       0
       0
       0
       0
       0
       0
       0
       0
       0
       0
       1
       0
       0
       0
       0
       0
       1
       0
       0
       0
       1
       0
       0
       0
       0
       0
       0
       0
       0
       0
       0
       0
       0
       0
       0
       0
       0
       0
       0
       0
       0
       0
       0
       0
       0
       0
       0
       0
       0
       0
       0
       0
       0
       0
       0
       0
       0
       0
       0
       0
       1
       1
       0
       1
       0
       0
       0
       0
       0
       0
       0
       0
       0
       0
       0
       0
       0
       0
       0
       1
       0
       0
       0
       0
       0
       0
       0
       0
       0
       0
       0
       1
       0
       0
       0
       0
       0
       0
       0
       0
       0
       0
       0
       0
       0
       0
       0
       0
       0
       0
       0
       0
       0
       1
       0
       0
       0
       0
       0
       0
       0
       1
       0
       0
       0
       0
       0
       0
       0
       0
       0
       0
       0
       0
       0
       1
       0
       0
       0
       0
       0
       0
       0
       0
       0
       0
       0
       0
       0
       0
       0
       0
       1
       0
       0
       0
       0
       0
       0
       1
       0
       0
       0
       0
       0
       0
       0
       0
       1
       0
       0
       0
       0
       0
       1
       1
       0
       0
       0
       0
       0
       0
       0
       0
       0
       0
       0
       0
       0
       0
       0
       0
       0
       1
       0
       0
       0
       0
       0
       0
       0
       0
       0
       0
       0
       0
       0
       0
       0
       0
       0
       0
       0
       0
       0
       0
       0
       0
       0
       0
       0
       0
       0
       0
       0
       0
       1
       1
       0
       0
       0
       0
       0
       0
       0
       0
       0
       0
       0
       0
       0
       0
       0
       0
       0
       0
       0
       0
       0
       0
       1
       0
       0
       0
       0
       0
       0
       1
       0
       0
       0
       0
       0
       0
       0
       0
       0
       0
       0
       0
       0
       0
       0
       0
       0
       0
       0
       0
       0
       0
       0
       0
       0
       0
       0
       0
       0
       0
       0
       0
       0
       0
       1
       0
       0
       1
       0
       0
       0
       0
       0
       0
       0
       0
       0
       0
       0
       0
       0
       0
       0
       0
       0
       0
       0
       0
       0
       0
       0
       0
       0
       0
       0
       0
       0
       0
       0
       1
       0
       0
       0
       0
       0
       0
       0
       1
       0
       0
       0
       0
       0
       1
       0
       0
       0
       0
       0
       0
       0
       0
       0
       0
       0
       0
       0
       0
       0
       0
       0
       1
$ROI:
0
$PRESETS:
None
0
0
$ENER_FIT:
-0.17 0.50021
$MCA_CAL:
3
-0.17000 0.50021 0.00 keV
$SHAPE_CAL:
3
-0.765948053477 7.83958431117 -26.4079756712
$META:
{'istp': ['133CEm', '133CEg', '133LA', '132CE', '132LA', '139CE', '137CEg', '137CEm', '137LA', '135CE', '135LA', '134LA', '132CS', '7BE', '133BAm', '133BAg'], 'res': 0.05, 'R': 0.2, 'unc_eff': [[0.024053508436386758, -0.2517435071854035, 0.6502498581753428], [-0.25174350718540356, 2.65027007823169, -6.882714286693032], [0.6502498581753429, -6.882714286693032, 17.966849727438788]], 'alpha': 0.9}
