$SPEC_ID:
No sample description was entered.
$SPEC_REM:
DET# 9480
DETDESC# HPGE
AP# Maestro Version 7.01
$DATE_MEA:
10/16/2018 23:29:19
$MEAS_TIM:
900 1013
$DATA:
0 4095
     150
     169
       0
       0
       0
       0
       0
       0
       0
       0
       0
       0
       0
       0
       0
       0
       0
       0
       0
       0
       0
       0
       0
       0
       0
       0
       0
       0
       0
       0
       0
       0
       0
       0
       0
       0
       0
       0
       0
       0
       0
       0
       0
       0
       0
       0
       0
       0
       0
       0
       0
       0
       0
       0
       0
       0
       0
       0
       0
       0
       0
       0
       0
       0
       0
       0
       0
       0
       0
       0
       0
       0
       0
       0
       0
       0
       0
       0
       0
       0
       9
     124
     413
    1439
    7539
   11772
   11791
   11731
   11856
   11798
   11957
   11621
   11512
   11403
   11607
   11422
   11474
   11141
   11259
   11314
   11123
   11283
   11194
   11100
   10987
   11027
   11128
   11008
   11018
   11067
   10806
   10776
   10965
   10891
   10980
   10691
   10750
   10803
   10948
   10710
   10689
   10533
   10726
   10577
   10567
   10743
   10480
   10698
   10427
   10691
   10684
   10594
   10646
   10771
   10622
   10671
   10689
   10530
   10795
   10854
   10835
   10685
   10778
   10834
   11002
   11328
   11609
   10930
   10798
   11412
   12257
   11322
   10665
   10706
   10756
   10927
   10933
   10728
   10822
   10983
   10846
   11141
   11162
   11126
   11243
   11473
   11507
   11486
   11609
   12125
   12486
   11983
   12091
   13095
   15016
   13502
   12725
   15675
   15915
   12650
   12170
   12062
   12336
   12231
   12475
   12417
   12573
   12364
   12677
   12863
   13058
   12993
   12869
   13137
   13224
   13284
   13329
   13454
   13692
   13734
   13767
   13954
   14233
   14021
   14178
   14426
   14122
   14383
   14486
   14634
   14760
   14685
   14846
   15040
   15002
   15182
   15187
   15454
   15597
   15482
   15645
   15378
   15758
   15886
   15904
   16091
   15937
   15922
   16180
   16483
   16540
   16483
   16748
   16893
   17099
   18169
   20814
   19815
   22231
   30707
   25105
   17944
   17275
   17205
   17268
   17343
   17386
   17069
   17415
   17529
   17474
   17614
   17560
   17554
   17673
   18016
   17942
   17915
   18039
   18044
   18496
   18248
   19001
   19097
   19216
   19778
   20796
   19944
   19507
   19561
   19253
   19027
   18898
   19151
   19046
   18926
   18899
   19005
   19157
   19086
   19101
   19057
   19096
   19014
   19014
   18796
   18481
   18565
   18385
   18308
   18637
   18355
   18261
   18281
   17931
   18146
   18026
   17893
   17817
   17511
   17447
   17633
   17273
   17346
   16900
   16991
   16774
   16770
   16893
   16768
   16680
   16757
   16394
   16532
   16436
   16072
   16274
   16318
   16000
   15753
   15791
   15591
   15360
   15579
   15138
   15506
   15492
   15132
   15181
   14739
   15012
   15219
   14980
   14931
   14514
   14758
   14727
   14796
   15183
   15490
   14931
   14709
   14713
   14693
   14877
   14585
   14512
   14549
   14644
   14639
   14317
   14512
   14683
   14630
   14359
   14971
   15200
   15184
   15071
   14903
   14449
   14577
   14650
   14583
   14740
   14494
   14356
   14533
   14470
   14278
   14197
   14106
   14186
   14119
   14193
   13855
   13839
   13833
   13702
   13523
   13420
   13223
   13229
   13194
   13167
   12924
   13093
   12931
   12811
   12631
   12670
   12777
   12235
   12410
   12160
   12182
   11981
   12153
   11741
   11643
   11568
   11864
   11960
   11343
   11447
   11259
   11031
   11081
   11257
   11164
   11581
   15328
   39012
   75173
   50009
   16944
   11228
   10556
   10073
   10134
    9848
    9748
    9733
    9447
    9544
    9515
    9409
    9084
    9306
    8972
    8829
    8825
    8884
    8610
    8760
    8581
    8640
    8563
    8497
    8522
    8507
    8544
    8493
    8310
    8151
    8192
    7930
    8132
    8007
    7949
    7719
    7865
    7771
    7856
    7726
    7623
    7581
    7533
    7693
    7447
    7574
    7468
    7477
    7421
    7385
    7312
    7381
    7416
    7175
    7305
    7309
    7072
    7305
    7097
    7202
    7038
    7153
    7082
    7041
    6969
    6952
    7135
    6872
    6837
    6881
    6851
    6742
    6807
    6944
    6763
    6907
    6947
    6800
    6850
    6854
    6828
    7007
    6797
    6840
    6938
    6979
    6782
    6813
    6903
    6942
    6865
    7236
    9095
   16305
   19113
   11448
    7391
    7116
    6825
    6875
    6851
    6696
    6940
    6695
    6913
    6872
    6706
    6974
    7013
    6965
    7192
    7556
    8401
   10850
   26580
  114603
  256397
  188727
   47888
   13751
   12535
   12495
    9392
    7713
    6921
    6635
    6639
    6598
    6393
    6372
    6332
    6026
    6197
    6050
    5939
    6146
    7053
    7909
    7026
    6109
    5983
    5906
    5716
    5721
    5782
    5623
    5576
    5524
    5712
    5588
    5511
    5527
    5449
    5490
    5611
    5436
    5556
    5533
    5324
    5469
    5500
    5444
    5391
    5367
    5319
    5391
    5271
    5256
    5369
    5292
    5306
    5235
    5327
    5273
    5256
    5245
    5281
    5372
    5384
    5547
    5687
    6165
    7956
   17631
   61390
  126664
   95832
   27961
    8517
    6315
    5864
    5564
    5466
    5435
    5509
    5303
    4967
    4927
    4835
    4843
    4843
    4753
    4645
    4673
    4678
    4592
    4545
    4590
    4632
    4528
    4369
    4614
    4532
    4387
    4278
    4479
    4326
    4182
    4311
    4300
    4188
    4157
    4410
    4350
    4288
    4198
    4178
    4017
    4105
    4143
    4162
    3939
    3972
    4032
    4168
    4089
    4002
    4050
    4023
    3988
    4074
    4109
    4596
    4633
    4224
    3826
    3922
    3843
    3910
    3815
    3822
    3854
    3791
    3696
    3828
    3790
    3806
    3731
    3701
    3708
    3674
    3681
    3697
    3723
    3562
    3612
    3699
    3729
    3603
    3783
    3774
    3857
    3765
    3573
    3504
    3706
    3465
    3491
    3430
    3422
    3470
    3361
    3273
    3244
    3305
    3168
    3284
    3277
    3200
    3235
    3198
    3170
    3154
    3167
    3301
    3136
    3163
    3125
    3084
    3148
    3161
    3178
    3104
    3038
    3194
    3104
    3064
    3111
    3210
    3010
    3057
    3027
    3004
    3013
    3102
    2916
    3038
    2995
    3032
    3057
    3002
    2955
    3015
    2864
    2909
    2944
    3017
    2947
    2897
    3019
    2915
    2838
    2986
    2815
    2892
    2840
    2859
    2894
    2929
    2872
    2966
    2916
    3217
    4480
    7096
    8211
    5352
    3350
    2912
    2982
    2867
    2875
    2816
    2845
    2933
    2816
    2812
    2776
    2904
    3316
    4250
    4753
    3767
    2914
    2701
    2781
    2744
    2703
    2711
    2669
    2747
    2713
    2736
    2748
    2611
    2607
    2695
    2522
    2705
    2870
    3547
    4189
    3816
    3169
    3108
    3547
    3024
    2572
    2497
    2548
    2481
    2433
    2311
    2410
    2428
    2386
    2457
    2385
    2306
    2411
    2340
    2365
    2328
    2309
    2376
    2282
    2335
    2337
    2270
    2276
    2295
    2370
    2335
    2339
    2257
    2249
    2307
    2190
    2247
    2235
    2245
    2223
    2253
    2289
    2189
    2153
    2253
    2197
    2139
    2187
    2045
    2118
    2122
    2020
    2090
    2114
    2069
    1982
    1991
    1965
    1965
    1965
    1916
    1942
    1867
    1859
    1847
    1814
    1875
    1855
    1957
    1939
    1875
    1834
    1833
    1806
    1804
    1799
    2015
    1895
    1770
    1692
    1667
    1721
    1730
    1751
    1694
    1704
    1703
    1654
    1660
    1730
    1674
    1634
    1739
    1658
    1699
    1759
    2094
    2873
    2756
    2016
    1688
    1605
    1625
    1653
    1600
    1574
    1551
    1565
    1533
    1579
    1568
    1507
    1526
    1504
    1482
    1559
    1505
    1526
    1470
    1588
    1743
    1899
    1731
    1551
    1518
    1484
    1493
    1407
    1433
    1450
    1483
    1473
    1546
    1716
    1724
    1526
    1439
    1422
    1476
    1384
    1379
    1483
    1365
    1428
    1477
    1433
    1357
    1408
    1385
    1278
    1317
    1358
    1388
    1345
    1343
    1377
    1321
    1354
    1426
    1446
    1361
    1423
    1647
    2453
    3179
    2752
    1814
    1613
    2297
    4375
    6416
    5193
    2854
    2029
    1802
    1610
    1983
    2368
    2004
    1592
    1310
    1289
    1209
    1249
    1210
    1212
    1176
    1252
    1175
    1241
    1143
    1239
    1177
    1196
    1238
    1178
    1180
    1190
    1211
    1132
    1185
    1162
    1217
    1233
    1165
    1128
    1165
    1158
    1212
    1182
    1117
    1096
    1152
    1178
    1348
    1403
    1282
    1248
    1214
    1206
    1344
    1566
    1856
    2403
    2658
    2837
    2708
    2257
    1957
    1602
    1417
    1332
    1291
    1284
    1505
    1744
    2923
    7662
   21445
   34983
   28027
   11021
    3210
    1695
    1487
    1394
    1307
    1305
    1235
    1226
    1207
    1165
    1165
    1168
    1104
    1147
    1123
    1174
    1258
    1370
    1363
    1284
    1106
    1114
    1078
    1097
    1083
    1078
    1082
    1073
    1064
    1037
    1076
    1041
    1052
     986
    1039
    1013
    1006
     996
    1056
    1057
     972
    1039
    1078
    1025
     987
    1023
     996
     957
    1019
    1075
    1141
    1331
    1966
    2512
    2191
    1386
    1072
     995
    1012
    1046
     996
    1008
     999
    1008
    1055
    1005
    1016
    1007
    1087
    1037
     984
     998
    1034
    1080
    1008
    1006
    1039
    1009
    1003
     984
    1025
    1066
    1085
    1072
    1070
    1146
    1326
    1343
    1249
    1053
    1002
    1099
    1227
    1394
    2054
    2300
    1791
    1304
    1167
    1126
    1208
    1359
    1791
    3812
    9872
   20204
   22305
   12525
    4337
    1872
    1419
    1517
    1712
    3191
    7043
   11340
   10050
    5010
    1892
    1267
    1149
    1163
    1106
    1082
    1021
    1056
    1053
    1059
    1046
    1013
    1020
    1028
     972
    1002
     972
    1021
    1061
    1103
     999
     966
     959
     915
     908
     906
     879
     935
     923
     873
     949
     958
     926
     884
     909
     901
     938
     903
     913
     876
     865
     883
     922
     958
     933
     952
     995
     960
    1097
    1273
    2098
    4135
    6301
    6676
    7803
   17211
   33257
   36816
   21271
    6776
    2151
    1355
    1198
    1168
    1087
    1071
    1032
     981
     919
     932
     901
     851
     903
     878
     906
     814
     822
     815
     843
     811
     829
     822
     854
     787
     873
     999
    1318
    1572
    1297
     948
     781
     733
     762
     732
     726
     731
     721
     740
     735
     711
     711
     737
     725
     733
     673
     648
     640
     669
     690
     673
     655
     664
     669
     687
     621
     651
     613
     688
     636
     611
     619
     599
     618
     598
     614
     601
     595
     585
     608
     601
     602
     578
     583
     577
     574
     593
     590
     610
     578
     619
     587
     573
     606
     585
     618
     576
     626
     615
     529
     556
     576
     551
     509
     496
     580
     553
     565
     559
     525
     548
     538
     568
     579
     536
     550
     506
     580
     538
     570
     606
     611
     836
    1304
    2765
    5149
    5854
    3733
    1623
     746
     599
     535
     554
     529
     519
     486
     507
     496
     508
     511
     490
     483
     470
     470
     462
     502
     437
     429
     465
     455
     444
     434
     470
     432
     462
     422
     443
     451
     457
     448
     539
     671
     981
    1031
     786
     547
     412
     416
     421
     436
     460
     404
     425
     382
     382
     378
     394
     413
     412
     455
     404
     379
     380
     380
     425
     438
     459
     426
     412
     372
     404
     403
     354
     389
     371
     366
     373
     374
     386
     365
     339
     333
     365
     367
     333
     347
     393
     378
     357
     351
     337
     310
     319
     324
     344
     340
     323
     373
     372
     402
     389
     320
     298
     309
     360
     304
     317
     335
     369
     450
     608
     836
     899
     733
     455
     341
     310
     342
     335
     309
     360
     338
     328
     317
     284
     290
     292
     323
     347
     410
     436
     347
     340
     301
     308
     289
     313
     292
     285
     288
     265
     274
     316
     293
     313
     289
     270
     307
     315
     312
     321
     337
     304
     305
     283
     293
     287
     261
     263
     294
     274
     265
     276
     300
     271
     269
     242
     276
     235
     282
     284
     260
     253
     268
     295
     301
     323
     308
     334
     279
     243
     262
     254
     261
     250
     252
     251
     248
     237
     238
     264
     262
     238
     239
     219
     255
     268
     234
     307
     293
     246
     242
     278
     266
     266
     250
     262
     231
     232
     258
     248
     274
     257
     269
     262
     304
     281
     276
     334
     419
     513
     710
     815
     567
     392
     316
     335
     361
     449
     649
     733
     627
     397
     339
     348
     370
     523
     818
    1713
    4105
    9315
   13403
   12672
    6768
    2432
     790
     459
     410
     375
     332
     342
     259
     284
     261
     287
     272
     239
     246
     237
     250
     248
     229
     233
     211
     247
     233
     228
     227
     231
     197
     211
     216
     203
     196
     192
     194
     202
     206
     178
     204
     207
     187
     199
     190
     212
     197
     184
     191
     211
     207
     199
     197
     192
     202
     200
     214
     193
     189
     175
     204
     180
     190
     214
     245
     382
     454
     431
     359
     246
     214
     217
     213
     196
     186
     204
     192
     203
     193
     186
     202
     182
     207
     249
     316
     320
     303
     404
     581
    1332
    2985
    5389
    6577
    4862
    2259
     828
     375
     276
     283
     297
     274
     236
     225
     273
     377
     362
     361
     264
     195
     205
     201
     158
     164
     168
     174
     174
     162
     194
     147
     179
     162
     165
     181
     226
     286
     327
     310
     238
     171
     160
     170
     177
     157
     154
     162
     119
     147
     157
     142
     164
     139
     146
     155
     144
     142
     150
     160
     139
     155
     158
     127
     137
     148
     160
     139
     165
     151
     132
     140
     154
     139
     154
     146
     151
     157
     168
     160
     150
     146
     197
     242
     270
     249
     292
     404
     839
    1871
    3187
    3846
    2898
    1387
     567
     341
     286
     302
     315
     234
     183
     166
     148
     162
     151
     143
     134
     132
     135
     135
     145
     131
     114
     143
     148
     154
     126
     119
     141
     136
     123
     125
     134
     154
     129
     120
     133
     126
     123
     118
     134
     129
     116
     133
     136
     139
     152
     175
     158
     149
     116
     122
     135
     142
     117
     125
     133
     124
     117
     142
     134
     133
     153
     158
     156
     190
     283
     488
     929
    1652
    1784
    1318
     719
     288
     183
     145
     136
     134
     144
     138
     127
     132
     131
     114
     112
     121
     108
     125
     141
     127
     108
     150
     141
     112
     132
     131
     158
     161
     149
     130
     114
     125
     124
     110
     118
     128
     119
     170
     169
     188
     153
     174
     134
      98
     134
      98
     121
     112
     101
     134
     129
      93
     104
     113
     122
     138
     136
     116
     114
     119
      99
     119
     119
      90
     116
     117
     111
     112
     125
      97
     100
     102
     111
      99
      89
      97
     121
      93
      89
     129
      93
      93
      93
     116
      93
      99
     110
     101
      98
      82
     107
     105
     114
      85
     105
     102
     103
      78
     100
     105
      98
     108
      90
      91
      83
     106
     120
      91
      76
     103
     115
     105
     105
     103
     119
     169
     244
     376
     442
     379
     242
     129
     100
      94
     110
      96
     104
     110
      93
     101
      80
      76
      82
      79
      77
      69
      88
      66
      86
      72
      79
      76
      78
      87
      75
      71
      73
      79
      96
      77
      73
      80
      92
      94
     102
     122
     141
     150
     145
     103
      86
      74
      73
      75
      74
      84
      84
      86
      80
      58
      77
      74
      71
      83
      83
      85
     100
      72
      85
      64
      71
      67
      67
      71
      71
      53
      64
      48
      79
      71
      67
      56
      64
      74
      57
      65
      67
      64
      61
      66
      73
      57
      65
      70
      56
      69
      61
      63
      53
      65
      52
      65
      66
      61
      61
      64
      64
      56
      74
      55
      54
      51
      62
      64
      61
      64
      65
      46
      56
      55
      55
      56
      44
      70
      71
      68
      51
      56
      49
      45
      63
      65
      74
      55
      63
      70
      66
      59
      58
      55
      64
      52
      64
      69
      62
      65
      50
      56
      56
      53
      50
      42
      62
      73
      92
      88
      94
      75
      62
      49
      59
      51
      45
      52
      54
      43
      58
      54
      52
      50
      38
      54
      48
      53
      66
      48
      59
      53
      56
      72
      82
      91
     111
      83
      74
      61
      51
      36
      44
      42
      41
      64
      55
      47
      40
      45
      51
      35
      40
      44
      38
      53
      47
      40
      47
      42
      42
      43
      32
      51
      44
      56
      53
      42
      50
      46
      35
      34
      47
      36
      41
      34
      35
      38
      41
      46
      35
      32
      41
      38
      45
      26
      41
      43
      38
      56
      47
      36
      46
      38
      40
      36
      42
      38
      57
      39
      53
      51
      44
      40
      38
      56
      43
      44
      48
      44
      44
      36
      50
      42
      38
      51
      35
      38
      50
      40
      35
      41
      44
      36
      32
      33
      39
      32
      30
      35
      33
      41
      49
      46
      59
      53
      51
      39
      42
      31
      26
      33
      37
      42
      42
      28
      32
      37
      42
      38
      38
      37
      31
      45
      47
      26
      46
      39
      37
      32
      24
      33
      35
      30
      33
      34
      32
      35
      40
      41
      31
      28
      25
      26
      38
      32
      29
      32
      50
      30
      34
      34
      42
      32
      32
      36
      29
      37
      32
      34
      35
      35
      34
      44
      32
      25
      26
      35
      31
      30
      40
      30
      34
      38
      39
      40
      44
      42
      52
      60
      94
     103
      87
      55
      54
      37
      39
      32
      36
      31
      28
      49
      34
      31
      39
      38
      67
      77
     134
     229
     383
     503
     488
     344
     168
     109
      59
      46
      31
      39
      43
      39
      38
      39
      39
      27
      37
      35
      30
      38
      39
      37
      32
      35
      43
      38
      49
      38
      31
      33
      30
      24
      44
      33
      48
      37
      41
      36
      34
      50
      58
      55
      71
     108
     148
     185
     186
     107
     109
     132
     153
     145
     103
      71
      45
      52
      37
      38
      33
      53
      55
      64
      74
      61
      67
      92
     107
     210
     359
     619
     802
     712
     495
     237
     102
      55
      38
      44
      35
      42
      51
      24
      31
      36
      39
      37
      38
      29
      32
      35
      26
      26
      31
      29
      32
      35
      28
      33
      36
      22
      32
      33
      38
      40
      31
      31
      23
      28
      27
      26
      30
      23
      33
      22
      24
      30
      27
      17
      24
      35
      29
      24
      25
      36
      34
      33
      38
      26
      55
      65
      79
     100
      81
      39
      50
      22
      35
      19
      32
      13
      26
      25
      25
      38
      23
      29
      35
      26
      20
      30
      29
      29
      23
      33
      29
      17
      27
      31
      31
      19
      34
      34
      34
      27
      38
      44
      59
      92
     105
      89
      66
      40
      24
      29
      31
      25
      24
      28
      32
      25
      20
      29
      20
      24
      23
      24
      21
      26
      24
      25
      17
      31
      22
      28
      42
      20
      26
      21
      24
      21
      19
      32
      20
      30
      23
      28
      29
      21
      23
      22
      22
      20
      36
      22
      25
      28
      29
      27
      20
      18
      18
      22
      23
      17
      29
      25
      29
      31
      25
      22
      20
      30
      18
      21
      31
      28
      25
      25
      24
      19
      26
      32
      20
      26
      16
      16
      21
      24
      35
      30
      28
      21
      18
      27
      21
      15
      23
      25
      14
      26
      28
      33
      19
      31
      31
      30
      27
      22
      28
      22
      26
      22
      20
      26
      29
      27
      26
      20
      24
      17
      15
      25
      23
      18
      28
      26
      16
      24
      27
      21
      17
      28
      27
      19
      26
      22
      24
      40
      34
      54
      77
      77
      52
      38
      32
      26
      20
      28
      16
      26
      21
      29
      22
      27
      23
      24
      29
      14
      25
      19
      23
      28
      22
      18
      24
      22
      23
      22
      14
      20
      17
      20
      26
      28
      29
      16
      22
      27
      20
      24
      21
      21
      25
      22
      22
      22
      22
      24
      17
      24
      23
      19
      35
      27
      25
      21
      30
      23
      19
      28
      28
      20
      27
      13
      19
      22
      15
      20
      28
      25
      20
      23
      27
      18
      22
      20
      25
      21
      21
      26
      22
      17
      30
      23
      26
      15
      26
      18
      26
      30
      22
      20
      21
      19
      14
      22
      24
      29
      21
      21
      25
      20
      26
      25
      23
      28
      23
      19
      22
      19
      26
      25
      19
      17
      26
      23
      22
      17
      24
      24
      28
      19
      17
      22
      30
      19
      16
      28
      20
      18
      24
      29
      18
      31
      17
      18
      21
      20
      19
      22
      27
      23
      29
      22
      24
      15
      14
      21
      19
      18
      16
      25
      21
      14
      22
      19
      16
      16
      17
      16
      17
      20
      13
      20
      16
      12
      15
      18
      10
      20
      17
      15
      15
      17
      10
       8
      18
      19
      13
      21
      22
       8
      16
      18
      14
      10
      21
      10
      23
      22
      23
      20
      12
      20
      15
      12
       9
      14
      19
      20
      25
      12
       9
      15
      15
      13
       9
       7
      12
      14
      21
      19
      11
      13
      14
      10
      14
      17
      11
      19
      13
      14
       8
      15
      13
      17
      14
      13
      11
      14
      11
      12
      15
      11
      11
      11
      15
      12
       9
      14
      14
      13
       7
      14
      13
      17
      18
      11
      11
       8
      10
      13
      14
      13
      11
      16
       8
      19
      11
      15
      14
      15
      19
       7
      10
      10
      16
       9
      11
      13
      10
      11
      13
      13
      13
      19
      14
      22
      24
      25
      30
      31
      35
      29
      19
      17
      11
      13
      13
       7
       8
       7
      12
       8
      11
      11
      12
      11
       9
      12
      18
      10
      19
       9
      16
      11
      11
       9
       5
      14
      11
      12
      10
      13
       8
      17
      21
      10
       4
      12
      13
      13
       7
       4
      12
      11
      13
      13
      13
       9
      15
      22
      36
      49
      78
      89
     147
      99
      71
      44
      19
      16
      13
       8
       7
      11
       8
       5
       9
       8
       7
      11
       9
      12
      10
       7
      13
      10
      15
      12
      11
      10
      15
      20
      11
       8
      12
       9
       6
       5
       5
       6
       6
       9
       8
       8
       4
       7
       6
       8
       7
       3
       5
       6
       8
       3
       3
       4
      12
       4
       6
       5
       7
      10
       8
       5
       9
      13
       8
      11
      12
      12
      11
      29
      29
      41
      26
      17
      11
      15
       5
       6
       7
      11
       6
       5
      11
       5
       7
       9
       7
       6
       8
       6
       8
       5
       8
       6
       7
       5
       6
       6
       5
       7
       5
       8
       4
       6
      10
       5
       5
       9
       4
       6
       6
       8
      11
       8
       3
       4
       7
       9
       6
       9
       6
       4
       6
       5
       4
       5
       5
       8
      12
      16
       6
      11
      15
       9
      11
       3
       4
       9
       5
       6
       6
       7
       9
       8
       4
       9
       7
       7
       8
       8
       4
       7
       4
       5
       6
       5
       5
       4
       4
       1
       7
       5
       8
       4
       8
      10
       5
       8
      13
      11
      11
       7
      11
       6
       9
       2
       5
       7
       8
       6
       7
       4
       7
       4
      12
       8
      17
      27
      42
      27
      47
      29
      21
       9
       7
       5
       7
       5
       8
       6
       7
       7
       4
       5
       5
       3
       7
       4
      10
       5
       4
       4
       6
       4
       4
       5
       4
       5
       5
       5
       5
       4
       8
       1
       4
       8
       5
       4
      11
       3
       7
       8
       6
       7
       9
      12
      10
      13
      14
      15
      17
      12
      11
       6
      12
       5
       4
       6
       9
      13
      14
      17
      11
      18
      27
      39
      61
     113
     195
     294
     395
     385
     311
     189
     102
      44
      20
      19
      12
       9
       8
      11
       8
       4
      12
       6
       7
      11
       6
       5
       4
       7
       4
       6
       5
       4
       2
       6
       9
       6
       7
       1
       5
       4
       3
       5
       3
       6
       4
       4
       4
       4
       6
       4
       4
       5
       3
       4
       2
       4
       4
       4
       1
       2
       4
       4
       3
       6
       4
       6
       1
       2
       3
       4
       3
       1
       1
       1
       7
       4
       0
       1
       2
       3
       6
       5
       8
       6
       1
       3
       4
       1
       1
       5
       1
       3
       3
       2
       7
       4
       0
       4
       2
       6
       2
       3
       0
       6
       7
       4
       3
       4
       9
       6
       4
       3
       3
       1
       3
       3
       3
       1
       2
       1
       2
       2
       6
       2
       3
       2
       4
       4
       5
       5
       3
       5
       5
       0
       3
       6
       1
       3
       1
       2
       1
       7
       3
       1
       0
       2
       2
       3
       2
       3
       3
       1
       2
       3
       2
       1
       3
       3
       1
       0
       0
       0
       1
       0
       5
       3
       1
       2
       0
       4
       1
       2
       1
       3
       0
       3
       1
       0
       3
       2
       1
       4
       3
       1
       1
       2
       3
       2
       2
       1
       1
       1
       2
       1
       5
       3
       1
       4
       2
       1
       1
       2
       2
       4
       2
       4
       3
       0
       6
       0
       1
       1
       1
       2
       2
       4
       2
       0
       3
       1
       2
       2
       3
       0
       1
       1
       1
       1
       2
       1
       5
       0
       2
       1
       0
       2
       1
       0
       1
       1
       3
       2
       3
       1
       3
       0
       0
       2
       2
       1
       3
       2
       2
       2
       2
       3
       2
       2
       6
       4
       3
       1
       2
       3
       0
       1
       1
       1
       1
       1
       2
       1
       2
       1
       1
       1
       2
       2
       2
       4
       1
       3
       1
       4
       1
       0
       1
       1
       1
       0
       3
       4
       2
       0
       0
       2
       1
       2
       3
       1
       0
       3
       1
       2
       0
       4
       2
       2
       0
       0
       3
       2
       0
       0
       2
       0
       2
       3
       2
       1
       0
       0
       2
       1
       5
       1
       0
       1
       1
       0
       2
       0
       3
       1
       1
       1
       1
       1
       2
       1
       4
       1
       5
      11
      17
      31
      18
      38
      47
      65
      51
      18
       6
       4
       2
       3
       1
       1
       1
       3
       0
       1
       1
       1
       2
       0
       3
       1
       1
       1
       1
       1
       2
       2
       2
       0
       0
       2
       3
       1
       0
       3
       1
       2
       2
       0
       1
       1
       0
       1
       1
       2
       0
       1
       1
       1
       1
       0
       1
       1
       3
       0
       3
       1
       3
       2
       2
       3
       2
      13
       9
      10
       4
       3
       3
       1
       1
       3
       0
       2
       1
       0
       2
       2
       1
       1
       2
       2
       3
       3
       1
       3
       2
       0
       0
       1
       0
       2
       0
       3
       0
       1
       1
       2
       0
       1
       2
       3
       1
       1
       0
       0
       2
       0
       2
       1
       2
       1
       0
       0
       1
       2
       3
       0
       1
       1
       1
       0
       0
       2
       1
       0
       1
       0
       1
       2
       1
       1
       0
       0
       1
       1
       0
       0
       0
       0
       1
       1
       1
       0
       0
       0
       1
       0
       0
       0
       0
       0
       0
       1
       2
       0
       0
       1
       2
       0
       0
       1
       3
       1
       0
       2
       1
       1
       1
       2
       0
       0
       0
       0
       0
       2
       1
       1
       0
       2
       2
       1
       1
       1
       1
       0
       0
       0
       1
       3
       2
       1
       0
       0
       1
       1
       0
       1
       0
       0
       0
       1
       1
       2
       2
       1
       0
       1
       1
       2
       2
       1
       2
       0
       2
       0
       0
       1
       2
       1
       1
       1
       1
       1
       1
       1
       0
       1
       1
       0
       0
       2
       0
       0
       1
       0
       2
       0
       0
       0
       0
       2
       0
       1
       0
       0
       2
       3
       3
       0
       2
       0
       0
       0
       1
       0
       0
       0
       1
       2
       0
       0
       1
       0
       2
       0
       0
       0
       1
       0
       2
       1
       1
       1
       0
       0
       2
       2
       0
       0
       0
       1
       0
       0
       1
       1
       1
       1
       0
       1
       2
       0
       0
       2
       0
       0
       1
       0
       1
       2
       0
       1
       0
       1
       1
       0
       0
       0
       0
       2
       1
       0
       2
       0
       2
       1
       1
       0
       0
       0
       1
       0
       0
       2
       1
       0
       0
       0
       1
       2
       1
       0
       1
       0
       1
       1
       1
       0
       1
       0
       0
       0
       2
       1
       0
       1
       0
       3
       0
       0
       2
       0
       2
       0
       0
       0
       2
       3
       0
       1
       0
       0
       1
       1
       0
       1
       0
       1
       1
       2
       0
       1
       1
       2
       0
       0
       1
       0
       0
       0
       0
       0
       1
       1
       0
       1
       0
       1
       0
       0
       0
       0
       0
       1
       1
       1
       1
       0
       0
       0
       0
       0
       0
       0
       1
       0
       0
       1
       2
       0
       0
       0
       0
       3
       0
       1
       0
       2
       0
       0
       0
       0
       2
       0
       1
       1
       0
       0
       0
       0
       1
       1
       0
       2
       0
       0
       1
       0
       0
       0
       0
       1
       0
       0
       0
       0
       0
       0
       1
       0
       0
       1
       0
       1
       2
       1
       1
       0
       0
       0
       0
       0
       1
       0
       1
       1
       0
       1
       0
       0
       1
       0
       0
       2
       0
       1
       0
       1
       0
       0
       0
       0
       1
       0
       0
       0
       3
       2
       2
       0
       1
       0
       2
       0
       2
       0
       1
       0
       1
       1
       0
       0
       1
       1
       2
       0
       0
       1
       1
       2
       1
       0
       1
       0
       0
       0
       1
       1
       0
       0
       2
       0
       1
       1
       0
       0
       0
       0
       1
       0
       1
       1
       2
       0
       1
       0
       1
       1
       0
       1
       1
       1
       0
       0
       1
       1
       0
       0
       0
       2
       1
       0
       0
       0
       0
       1
       0
       1
       1
       2
       0
       1
       1
       0
$ROI:
0
$PRESETS:
None
0
0
$ENER_FIT:
-0.17 0.50021
$MCA_CAL:
3
-0.17000 0.50021 0.00 keV
$SHAPE_CAL:
3
-0.765948053477 7.83958431117 -26.4079756712
$META:
{'istp': ['133CEm', '133CEg', '133LA', '132CE', '132LA', '139CE', '137CEg', '137CEm', '137LA', '135CE', '135LA', '134LA', '132CS', '7BE', '133BAm', '133BAg'], 'res': 0.05, 'R': 0.2, 'unc_eff': [[0.024053508436386758, -0.2517435071854035, 0.6502498581753428], [-0.25174350718540356, 2.65027007823169, -6.882714286693032], [0.6502498581753429, -6.882714286693032, 17.966849727438788]], 'alpha': 0.9}
