$SPEC_ID:
No sample description was entered.
$SPEC_REM:
DET# 9480
DETDESC# HPGE
AP# Maestro Version 7.01
$DATE_MEA:
10/17/2018 02:21:59
$MEAS_TIM:
900 906
$DATA:
0 4095
     150
     151
       0
       0
       0
       0
       0
       0
       0
       0
       0
       0
       0
       0
       0
       0
       0
       0
       0
       0
       0
       0
       0
       0
       0
       0
       0
       0
       0
       0
       0
       0
       0
       0
       0
       0
       0
       0
       0
       0
       0
       0
       0
       0
       0
       0
       0
       0
       0
       0
       0
       0
       0
       0
       0
       0
       0
       0
       0
       0
       0
       0
       0
       0
       0
       0
       0
       0
       0
       0
       0
       0
       0
       0
       0
       0
       0
       0
       0
       0
       0
       0
       2
       7
     328
     953
     929
     933
     910
     939
     917
     923
     906
     875
     887
     886
     861
     955
     824
     916
     892
     872
     864
     905
     864
     872
     886
     840
     836
     812
     878
     843
     832
     805
     854
     799
     842
     845
     935
     823
     859
     839
     823
     776
     848
     866
     829
     806
     819
     871
     838
     846
     857
     850
     900
     868
     805
     807
     830
     868
     912
     916
     871
     864
     835
     851
     946
     842
     843
     901
     983
     983
     862
     846
     862
     873
     826
     868
     893
     906
     881
     848
     931
     885
     881
     947
     880
     912
     986
    1017
    1023
     950
     954
     996
    1221
    1112
    1001
    1195
    1369
     995
     961
     974
     994
    1005
     991
    1019
    1008
     994
     952
     994
     947
     962
     957
     981
    1001
    1082
     1000
    1053
    1070
    1087
    1060
    1032
    1076
    1022
    1067
    1043
    1024
    1088
    1132
    1113
    1127
    1105
    1143
    1062
    1102
    1128
    1099
    1098
    1190
    1160
    1202
    1165
    1172
    1160
    1150
    1160
    1226
    1184
    1197
    1290
    1306
    1252
    1301
    1192
    1323
    1377
    1628
    1594
    1498
    2314
    2233
    1376
    1285
    1266
    1319
    1272
    1306
    1291
    1340
    1300
    1311
    1256
    1354
    1281
    1273
    1333
    1386
    1277
    1317
    1377
    1343
    1383
    1442
    1438
    1448
    1525
    1616
    1563
    1468
    1447
    1433
    1468
    1370
    1423
    1403
    1450
    1382
    1370
    1399
    1397
    1395
    1436
    1412
    1425
    1330
    1359
    1319
    1353
    1372
    1342
    1275
    1316
    1299
    1316
    1248
    1271
    1203
    1286
    1167
    1236
    1220
    1182
    1244
    1213
    1183
    1172
    1179
    1178
    1153
    1117
    1126
    1092
    1090
    1100
    1153
    1066
    1085
    1107
    1050
    1112
    1065
    1029
    1077
    1049
    1073
    1100
    1024
     982
     989
    1016
     977
    1009
     960
     993
     987
     989
     975
    1028
    1008
    1089
     937
     972
    1019
     929
     977
     965
     997
     966
     960
     964
     984
     920
     948
     913
     991
     981
     952
    1028
    1008
    1008
     908
     964
     951
     933
     908
     936
     937
     915
     983
     911
     931
     887
     990
     907
     911
     938
     867
     846
     928
     866
     874
     893
     904
     899
     873
     901
     902
     887
     892
     884
     877
     848
     871
     871
     828
     896
     887
     855
     847
     825
     840
     827
     848
     834
     828
     793
     771
     743
     846
     785
     852
    1039
    2402
    6316
    5448
    1564
     753
     704
     744
     740
     720
     709
     716
     686
     699
     707
     708
     733
     719
     712
     682
     706
     681
     706
     635
     721
     709
     675
     610
     680
     671
     677
     652
     711
     657
     613
     610
     636
     649
     652
     630
     668
     664
     651
     630
     643
     633
     708
     613
     617
     640
     650
     609
     650
     594
     654
     607
     617
     618
     653
     666
     658
     662
     658
     625
     632
     588
     641
     620
     612
     636
     642
     665
     587
     621
     620
     630
     633
     640
     645
     621
     617
     604
     602
     649
     627
     625
     640
     585
     574
     633
     599
     562
     567
     584
     595
     620
     655
    1080
    1487
    1011
     645
     582
     574
     579
     604
     498
     524
     521
     523
     495
     488
     502
     545
     533
     561
     533
     599
     845
    1556
    6909
   21708
   21052
    5352
     748
     639
     838
     563
     476
     414
     374
     424
     396
     386
     387
     437
     404
     396
     389
     401
     401
     426
     568
     529
     413
     383
     393
     380
     383
     400
     345
     409
     385
     358
     357
     411
     340
     363
     366
     365
     384
     357
     409
     404
     361
     372
     358
     388
     347
     330
     356
     377
     344
     311
     364
     334
     369
     322
     315
     336
     322
     339
     347
     361
     386
     371
     405
     507
    1100
    3901
   10725
   10445
    2928
     449
     319
     283
     308
     315
     347
     307
     302
     297
     310
     265
     297
     265
     270
     276
     311
     294
     274
     296
     278
     289
     288
     239
     283
     283
     254
     287
     281
     274
     267
     284
     266
     280
     258
     295
     285
     298
     257
     278
     310
     256
     272
     240
     280
     274
     263
     293
     268
     283
     270
     279
     240
     278
     296
     350
     339
     332
     271
     271
     281
     265
     279
     250
     272
     264
     272
     256
     255
     284
     274
     253
     256
     262
     258
     266
     246
     243
     256
     291
     245
     266
     265
     265
     282
     270
     258
     245
     263
     242
     249
     266
     253
     230
     232
     250
     233
     244
     241
     234
     246
     243
     252
     252
     268
     243
     219
     235
     236
     218
     232
     232
     239
     220
     226
     247
     204
     222
     254
     217
     237
     275
     235
     213
     213
     234
     246
     254
     230
     238
     211
     255
     231
     242
     262
     224
     239
     226
     235
     224
     237
     250
     220
     243
     217
     226
     234
     246
     246
     272
     244
     224
     225
     215
     246
     253
     307
     575
     718
     508
     255
     215
     220
     244
     222
     220
     207
     227
     192
     214
     187
     243
     253
     336
     414
     358
     240
     245
     216
     228
     240
     231
     226
     223
     218
     237
     211
     226
     224
     219
     211
     191
     209
     271
     354
     364
     283
     260
     278
     242
     224
     199
     172
     200
     184
     211
     185
     172
     175
     199
     221
     194
     217
     210
     185
     194
     193
     174
     184
     206
     202
     186
     206
     176
     209
     192
     192
     204
     197
     181
     190
     185
     192
     199
     186
     180
     184
     193
     185
     165
     178
     178
     197
     175
     194
     182
     181
     207
     172
     171
     180
     165
     145
     167
     198
     205
     193
     157
     142
     160
     167
     152
     181
     154
     187
     155
     177
     170
     125
     166
     168
     182
     161
     144
     161
     148
     171
     159
     155
     146
     149
     135
     141
     166
     154
     151
     146
     160
     138
     127
     140
     172
     219
     237
     177
     167
     151
     146
     144
     147
     126
     153
     147
     145
     126
     118
     144
     103
     139
     131
     119
     146
     143
     132
     133
     150
     157
     174
     147
     138
     121
     128
     124
     140
     107
     118
     134
     126
     150
     155
     142
     150
     120
     124
     113
     118
     137
     116
     133
     138
     141
     138
     145
     118
     110
     120
     115
     123
     132
     145
     133
     129
     154
     139
     149
     141
     102
     144
     223
     357
     322
     201
     168
     159
     309
     572
     552
     272
     188
     151
     148
     181
     189
     175
     145
     115
     112
     135
      85
     104
      92
     105
     107
     103
      96
     112
     106
     100
      99
      91
      97
      92
      96
     111
     107
     111
     124
     119
     103
     110
      99
     111
     109
     105
      97
      89
      91
     117
     131
     124
     137
     139
     123
     109
     131
     105
     133
     202
     219
     273
     311
     275
     244
     178
     173
     145
     131
     112
     125
     118
     152
     229
     510
    1672
    3110
    2814
    1119
     244
      99
      93
      97
      89
     106
      91
      76
      87
      87
      97
      89
      95
     108
      80
     104
      89
     120
     116
     104
      96
      79
      88
      98
     103
      86
      74
      74
      70
      89
      89
      89
      81
      88
      88
      92
      90
      93
      95
      80
      74
      86
      87
      93
      74
      90
      79
      92
     100
     104
      87
     123
     162
     237
     188
     126
      84
     108
      99
      76
      87
      91
      75
      85
      90
      93
      80
      87
      82
      70
      73
      88
      81
      74
      83
      83
      68
      84
      93
      85
      80
      97
      95
      78
      78
      91
     119
     121
     113
     102
      87
      82
      82
     125
     157
     214
     148
     127
     103
      79
      97
     135
     152
     252
     770
    1712
    2145
    1306
     391
     113
      86
      88
     117
     229
     532
     964
     959
     500
     159
      78
      75
      84
      80
      68
      76
      79
      78
      73
      67
      68
      73
      78
      73
      39
      81
      75
      72
      90
      81
      60
      72
      64
      77
      69
      64
      62
      62
      68
      69
      66
      63
      62
      68
      71
      51
      59
      59
      78
      77
      64
      63
      90
      62
      79
      83
      74
      95
     103
     157
     344
     587
     622
     619
    1286
    2721
    3501
    2149
     593
     114
      75
      63
      53
      55
      44
      52
      51
      40
      56
      48
      40
      36
      59
      53
      43
      36
      43
      51
      53
      48
      43
      51
      45
      74
      74
      93
     130
     125
      56
      45
      56
      72
      49
      50
      51
      56
      46
      57
      53
      49
      48
      48
      43
      51
      55
      45
      38
      50
      37
      46
      43
      47
      34
      35
      42
      29
      39
      54
      39
      41
      54
      40
      39
      37
      41
      29
      39
      39
      47
      43
      37
      46
      43
      38
      37
      36
      38
      36
      41
      31
      37
      35
      42
      42
      46
      40
      41
      42
      35
      38
      36
      33
      26
      44
      31
      36
      41
      37
      37
      33
      29
      39
      48
      36
      36
      31
      46
      46
      52
      45
      61
     100
     199
     419
     506
     368
     159
      56
      35
      30
      28
      26
      47
      26
      34
      27
      45
      28
      22
      36
      26
      40
      33
      26
      26
      31
      27
      35
      28
      34
      39
      38
      34
      40
      34
      28
      30
      31
      39
      45
      87
      93
      63
      46
      26
      24
      29
      18
      30
      25
      25
      28
      36
      29
      25
      27
      27
      23
      21
      32
      21
      27
      15
      22
      23
      40
      31
      25
      22
      26
      22
      32
      22
      28
      25
      26
      15
      32
      24
      17
      18
      18
      15
      14
      20
      24
      21
      24
      22
      18
      28
      29
      23
      18
      32
      25
      17
      13
      33
      21
      19
      20
      23
      20
      32
      20
      27
      32
      42
      85
      77
      72
      35
      22
      15
      23
      21
      25
      15
      26
      15
      11
      14
      16
      22
      31
      21
      27
      36
      30
      22
      21
      19
      18
       7
      21
      14
      19
      13
      26
      14
      20
      13
      29
      15
      22
      13
      14
      24
      29
      16
      12
      16
      17
      13
      18
      22
      20
      21
      11
      12
      11
      16
      17
      18
      17
      18
      20
      19
      22
       6
       7
      15
      14
      17
      19
      13
      17
      12
      19
      10
      17
      16
      20
      18
      15
      21
      12
      19
      14
      12
      10
      17
      19
      15
      15
      12
      24
      15
      15
       9
      21
      10
      12
      12
      14
      10
      14
      13
      12
      10
      22
      10
      17
      19
      21
      23
      28
      43
      47
      52
      50
      31
      16
      15
      24
      26
      38
      56
      42
      30
      27
      22
      21
      40
      59
     115
     318
     733
    1253
    1195
     664
     204
      39
      18
      17
      11
      14
      13
      17
      14
       5
       5
      17
       9
      14
       9
      12
       7
      11
      13
      11
       9
      13
       9
       9
       7
       5
       9
       9
       9
      11
      13
      10
       8
       8
       3
      14
       7
      10
       7
      11
       4
       5
       5
       6
      10
      11
      12
      11
       6
       6
       9
      12
       6
      12
       6
       7
      12
       7
       7
      15
      14
      40
      35
      27
       8
      15
       7
      13
      11
       6
      13
       7
      11
      10
       7
      13
      12
      19
      15
      17
      19
      22
      19
      44
      94
     240
     457
     650
     471
     205
      53
      16
       6
      10
       4
       7
       9
      12
      13
      26
      26
      22
      13
       2
      10
       4
       8
       5
       6
       5
       7
       7
       8
      11
       5
       6
      12
       8
       8
      16
      19
      22
      15
      17
       5
      10
       8
       6
       8
       8
      11
       4
       5
       6
       5
       9
      12
       9
       7
       5
       6
       9
       4
      12
       8
       7
       3
      10
       8
       4
      10
       9
       8
       6
      12
       4
      17
       5
       7
      11
       3
       7
      10
       8
       6
      11
      20
      12
      20
      36
      72
     177
     288
     363
     286
     111
      52
      10
      24
      20
      17
      12
      14
       9
       5
       4
       6
       4
       4
      10
       4
       3
       7
       3
       8
       6
       5
       8
       7
       4
       3
       6
       4
       7
       4
       7
       4
       5
       3
      10
      12
       3
      11
       6
       5
       4
       8
       5
      15
      15
      13
      10
       9
       8
       3
       6
       1
       7
       4
       6
       8
       7
       9
       9
       5
       9
       9
       8
      12
      37
      66
     120
     175
     133
      73
      18
       8
       7
       7
       3
      12
       7
       5
       1
       0
      10
       9
       5
       4
       7
      11
       7
      12
       8
       5
       4
       5
       7
       7
       5
       9
       7
       5
      11
       8
       3
       3
       9
       4
      13
      17
      19
      15
      11
      11
       5
       3
       5
       6
       6
      11
       3
       4
       7
       8
       3
       6
       9
       7
       8
       7
      10
       6
       6
       3
       9
       2
       3
       7
       7
       3
       5
       1
       3
       6
       4
       5
       5
       4
       7
       8
       5
       7
       4
       6
       3
       8
       4
      10
       5
       6
       8
      10
       6
      11
       7
       4
       7
       7
       5
       7
       8
       4
       6
       2
       9
       8
       5
       7
       5
       6
       5
       7
       4
       5
      10
       7
       6
      19
      33
      45
      33
      15
      11
       4
       6
       8
       7
       3
       6
       4
       5
       5
       1
       6
       9
       7
       4
       8
       6
       5
       7
       4
       6
       5
       5
       4
       7
       3
       6
       6
       3
       4
       5
       6
       2
       4
       9
       8
      12
      10
       7
       6
       1
       4
       4
       4
       1
       8
       4
       6
       6
       3
       3
       6
       6
       5
      11
       9
       5
       6
       4
       4
       2
       5
       7
       8
       4
       1
       5
       3
       3
       2
       6
       3
       3
       2
       3
       5
       3
       5
       3
       4
       6
       3
       6
       2
       1
       2
       1
       5
       4
       1
       1
       2
       2
       5
       3
       5
       2
       6
       4
       8
       0
       5
       4
       0
       3
       5
       4
       2
       3
       5
       3
       2
       3
       1
       3
       4
       6
       1
       2
       6
       2
       0
       1
       4
       1
       1
       3
       3
       1
       3
       0
       4
       1
       2
       4
       3
       5
       2
       2
       3
       0
       4
       7
       5
       5
       4
       5
       2
       5
       5
       1
       6
       0
       3
       0
       6
       5
       5
       6
       5
       4
       5
       4
       2
       4
       2
       0
       0
       5
       6
       7
       7
       7
       2
       3
       2
       1
       3
       3
       2
       5
       3
       1
       2
       1
       2
       2
       1
       4
       3
       3
       2
       2
       1
       1
       3
       4
       0
       6
       0
       3
       0
       0
       5
       3
       1
       1
       0
       3
       4
       2
       2
       3
       2
       6
       2
       1
       3
       3
       3
       1
       1
       3
       0
       2
       3
       3
       1
       2
       5
       0
       1
       2
       5
       4
       0
       5
       6
       2
       2
       0
       4
       2
       0
       1
       2
       1
       3
       0
       2
       1
       0
       2
       3
       0
       1
       2
       3
       1
       2
       1
       3
       1
       1
       5
       1
       2
       1
       2
       3
       2
       2
       4
       3
       4
       2
       3
       4
       1
       3
       2
       1
       3
       5
       1
       4
       1
       2
       2
       1
       4
       1
       1
       2
       0
       3
       2
       1
       1
       1
       2
       1
       1
       3
       0
       0
       1
       2
       0
       1
       1
       0
       2
       2
       2
       1
       0
       3
       5
       2
       1
       8
       2
       1
       2
       3
       1
       4
       1
       2
       2
       3
       1
       3
       3
       4
       4
       1
       2
       2
       5
       1
       2
       0
       1
       7
      10
      14
       2
       3
       3
       1
       1
       3
       1
       3
       4
       2
       2
       1
       4
       8
       3
      10
      15
      34
      51
      54
      29
      17
       2
       6
       3
       2
       8
       0
       0
       1
       0
       2
       2
       2
       2
       3
       2
       0
       6
       2
       1
       3
       2
       1
       2
       2
       4
       3
       3
       3
       3
       0
       1
       3
       4
       1
       2
       2
       3
       7
      10
      13
      13
      20
      13
       4
      13
      19
      15
      12
       5
       4
       1
       3
       2
       3
       3
       5
       5
       3
       2
       6
       7
      13
      23
      35
      62
      63
      53
      42
      23
       4
       3
       2
       0
       0
       1
       1
       0
       3
       5
       2
       3
       0
       0
       1
       0
       3
       1
       1
       1
       1
       1
       1
       1
       3
       1
       1
       1
       1
       3
       2
       1
       3
       0
       0
       0
       8
       1
       2
       1
       1
       2
       1
       3
       3
       2
       0
       0
       0
       5
       3
       3
       5
       0
       7
       9
       5
      10
       7
       4
       0
       1
       0
       0
       1
       1
       1
       3
       3
       1
       1
       1
       2
       3
       4
       1
       4
       1
       2
       0
       0
       1
       3
       2
       1
       2
       3
       0
       1
       1
       3
       5
       4
       5
       6
       9
       8
       4
       1
       1
       1
       1
       0
       4
       2
       1
       2
       3
       2
       0
       1
       4
       3
       1
       2
       0
       3
       3
       2
       1
       1
       4
       1
       1
       5
       1
       1
       1
       3
       4
       1
       4
       1
       1
       0
       5
       0
       0
       3
       4
       1
       1
       2
       2
       2
       2
       0
       1
       2
       1
       0
       1
       2
       2
       3
       0
       1
       1
       1
       5
       1
       2
       0
       2
       2
       1
       0
       0
       2
       3
       1
       1
       2
       4
       0
       5
       2
       1
       2
       0
       2
       2
       1
       1
       0
       1
       0
       0
       0
       0
       1
       2
       4
       1
       0
       1
       3
       1
       1
       2
       3
       1
       2
       2
       0
       3
       1
       2
       3
       2
       0
       3
       1
       1
       3
       2
       1
       0
       2
       2
       2
       0
       2
       3
       2
       3
       1
       5
       2
       6
       3
       0
       1
       0
       0
       1
       2
       0
       3
       2
       1
       2
       0
       0
       3
       1
       0
       3
       2
       1
       0
       3
       1
       1
       1
       0
       0
       0
       1
       0
       1
       0
       0
       0
       0
       1
       0
       1
       2
       2
       0
       0
       1
       1
       2
       0
       1
       1
       1
       0
       1
       2
       3
       3
       1
       0
       1
       2
       2
       1
       0
       0
       1
       2
       3
       5
       1
       1
       3
       1
       0
       2
       2
       1
       1
       2
       3
       0
       1
       0
       1
       2
       1
       2
       0
       2
       0
       1
       0
       1
       1
       0
       0
       0
       2
       0
       0
       1
       2
       1
       0
       3
       3
       1
       1
       2
       0
       1
       1
       2
       0
       1
       1
       0
       2
       1
       0
       0
       2
       0
       1
       1
       1
       2
       1
       0
       1
       1
       0
       1
       0
       1
       2
       3
       2
       0
       2
       2
       1
       1
       3
       1
       0
       0
       1
       3
       1
       2
       0
       1
       0
       1
       1
       3
       2
       1
       2
       2
       0
       0
       1
       1
       1
       2
       1
       1
       0
       1
       0
       0
       2
       1
       3
       0
       0
       0
       0
       2
       2
       0
       0
       2
       2
       1
       2
       2
       1
       0
       1
       2
       3
       2
       2
       0
       0
       0
       2
       0
       0
       2
       3
       0
       0
       0
       1
       0
       0
       0
       3
       0
       1
       1
       0
       3
       2
       0
       0
       1
       2
       0
       0
       3
       0
       0
       1
       0
       0
       0
       0
       1
       0
       2
       0
       1
       0
       1
       0
       1
       1
       1
       2
       2
       0
       0
       0
       1
       0
       1
       1
       1
       0
       0
       1
       2
       1
       1
       1
       1
       0
       0
       0
       0
       0
       1
       0
       1
       1
       1
       2
       0
       1
       1
       0
       3
       4
       1
       4
       3
       1
       6
       2
       2
       1
       0
       0
       1
       0
       0
       2
       1
       0
       1
       0
       0
       0
       3
       0
       0
       0
       2
       1
       0
       1
       0
       1
       0
       1
       1
       2
       0
       0
       1
       2
       0
       0
       0
       1
       1
       1
       2
       4
       1
       2
       2
       4
       3
       3
       3
       1
       3
       5
      10
       5
       7
      10
       5
       4
       1
       0
       0
       1
       0
       0
       0
       0
       0
       0
       0
       0
       1
       1
       2
       2
       1
       1
       1
       3
       0
       0
       0
       0
       0
       1
       0
       0
       1
       2
       0
       0
       0
       0
       1
       0
       0
       0
       0
       0
       1
       0
       0
       0
       1
       0
       0
       0
       1
       0
       2
       2
       1
       0
       0
       1
       0
       0
       0
       2
       1
       3
       3
       2
       1
       5
       0
       1
       3
       0
       0
       1
       0
       0
       0
       0
       0
       0
       1
       0
       0
       1
       1
       0
       0
       0
       0
       1
       1
       0
       0
       0
       0
       1
       0
       0
       0
       0
       2
       0
       0
       0
       1
       0
       0
       1
       0
       0
       0
       0
       0
       0
       0
       0
       0
       1
       0
       0
       0
       0
       1
       0
       0
       0
       1
       1
       2
       0
       0
       1
       0
       0
       0
       1
       1
       0
       0
       0
       0
       0
       0
       1
       0
       0
       0
       0
       1
       1
       0
       0
       1
       0
       0
       0
       1
       1
       0
       0
       1
       1
       1
       0
       2
       1
       1
       1
       0
       0
       0
       0
       0
       1
       1
       0
       2
       3
       1
       2
       1
       1
       1
       2
       5
       4
       1
       2
       2
       2
       0
       0
       2
       1
       0
       0
       0
       0
       1
       0
       0
       0
       0
       0
       0
       0
       0
       0
       0
       0
       0
       0
       0
       1
       1
       0
       1
       0
       0
       0
       1
       1
       0
       0
       0
       1
       0
       1
       0
       0
       1
       0
       1
       2
       1
       1
       1
       0
       0
       1
       0
       2
       0
       0
       1
       0
       0
       2
       2
       1
       2
       4
      12
      11
      26
      34
      25
      30
      15
       4
       2
       1
       1
       1
       0
       0
       0
       1
       0
       0
       0
       1
       0
       1
       0
       0
       0
       0
       0
       2
       1
       0
       0
       0
       0
       0
       1
       1
       0
       0
       1
       1
       0
       0
       0
       0
       0
       0
       0
       1
       0
       0
       0
       0
       0
       0
       0
       0
       0
       0
       0
       0
       0
       1
       0
       0
       0
       0
       0
       0
       0
       0
       0
       0
       1
       0
       0
       0
       0
       0
       0
       0
       0
       1
       0
       0
       2
       0
       0
       0
       0
       0
       0
       0
       0
       0
       0
       0
       0
       1
       0
       0
       0
       0
       0
       0
       0
       0
       1
       0
       0
       1
       1
       0
       0
       0
       0
       1
       0
       0
       0
       0
       1
       0
       0
       0
       0
       1
       0
       0
       0
       0
       0
       0
       0
       0
       1
       0
       0
       0
       0
       0
       0
       0
       0
       0
       0
       0
       0
       0
       2
       1
       0
       0
       0
       0
       0
       0
       0
       0
       0
       1
       0
       1
       1
       0
       1
       0
       0
       0
       0
       0
       0
       0
       0
       0
       0
       0
       1
       0
       0
       0
       0
       1
       1
       0
       0
       0
       0
       0
       0
       0
       1
       0
       1
       1
       1
       0
       0
       0
       1
       0
       0
       0
       0
       0
       0
       0
       0
       0
       1
       0
       0
       0
       0
       0
       0
       0
       0
       1
       0
       0
       0
       0
       0
       0
       0
       0
       0
       1
       0
       1
       0
       0
       0
       0
       0
       0
       0
       1
       0
       0
       0
       0
       0
       0
       0
       0
       0
       0
       1
       0
       0
       1
       0
       0
       0
       0
       1
       0
       0
       1
       0
       1
       0
       0
       0
       0
       0
       0
       0
       0
       0
       1
       0
       0
       1
       0
       0
       0
       0
       0
       0
       0
       1
       0
       0
       1
       0
       0
       1
       0
       0
       0
       0
       1
       0
       0
       0
       0
       0
       0
       0
       0
       0
       1
       0
       0
       1
       0
       0
       0
       0
       0
       0
       0
       0
       0
       0
       0
       0
       0
       1
       0
       0
       0
       0
       1
       0
       1
       0
       1
       0
       0
       0
       0
       0
       0
       0
       0
       0
       0
       0
       0
       0
       3
       6
       4
       1
       2
       1
       0
       0
       0
       0
       0
       0
       0
       0
       1
       0
       0
       1
       0
       1
       0
       0
       0
       0
       0
       0
       0
       0
       0
       0
       0
       0
       0
       0
       0
       0
       0
       0
       0
       0
       0
       1
       0
       1
       1
       0
       0
       0
       0
       0
       0
       0
       1
       0
       0
       0
       0
       0
       0
       0
       0
       0
       0
       0
       0
       1
       0
       0
       0
       0
       0
       0
       0
       0
       0
       0
       0
       0
       0
       0
       0
       0
       1
       0
       0
       0
       0
       0
       0
       0
       0
       1
       0
       1
       0
       0
       0
       0
       0
       0
       0
       0
       0
       0
       1
       0
       0
       0
       0
       0
       0
       0
       0
       0
       0
       0
       0
       0
       0
       0
       0
       1
       0
       0
       0
       0
       0
       1
       0
       0
       0
       0
       0
       0
       0
       0
       0
       0
       0
       0
       0
       0
       0
       0
       0
       0
       0
       1
       0
       0
       1
       0
       0
       1
       0
       0
       0
       0
       0
       0
       0
       0
       1
       0
       0
       0
       0
       0
       1
       0
       0
       1
       0
       0
       0
       0
       0
       0
       0
       0
       0
       1
       0
       0
       0
       0
       0
       0
       0
       0
       0
       0
       0
       0
       0
       1
       0
       0
       0
       0
       0
       0
       0
       0
       0
       0
       0
       1
       0
       0
       0
       0
       0
       0
       0
       0
       0
       0
       0
       0
       0
       1
       0
       0
       0
       0
       0
       0
       0
       0
       0
       0
       0
       0
       0
       0
       0
       0
       1
       0
       0
       1
       1
       0
       0
       0
       0
       0
       0
       0
       1
       0
       0
       0
       0
       0
       0
       0
       0
       0
       0
       0
       0
       1
       0
       0
       0
       0
       0
       0
       0
       0
       0
       1
       0
       0
       0
       0
       0
       0
       0
       0
       0
       0
       1
       0
       0
       0
       0
       0
       0
       0
       0
       0
       1
       0
       0
       0
       0
       0
       0
       0
       0
       0
       0
       0
       0
       0
       0
       0
       0
       0
       0
       0
       0
       0
       0
       0
       1
       0
       0
       0
       0
       0
       1
       0
       0
       0
       0
       1
       0
       0
       0
       0
       0
       0
       0
       0
       0
       2
       0
       0
       0
       0
       0
       0
       0
       0
       0
       0
       0
       1
       0
       0
       0
       0
       0
       0
       0
       0
       0
       1
       1
       0
       0
       0
       0
       0
       0
       0
       0
       0
       0
       0
       0
       0
       0
       0
       0
       0
       0
       0
       0
       1
       0
       0
       0
       0
       0
       0
       0
       0
       0
       0
       0
       0
       0
       0
       0
       0
       0
       0
       0
       1
       0
       0
       0
       0
       0
       0
       0
       0
       0
       0
       0
       0
       0
       0
       0
       0
       0
       0
       0
       0
       0
       0
       0
       0
       0
       0
       0
       0
       0
       0
       0
       0
       0
       0
       0
       0
       0
       0
       0
       0
       0
       0
       0
       0
       0
       0
       0
       1
       0
       0
       0
       0
       0
       0
       0
       0
       1
       0
       0
       0
       1
       0
       0
       0
       0
       0
       0
       0
       0
       0
       1
       1
       0
       0
       0
       0
       0
       0
       0
       0
       0
       0
       0
       0
       0
       1
       0
       0
       0
       0
       0
       0
       0
       0
       0
       0
       0
       0
       0
       0
       0
       0
       0
       0
       0
       0
       0
       0
       0
       0
       0
       0
       0
       0
       0
       0
       0
       0
       0
       0
       0
       0
       0
       0
       0
       0
       0
       0
       0
       0
       0
       0
       0
       0
       1
       0
       0
       0
       0
       0
       0
       0
       0
       0
       0
       0
       0
       1
       0
       0
       0
       0
       0
       0
       0
       0
       0
       0
       0
       0
$ROI:
0
$PRESETS:
None
0
0
$ENER_FIT:
-0.17 0.50021
$MCA_CAL:
3
-0.17000 0.50021 0.00 keV
$SHAPE_CAL:
3
-0.765948053477 7.83958431117 -26.4079756712
$META:
{'istp': ['133CEm', '133CEg', '133LA', '132CE', '132LA', '139CE', '137CEg', '137CEm', '137LA', '135CE', '135LA', '134LA', '132CS', '7BE', '133BAm', '133BAg'], 'res': 0.05, 'R': 0.2, 'unc_eff': [[0.024053508436386758, -0.2517435071854035, 0.6502498581753428], [-0.25174350718540356, 2.65027007823169, -6.882714286693032], [0.6502498581753429, -6.882714286693032, 17.966849727438788]], 'alpha': 0.9}
