ASCII channel-by-channel listing for 290_102.18
1139 - 28 - 190 started 2018-10-17 18:20:09.0 on counter 43
Generated Oct 18 2018 01.50.11, CRNG database/web system
Channel Data
0 599
1 666
2 0
3 0
4 0
5 0
6 0
7 0
8 0
9 0
10 0
11 0
12 0
13 0
14 0
15 0
16 0
17 0
18 0
19 0
20 0
21 0
22 3
23 4
24 4
25 9
26 11
27 0
28 2
29 5
30 4
31 2
32 2
33 4
34 2
35 1
36 1
37 3
38 35
39 130
40 700
41 10788
42 23861
43 24206
44 23568
45 23415
46 23233
47 22966
48 23008
49 22442
50 22616
51 22299
52 22144
53 22023
54 21792
55 21820
56 21536
57 21674
58 21452
59 21222
60 21095
61 21056
62 20922
63 20837
64 20719
65 20560
66 20488
67 20442
68 20044
69 20350
70 20023
71 19900
72 19884
73 19785
74 19940
75 20001
76 19579
77 19685
78 19413
79 20126
80 20202
81 24575
82 26761
83 19685
84 18265
85 18232
86 17957
87 18081
88 18022
89 17934
90 17853
91 17894
92 17696
93 17998
94 17659
95 17835
96 17581
97 17592
98 17612
99 17629
100 17579
101 17378
102 17315
103 17429
104 17394
105 17286
106 17339
107 17400
108 17331
109 17325
110 17275
111 17083
112 17138
113 17011
114 17235
115 17498
116 17456
117 17335
118 17719
119 17966
120 16852
121 16686
122 16982
123 16696
124 16571
125 16768
126 16628
127 16777
128 16898
129 16694
130 16843
131 16978
132 16736
133 17689
134 22745
135 25578
136 18533
137 16585
138 16629
139 16683
140 16291
141 16265
142 16241
143 16323
144 16331
145 16473
146 16543
147 16119
148 16206
149 16543
150 16682
151 16432
152 16025
153 16071
154 16295
155 16212
156 15845
157 16178
158 16155
159 16025
160 16079
161 16135
162 15761
163 16212
164 16293
165 16392
166 16519
167 16419
168 16518
169 16857
170 16736
171 17021
172 16930
173 16601
174 16558
175 16602
176 16758
177 16699
178 16384
179 16501
180 16407
181 16364
182 16627
183 18088
184 18782
185 17133
186 16606
187 16312
188 16214
189 16501
190 16370
191 16560
192 16409
193 16449
194 16433
195 16355
196 16488
197 16467
198 16492
199 16497
200 16507
201 16587
202 16532
203 16775
204 16668
205 16838
206 16645
207 16770
208 17067
209 16950
210 16959
211 17132
212 16897
213 17091
214 17219
215 17416
216 17346
217 17224
218 17341
219 17204
220 17389
221 17354
222 17297
223 17596
224 17660
225 17841
226 17449
227 17773
228 17460
229 17862
230 17660
231 17699
232 17805
233 17790
234 17792
235 17687
236 17801
237 18098
238 17895
239 17807
240 18181
241 18030
242 21037
243 40172
244 58644
245 32654
246 18500
247 17916
248 17557
249 17724
250 17762
251 17665
252 18789
253 28035
254 45798
255 33808
256 19106
257 17453
258 17386
259 17526
260 17347
261 17473
262 17427
263 17421
264 17435
265 17425
266 17522
267 17545
268 17726
269 17259
270 17578
271 18315
272 21157
273 22257
274 18746
275 17641
276 17615
277 17587
278 17722
279 17605
280 17509
281 17657
282 17490
283 17650
284 17567
285 17571
286 17610
287 17788
288 17617
289 17536
290 17616
291 17651
292 17386
293 17377
294 17603
295 17374
296 17347
297 17634
298 17340
299 17566
300 17614
301 17567
302 17768
303 17644
304 17604
305 17468
306 17382
307 17567
308 17383
309 17530
310 17611
311 17633
312 17694
313 17657
314 17931
315 18259
316 20099
317 20293
318 18440
319 18315
320 17952
321 17919
322 17899
323 17886
324 18122
325 18163
326 18291
327 18393
328 18061
329 18375
330 18391
331 18416
332 18628
333 18821
334 19232
335 19371
336 19877
337 21343
338 21234
339 20860
340 21152
341 22028
342 22540
343 22897
344 23561
345 23570
346 24034
347 23926
348 24146
349 23929
350 24153
351 24063
352 24104
353 24141
354 23810
355 24186
356 24035
357 24219
358 23725
359 24281
360 23930
361 23969
362 23560
363 23548
364 23232
365 23132
366 22853
367 22904
368 22796
369 22914
370 22613
371 22054
372 22096
373 21819
374 21661
375 21323
376 20996
377 20796
378 20924
379 20531
380 20416
381 20205
382 19955
383 20025
384 19970
385 19945
386 19601
387 19434
388 18910
389 19090
390 18834
391 18738
392 18551
393 18384
394 18458
395 18169
396 18243
397 17860
398 17724
399 17801
400 17526
401 17590
402 17518
403 17195
404 16979
405 17232
406 17259
407 17055
408 16780
409 16712
410 16643
411 16624
412 16698
413 16457
414 16640
415 16180
416 16175
417 16054
418 16078
419 15946
420 15921
421 15855
422 15845
423 15862
424 15696
425 15405
426 15497
427 15619
428 15360
429 15269
430 15268
431 15117
432 15071
433 15104
434 14820
435 15090
436 14712
437 14721
438 14552
439 14524
440 14519
441 14609
442 14636
443 14486
444 14264
445 14362
446 14301
447 14314
448 14202
449 14096
450 13756
451 14032
452 14103
453 13862
454 13939
455 13675
456 13733
457 13820
458 13546
459 13687
460 13422
461 13431
462 13403
463 13356
464 13451
465 13370
466 13413
467 13336
468 13268
469 13175
470 12967
471 13167
472 13045
473 13214
474 13063
475 13047
476 12666
477 12782
478 12819
479 12805
480 12470
481 12925
482 12682
483 12829
484 13163
485 14641
486 17699
487 17600
488 13921
489 12786
490 12538
491 12903
492 13601
493 15961
494 16371
495 13871
496 12479
497 12513
498 12177
499 12211
500 12288
501 12025
502 12267
503 12250
504 12400
505 12075
506 12241
507 12412
508 12164
509 12064
510 12035
511 12136
512 11954
513 12070
514 12136
515 12110
516 12024
517 12148
518 11953
519 12871
520 14346
521 14656
522 12756
523 12027
524 12124
525 12016
526 11972
527 12026
528 11941
529 11907
530 11892
531 11912
532 12048
533 11957
534 11828
535 11962
536 11811
537 12146
538 12307
539 12366
540 11992
541 12010
542 11995
543 12055
544 11978
545 12001
546 11874
547 12147
548 11861
549 12043
550 12182
551 12082
552 11885
553 12290
554 11849
555 12100
556 12137
557 12117
558 11919
559 12142
560 12221
561 12187
562 12469
563 13796
564 18568
565 26040
566 24286
567 16136
568 12504
569 12409
570 12396
571 12375
572 12304
573 12420
574 12527
575 12421
576 12437
577 12411
578 12464
579 12257
580 12450
581 12501
582 12356
583 12410
584 12595
585 12690
586 12481
587 12430
588 12551
589 12565
590 12832
591 12819
592 12641
593 12736
594 12956
595 12816
596 12966
597 13013
598 13060
599 12923
600 12898
601 13019
602 12950
603 13119
604 12937
605 13039
606 13210
607 13302
608 13269
609 13651
610 13603
611 13581
612 13230
613 13247
614 13161
615 13353
616 13407
617 13365
618 13511
619 13528
620 13319
621 13488
622 13497
623 13605
624 13661
625 13582
626 13506
627 13607
628 13769
629 13844
630 13796
631 13552
632 13624
633 13820
634 13771
635 14028
636 13976
637 14001
638 14184
639 14329
640 14262
641 14261
642 14031
643 14151
644 14156
645 14347
646 14289
647 14663
648 14401
649 14308
650 14440
651 14476
652 14243
653 14578
654 14647
655 14309
656 14597
657 14862
658 14619
659 14681
660 14459
661 14569
662 14700
663 14522
664 14295
665 14714
666 14574
667 14616
668 14390
669 14489
670 14429
671 14308
672 14070
673 13809
674 13543
675 13648
676 13214
677 13116
678 13015
679 12605
680 11971
681 11521
682 11595
683 11228
684 10829
685 10624
686 10395
687 10153
688 9903
689 9991
690 9649
691 9823
692 9501
693 9382
694 9174
695 9033
696 9048
697 9024
698 9205
699 9290
700 8754
701 8444
702 8456
703 8211
704 8318
705 8060
706 8101
707 8094
708 8249
709 8046
710 8033
711 7898
712 7912
713 7866
714 7713
715 7788
716 7697
717 7444
718 7544
719 7595
720 7437
721 7390
722 7344
723 7399
724 7272
725 7291
726 7062
727 7184
728 7134
729 7161
730 7112
731 6976
732 6865
733 6968
734 6814
735 6867
736 6649
737 6777
738 6763
739 6678
740 6678
741 6583
742 6530
743 6831
744 7188
745 7855
746 7611
747 6773
748 6230
749 6288
750 6133
751 6256
752 6016
753 6172
754 6056
755 5965
756 5898
757 5972
758 5948
759 5842
760 5919
761 5785
762 5809
763 5719
764 5735
765 5536
766 5535
767 5666
768 5608
769 5659
770 5691
771 5526
772 5519
773 5363
774 5439
775 5504
776 5248
777 5195
778 5206
779 5120
780 5084
781 5104
782 5232
783 5028
784 5040
785 5362
786 6071
787 7032
788 6946
789 5674
790 4913
791 4787
792 4723
793 4700
794 4736
795 4676
796 4812
797 4786
798 4615
799 4496
800 4679
801 4584
802 4498
803 4490
804 4476
805 4542
806 4445
807 4398
808 4224
809 4334
810 4241
811 4235
812 4137
813 4210
814 4165
815 4199
816 4243
817 4109
818 4097
819 4184
820 4287
821 4395
822 4509
823 4478
824 4186
825 3845
826 3986
827 4008
828 3865
829 3986
830 3921
831 3807
832 3878
833 3812
834 3821
835 3846
836 3665
837 3724
838 3705
839 3639
840 3544
841 3701
842 3650
843 3694
844 3638
845 3663
846 3662
847 3581
848 3571
849 3599
850 3566
851 3528
852 3491
853 3518
854 3513
855 3475
856 3537
857 3531
858 3473
859 3535
860 3629
861 3530
862 3483
863 3485
864 3470
865 3410
866 3403
867 3476
868 3388
869 3462
870 3456
871 3437
872 3475
873 3434
874 3458
875 3422
876 3397
877 3518
878 3398
879 3446
880 3480
881 3485
882 3385
883 3479
884 3386
885 3361
886 3424
887 3435
888 3447
889 3339
890 3308
891 3378
892 3307
893 3404
894 3330
895 3368
896 3346
897 3477
898 3258
899 3413
900 3277
901 3306
902 3256
903 3292
904 3359
905 3341
906 3337
907 3326
908 3465
909 3404
910 3342
911 3403
912 3377
913 3273
914 3429
915 3341
916 3383
917 3278
918 3361
919 3361
920 3262
921 3356
922 3293
923 3415
924 3431
925 3375
926 3263
927 3373
928 3282
929 3257
930 3306
931 3329
932 3384
933 3376
934 3383
935 3361
936 3323
937 3347
938 3325
939 3380
940 3427
941 3295
942 3274
943 3367
944 3356
945 3365
946 3329
947 3476
948 3431
949 3557
950 3903
951 5056
952 7983
953 11712
954 12806
955 8731
956 4831
957 3480
958 3463
959 3517
960 3581
961 3543
962 3416
963 3320
964 3452
965 3357
966 3335
967 3352
968 3474
969 3387
970 3457
971 3491
972 3442
973 3534
974 3347
975 3476
976 3492
977 3517
978 3482
979 3567
980 3551
981 3592
982 3572
983 3366
984 3519
985 3495
986 3539
987 3549
988 3645
989 3577
990 3655
991 3720
992 3683
993 3775
994 3738
995 3795
996 3900
997 3968
998 3980
999 4066
1000 4035
1001 4094
1002 4262
1003 4249
1004 4262
1005 4401
1006 4541
1007 4740
1008 5131
1009 5620
1010 6726
1011 8809
1012 12785
1013 20417
1014 31126
1015 42957
1016 63392
1017 103772
1018 166750
1019 242930
1020 303674
1021 322662
1022 286590
1023 213506
1024 134454
1025 74993
1026 41563
1027 24446
1028 15832
1029 11177
1030 8375
1031 6739
1032 5779
1033 5287
1034 4868
1035 4532
1036 4353
1037 4216
1038 4322
1039 4226
1040 3865
1041 3682
1042 3635
1043 3496
1044 3487
1045 3565
1046 3456
1047 3289
1048 3312
1049 3214
1050 3207
1051 3156
1052 3097
1053 3045
1054 3015
1055 3046
1056 3033
1057 3142
1058 3094
1059 2999
1060 2981
1061 2915
1062 2854
1063 2861
1064 2765
1065 2741
1066 2785
1067 2778
1068 2738
1069 2697
1070 2692
1071 2654
1072 2746
1073 2641
1074 2596
1075 2604
1076 2544
1077 2542
1078 2592
1079 2585
1080 2489
1081 2543
1082 2556
1083 2549
1084 2474
1085 2503
1086 2545
1087 2436
1088 2404
1089 2466
1090 2514
1091 2623
1092 3065
1093 4152
1094 6456
1095 10012
1096 11873
1097 8734
1098 4459
1099 2692
1100 2391
1101 2370
1102 2249
1103 2417
1104 2366
1105 2310
1106 2298
1107 2198
1108 2226
1109 2171
1110 2149
1111 2196
1112 2236
1113 2244
1114 2228
1115 2160
1116 2186
1117 2253
1118 2230
1119 2156
1120 2110
1121 2248
1122 2172
1123 2064
1124 2141
1125 2122
1126 2190
1127 2081
1128 2182
1129 2146
1130 2108
1131 2013
1132 2108
1133 2107
1134 2159
1135 2136
1136 2149
1137 2171
1138 2014
1139 2188
1140 2019
1141 2137
1142 2103
1143 2120
1144 2026
1145 2020
1146 2059
1147 2020
1148 2088
1149 2037
1150 2040
1151 2032
1152 2059
1153 2000
1154 2132
1155 2069
1156 2039
1157 2076
1158 2093
1159 2060
1160 2041
1161 2028
1162 2048
1163 1981
1164 2063
1165 2082
1166 2010
1167 1934
1168 1969
1169 1994
1170 1995
1171 2011
1172 2039
1173 2078
1174 2119
1175 2291
1176 2362
1177 2359
1178 2114
1179 1923
1180 1981
1181 2041
1182 1977
1183 1997
1184 2030
1185 2044
1186 2092
1187 2296
1188 2853
1189 4090
1190 6601
1191 11092
1192 15434
1193 13733
1194 7181
1195 3145
1196 2193
1197 2071
1198 2110
1199 1986
1200 2028
1201 2050
1202 2003
1203 2014
1204 1947
1205 1927
1206 1965
1207 1973
1208 1884
1209 1951
1210 1923
1211 1898
1212 1902
1213 1909
1214 2041
1215 1840
1216 1922
1217 1907
1218 1943
1219 1964
1220 1929
1221 1919
1222 1922
1223 1934
1224 1962
1225 1866
1226 1854
1227 1862
1228 1814
1229 1888
1230 1795
1231 1861
1232 1794
1233 1836
1234 1760
1235 1757
1236 1839
1237 1674
1238 1754
1239 1606
1240 1705
1241 1680
1242 1676
1243 1692
1244 1772
1245 1643
1246 1691
1247 1718
1248 1678
1249 1749
1250 1681
1251 1708
1252 1611
1253 1556
1254 1623
1255 1661
1256 1687
1257 1619
1258 1633
1259 1633
1260 1576
1261 1719
1262 1623
1263 1626
1264 1628
1265 1654
1266 1660
1267 1625
1268 1558
1269 1689
1270 1585
1271 1653
1272 1677
1273 1779
1274 1770
1275 1768
1276 1653
1277 1596
1278 1506
1279 1517
1280 1543
1281 1558
1282 1498
1283 1528
1284 1610
1285 1573
1286 1591
1287 1508
1288 1549
1289 1509
1290 1596
1291 1616
1292 1537
1293 1540
1294 1547
1295 1519
1296 1494
1297 1505
1298 1568
1299 1498
1300 1508
1301 1466
1302 1444
1303 1520
1304 1521
1305 1566
1306 1572
1307 1833
1308 2221
1309 2943
1310 4019
1311 4515
1312 3608
1313 2172
1314 1530
1315 1458
1316 1511
1317 1471
1318 1459
1319 1460
1320 1428
1321 1484
1322 1424
1323 1484
1324 1378
1325 1405
1326 1411
1327 1396
1328 1354
1329 1429
1330 1427
1331 1360
1332 1426
1333 1365
1334 1431
1335 1382
1336 1392
1337 1409
1338 1444
1339 1374
1340 1410
1341 1476
1342 1388
1343 1321
1344 1421
1345 1425
1346 1396
1347 1432
1348 1425
1349 1433
1350 1456
1351 1460
1352 1425
1353 1378
1354 1520
1355 1409
1356 1415
1357 1380
1358 1490
1359 1520
1360 1467
1361 1598
1362 1605
1363 1527
1364 1519
1365 1462
1366 1486
1367 1482
1368 1459
1369 1378
1370 1423
1371 1366
1372 1402
1373 1418
1374 1354
1375 1366
1376 1320
1377 1360
1378 1323
1379 1397
1380 1380
1381 1280
1382 1278
1383 1307
1384 1313
1385 1325
1386 1266
1387 1325
1388 1303
1389 1189
1390 1268
1391 1303
1392 1341
1393 1323
1394 1294
1395 1349
1396 1294
1397 1289
1398 1293
1399 1271
1400 1219
1401 1368
1402 1235
1403 1281
1404 1323
1405 1316
1406 1315
1407 1257
1408 1235
1409 1253
1410 1271
1411 1270
1412 1304
1413 1276
1414 1254
1415 1305
1416 1229
1417 1276
1418 1184
1419 1334
1420 1277
1421 1240
1422 1294
1423 1224
1424 1277
1425 1288
1426 1241
1427 1203
1428 1246
1429 1304
1430 1236
1431 1270
1432 1328
1433 1231
1434 1232
1435 1195
1436 1209
1437 1273
1438 1275
1439 1236
1440 1227
1441 1234
1442 1245
1443 1218
1444 1189
1445 1234
1446 1240
1447 1211
1448 1208
1449 1190
1450 1256
1451 1221
1452 1210
1453 1218
1454 1186
1455 1170
1456 1149
1457 1195
1458 1189
1459 1097
1460 1121
1461 1131
1462 1156
1463 1087
1464 1103
1465 1063
1466 1101
1467 1054
1468 1103
1469 1069
1470 1048
1471 1109
1472 1045
1473 1027
1474 1073
1475 1001
1476 1028
1477 1066
1478 995
1479 1053
1480 1067
1481 1158
1482 1297
1483 1626
1484 2423
1485 3581
1486 5347
1487 6592
1488 5420
1489 2972
1490 1488
1491 1043
1492 1000
1493 971
1494 1005
1495 994
1496 1065
1497 1090
1498 1114
1499 1057
1500 1010
1501 959
1502 929
1503 905
1504 900
1505 900
1506 920
1507 941
1508 924
1509 874
1510 884
1511 928
1512 973
1513 924
1514 868
1515 928
1516 882
1517 906
1518 919
1519 900
1520 907
1521 888
1522 956
1523 884
1524 941
1525 862
1526 878
1527 923
1528 879
1529 892
1530 824
1531 907
1532 859
1533 883
1534 892
1535 920
1536 884
1537 864
1538 948
1539 877
1540 853
1541 853
1542 860
1543 833
1544 870
1545 872
1546 867
1547 839
1548 876
1549 857
1550 839
1551 819
1552 889
1553 857
1554 859
1555 900
1556 804
1557 837
1558 844
1559 847
1560 800
1561 861
1562 833
1563 795
1564 828
1565 837
1566 790
1567 895
1568 818
1569 854
1570 858
1571 802
1572 775
1573 786
1574 843
1575 813
1576 796
1577 856
1578 806
1579 772
1580 794
1581 840
1582 837
1583 817
1584 786
1585 857
1586 769
1587 816
1588 813
1589 815
1590 795
1591 816
1592 827
1593 803
1594 745
1595 806
1596 800
1597 782
1598 838
1599 788
1600 784
1601 788
1602 820
1603 912
1604 923
1605 998
1606 1149
1607 1004
1608 914
1609 851
1610 795
1611 819
1612 893
1613 954
1614 1245
1615 1880
1616 2849
1617 4791
1618 7596
1619 12282
1620 15314
1621 13934
1622 7450
1623 2852
1624 1312
1625 903
1626 859
1627 824
1628 780
1629 833
1630 775
1631 860
1632 803
1633 786
1634 766
1635 758
1636 825
1637 723
1638 752
1639 721
1640 754
1641 720
1642 710
1643 710
1644 746
1645 689
1646 690
1647 730
1648 691
1649 746
1650 722
1651 679
1652 681
1653 737
1654 751
1655 729
1656 711
1657 693
1658 673
1659 753
1660 643
1661 705
1662 649
1663 721
1664 778
1665 793
1666 848
1667 930
1668 1058
1669 942
1670 883
1671 725
1672 698
1673 718
1674 672
1675 684
1676 669
1677 694
1678 649
1679 690
1680 661
1681 698
1682 675
1683 710
1684 670
1685 698
1686 754
1687 887
1688 1098
1689 1516
1690 2077
1691 2980
1692 3423
1693 3203
1694 1987
1695 1172
1696 834
1697 695
1698 642
1699 667
1700 662
1701 627
1702 641
1703 676
1704 601
1705 628
1706 603
1707 620
1708 638
1709 609
1710 594
1711 619
1712 610
1713 621
1714 606
1715 603
1716 594
1717 603
1718 559
1719 623
1720 634
1721 615
1722 615
1723 641
1724 605
1725 692
1726 703
1727 707
1728 708
1729 639
1730 637
1731 641
1732 604
1733 566
1734 616
1735 638
1736 603
1737 601
1738 585
1739 618
1740 559
1741 572
1742 576
1743 586
1744 587
1745 602
1746 597
1747 616
1748 628
1749 563
1750 647
1751 641
1752 595
1753 565
1754 566
1755 575
1756 563
1757 565
1758 577
1759 559
1760 566
1761 566
1762 559
1763 608
1764 588
1765 578
1766 583
1767 578
1768 608
1769 558
1770 556
1771 593
1772 591
1773 572
1774 587
1775 571
1776 547
1777 559
1778 566
1779 556
1780 599
1781 565
1782 577
1783 617
1784 599
1785 563
1786 545
1787 556
1788 613
1789 573
1790 582
1791 604
1792 591
1793 627
1794 607
1795 633
1796 585
1797 567
1798 633
1799 575
1800 517
1801 604
1802 580
1803 587
1804 562
1805 588
1806 554
1807 616
1808 608
1809 539
1810 577
1811 577
1812 640
1813 665
1814 711
1815 722
1816 737
1817 688
1818 653
1819 587
1820 538
1821 528
1822 588
1823 589
1824 531
1825 531
1826 546
1827 570
1828 579
1829 592
1830 555
1831 587
1832 563
1833 536
1834 571
1835 573
1836 533
1837 548
1838 508
1839 566
1840 559
1841 543
1842 586
1843 603
1844 617
1845 588
1846 594
1847 648
1848 537
1849 598
1850 582
1851 612
1852 660
1853 693
1854 807
1855 1139
1856 1617
1857 2242
1858 3425
1859 5255
1860 8001
1861 9506
1862 8127
1863 4860
1864 2260
1865 1477
1866 1674
1867 2263
1868 3275
1869 4381
1870 4377
1871 3261
1872 1673
1873 838
1874 592
1875 596
1876 552
1877 552
1878 621
1879 616
1880 607
1881 564
1882 621
1883 567
1884 586
1885 546
1886 543
1887 545
1888 596
1889 571
1890 604
1891 607
1892 542
1893 525
1894 611
1895 579
1896 547
1897 541
1898 590
1899 530
1900 543
1901 527
1902 581
1903 531
1904 562
1905 558
1906 520
1907 537
1908 523
1909 522
1910 561
1911 543
1912 516
1913 576
1914 588
1915 513
1916 549
1917 589
1918 523
1919 551
1920 514
1921 525
1922 554
1923 559
1924 537
1925 567
1926 528
1927 533
1928 532
1929 498
1930 572
1931 525
1932 551
1933 536
1934 534
1935 534
1936 553
1937 494
1938 526
1939 559
1940 526
1941 549
1942 518
1943 562
1944 525
1945 490
1946 524
1947 504
1948 519
1949 523
1950 550
1951 537
1952 558
1953 574
1954 569
1955 556
1956 556
1957 551
1958 528
1959 558
1960 552
1961 524
1962 581
1963 563
1964 562
1965 542
1966 558
1967 603
1968 605
1969 555
1970 540
1971 555
1972 560
1973 570
1974 584
1975 531
1976 580
1977 565
1978 531
1979 501
1980 529
1981 549
1982 524
1983 537
1984 514
1985 502
1986 480
1987 521
1988 582
1989 515
1990 497
1991 547
1992 579
1993 500
1994 516
1995 561
1996 526
1997 530
1998 562
1999 525
2000 528
2001 504
2002 532
2003 532
2004 502
2005 544
2006 511
2007 533
2008 580
2009 555
2010 537
2011 562
2012 550
2013 550
2014 537
2015 573
2016 557
2017 540
2018 581
2019 555
2020 518
2021 563
2022 525
2023 562
2024 540
2025 536
2026 549
2027 567
2028 584
2029 574
2030 559
2031 609
2032 547
2033 591
2034 580
2035 583
2036 597
2037 618
2038 584
2039 616
2040 612
2041 584
2042 568
2043 548
2044 557
2045 546
2046 513
2047 514
2048 487
2049 503
2050 502
2051 499
2052 498
2053 433
2054 482
2055 494
2056 482
2057 509
2058 483
2059 524
2060 482
2061 515
2062 468
2063 478
2064 483
2065 502
2066 520
2067 484
2068 475
2069 490
2070 488
2071 575
2072 641
2073 784
2074 752
2075 694
2076 608
2077 565
2078 513
2079 513
2080 446
2081 473
2082 465
2083 517
2084 445
2085 459
2086 481
2087 490
2088 480
2089 464
2090 475
2091 464
2092 501
2093 434
2094 472
2095 476
2096 491
2097 486
2098 449
2099 486
2100 478
2101 496
2102 438
2103 468
2104 473
2105 487
2106 457
2107 491
2108 455
2109 485
2110 485
2111 475
2112 462
2113 457
2114 481
2115 493
2116 469
2117 455
2118 493
2119 485
2120 505
2121 451
2122 454
2123 502
2124 471
2125 471
2126 504
2127 457
2128 481
2129 495
2130 484
2131 467
2132 477
2133 489
2134 510
2135 485
2136 478
2137 476
2138 487
2139 477
2140 510
2141 466
2142 466
2143 469
2144 469
2145 461
2146 491
2147 457
2148 513
2149 463
2150 485
2151 457
2152 435
2153 469
2154 496
2155 487
2156 498
2157 518
2158 458
2159 472
2160 462
2161 479
2162 465
2163 457
2164 513
2165 467
2166 451
2167 483
2168 502
2169 514
2170 507
2171 462
2172 454
2173 518
2174 447
2175 459
2176 517
2177 477
2178 497
2179 496
2180 480
2181 506
2182 474
2183 475
2184 481
2185 470
2186 431
2187 512
2188 490
2189 480
2190 505
2191 517
2192 497
2193 551
2194 551
2195 578
2196 612
2197 639
2198 606
2199 578
2200 509
2201 489
2202 532
2203 494
2204 500
2205 477
2206 498
2207 481
2208 437
2209 491
2210 473
2211 498
2212 492
2213 477
2214 529
2215 486
2216 504
2217 490
2218 488
2219 451
2220 460
2221 504
2222 484
2223 520
2224 504
2225 475
2226 509
2227 492
2228 536
2229 573
2230 577
2231 560
2232 551
2233 510
2234 484
2235 477
2236 491
2237 530
2238 506
2239 492
2240 476
2241 484
2242 485
2243 493
2244 500
2245 528
2246 507
2247 511
2248 484
2249 497
2250 494
2251 516
2252 467
2253 515
2254 521
2255 506
2256 504
2257 503
2258 455
2259 466
2260 478
2261 495
2262 498
2263 493
2264 485
2265 503
2266 491
2267 509
2268 516
2269 455
2270 499
2271 484
2272 515
2273 486
2274 481
2275 510
2276 497
2277 494
2278 474
2279 491
2280 516
2281 513
2282 487
2283 508
2284 503
2285 527
2286 525
2287 468
2288 498
2289 523
2290 487
2291 507
2292 545
2293 517
2294 480
2295 487
2296 534
2297 503
2298 520
2299 490
2300 489
2301 468
2302 539
2303 520
2304 449
2305 455
2306 471
2307 497
2308 550
2309 501
2310 480
2311 469
2312 481
2313 494
2314 462
2315 495
2316 473
2317 487
2318 492
2319 461
2320 431
2321 478
2322 460
2323 435
2324 432
2325 432
2326 431
2327 441
2328 421
2329 463
2330 478
2331 438
2332 435
2333 434
2334 427
2335 439
2336 437
2337 467
2338 423
2339 444
2340 470
2341 484
2342 507
2343 552
2344 558
2345 543
2346 532
2347 515
2348 442
2349 461
2350 468
2351 416
2352 414
2353 410
2354 385
2355 405
2356 441
2357 428
2358 401
2359 442
2360 442
2361 437
2362 441
2363 443
2364 484
2365 523
2366 595
2367 657
2368 790
2369 808
2370 738
2371 593
2372 464
2373 425
2374 390
2375 380
2376 420
2377 386
2378 399
2379 388
2380 359
2381 332
2382 398
2383 393
2384 404
2385 379
2386 413
2387 435
2388 416
2389 385
2390 371
2391 399
2392 374
2393 407
2394 390
2395 385
2396 407
2397 348
2398 390
2399 397
2400 356
2401 336
2402 414
2403 360
2404 389
2405 336
2406 377
2407 369
2408 356
2409 412
2410 363
2411 357
2412 349
2413 330
2414 334
2415 398
2416 350
2417 357
2418 377
2419 351
2420 366
2421 348
2422 393
2423 385
2424 362
2425 348
2426 368
2427 346
2428 377
2429 356
2430 355
2431 333
2432 335
2433 339
2434 314
2435 304
2436 317
2437 347
2438 345
2439 320
2440 320
2441 335
2442 298
2443 329
2444 288
2445 308
2446 325
2447 332
2448 311
2449 325
2450 286
2451 307
2452 307
2453 300
2454 300
2455 302
2456 296
2457 301
2458 301
2459 323
2460 279
2461 287
2462 308
2463 299
2464 297
2465 304
2466 322
2467 325
2468 365
2469 386
2470 476
2471 588
2472 753
2473 910
2474 1165
2475 1310
2476 1083
2477 756
2478 460
2479 331
2480 302
2481 323
2482 307
2483 310
2484 294
2485 296
2486 316
2487 308
2488 351
2489 372
2490 419
2491 407
2492 407
2493 367
2494 292
2495 296
2496 273
2497 294
2498 268
2499 298
2500 260
2501 270
2502 281
2503 268
2504 260
2505 263
2506 256
2507 268
2508 263
2509 265
2510 270
2511 279
2512 281
2513 254
2514 264
2515 259
2516 248
2517 285
2518 294
2519 297
2520 252
2521 234
2522 225
2523 257
2524 242
2525 265
2526 218
2527 208
2528 235
2529 241
2530 243
2531 236
2532 245
2533 225
2534 238
2535 218
2536 231
2537 224
2538 235
2539 228
2540 243
2541 225
2542 217
2543 232
2544 236
2545 206
2546 215
2547 238
2548 227
2549 252
2550 215
2551 208
2552 240
2553 204
2554 217
2555 230
2556 201
2557 203
2558 216
2559 209
2560 252
2561 204
2562 212
2563 218
2564 204
2565 220
2566 221
2567 209
2568 232
2569 215
2570 243
2571 237
2572 237
2573 228
2574 193
2575 223
2576 202
2577 221
2578 225
2579 254
2580 266
2581 278
2582 311
2583 270
2584 259
2585 216
2586 209
2587 200
2588 214
2589 183
2590 213
2591 216
2592 206
2593 167
2594 179
2595 216
2596 202
2597 174
2598 217
2599 220
2600 191
2601 219
2602 200
2603 183
2604 202
2605 183
2606 184
2607 205
2608 193
2609 226
2610 215
2611 206
2612 187
2613 178
2614 189
2615 190
2616 180
2617 223
2618 200
2619 176
2620 207
2621 201
2622 231
2623 193
2624 215
2625 251
2626 280
2627 304
2628 406
2629 436
2630 552
2631 630
2632 666
2633 513
2634 343
2635 260
2636 171
2637 183
2638 207
2639 217
2640 195
2641 176
2642 177
2643 202
2644 198
2645 193
2646 191
2647 174
2648 177
2649 201
2650 164
2651 150
2652 181
2653 158
2654 190
2655 189
2656 179
2657 197
2658 209
2659 187
2660 222
2661 251
2662 274
2663 290
2664 333
2665 352
2666 314
2667 278
2668 224
2669 202
2670 184
2671 181
2672 176
2673 170
2674 175
2675 174
2676 186
2677 187
2678 181
2679 197
2680 202
2681 236
2682 222
2683 255
2684 285
2685 336
2686 382
2687 496
2688 615
2689 780
2690 877
2691 733
2692 541
2693 352
2694 234
2695 177
2696 180
2697 161
2698 166
2699 163
2700 174
2701 167
2702 165
2703 179
2704 167
2705 163
2706 190
2707 149
2708 186
2709 170
2710 177
2711 157
2712 192
2713 164
2714 182
2715 205
2716 198
2717 203
2718 220
2719 212
2720 215
2721 213
2722 178
2723 169
2724 171
2725 144
2726 182
2727 178
2728 184
2729 177
2730 190
2731 197
2732 179
2733 243
2734 262
2735 295
2736 340
2737 388
2738 418
2739 347
2740 273
2741 240
2742 242
2743 261
2744 295
2745 428
2746 551
2747 754
2748 953
2749 1259
2750 1820
2751 2408
2752 3329
2753 3920
2754 3942
2755 2994
2756 1710
2757 712
2758 331
2759 199
2760 205
2761 180
2762 151
2763 195
2764 183
2765 201
2766 185
2767 179
2768 166
2769 180
2770 180
2771 177
2772 185
2773 157
2774 148
2775 187
2776 166
2777 175
2778 157
2779 170
2780 170
2781 162
2782 163
2783 153
2784 158
2785 172
2786 144
2787 187
2788 167
2789 168
2790 156
2791 142
2792 156
2793 143
2794 163
2795 142
2796 147
2797 151
2798 143
2799 130
2800 154
2801 153
2802 139
2803 169
2804 184
2805 170
2806 191
2807 232
2808 254
2809 267
2810 369
2811 440
2812 654
2813 814
2814 995
2815 1119
2816 1070
2817 842
2818 483
2819 241
2820 185
2821 178
2822 159
2823 155
2824 144
2825 149
2826 154
2827 148
2828 140
2829 165
2830 148
2831 141
2832 144
2833 165
2834 161
2835 144
2836 175
2837 139
2838 153
2839 154
2840 158
2841 146
2842 158
2843 146
2844 145
2845 145
2846 162
2847 140
2848 167
2849 130
2850 151
2851 161
2852 158
2853 164
2854 170
2855 164
2856 230
2857 254
2858 310
2859 381
2860 462
2861 564
2862 747
2863 1115
2864 1446
2865 1826
2866 2236
2867 2210
2868 1696
2869 971
2870 487
2871 209
2872 179
2873 191
2874 172
2875 160
2876 155
2877 181
2878 181
2879 189
2880 207
2881 190
2882 204
2883 203
2884 188
2885 181
2886 173
2887 153
2888 151
2889 159
2890 173
2891 168
2892 179
2893 163
2894 133
2895 152
2896 113
2897 135
2898 139
2899 145
2900 160
2901 138
2902 153
2903 118
2904 160
2905 137
2906 134
2907 143
2908 106
2909 131
2910 132
2911 109
2912 137
2913 147
2914 122
2915 115
2916 148
2917 127
2918 129
2919 149
2920 126
2921 147
2922 138
2923 141
2924 134
2925 140
2926 132
2927 132
2928 152
2929 110
2930 115
2931 150
2932 141
2933 133
2934 129
2935 146
2936 133
2937 147
2938 141
2939 135
2940 146
2941 137
2942 142
2943 151
2944 134
2945 128
2946 121
2947 124
2948 127
2949 118
2950 111
2951 125
2952 133
2953 130
2954 103
2955 120
2956 124
2957 136
2958 138
2959 122
2960 129
2961 136
2962 144
2963 123
2964 121
2965 127
2966 137
2967 140
2968 138
2969 115
2970 125
2971 129
2972 122
2973 118
2974 124
2975 104
2976 140
2977 119
2978 147
2979 122
2980 119
2981 152
2982 129
2983 142
2984 122
2985 126
2986 119
2987 109
2988 125
2989 124
2990 112
2991 131
2992 116
2993 126
2994 126
2995 109
2996 132
2997 107
2998 126
2999 126
3000 123
3001 138
3002 125
3003 129
3004 117
3005 140
3006 109
3007 143
3008 144
3009 149
3010 101
3011 119
3012 133
3013 139
3014 120
3015 122
3016 138
3017 99
3018 141
3019 122
3020 109
3021 123
3022 123
3023 122
3024 119
3025 143
3026 138
3027 121
3028 126
3029 142
3030 114
3031 135
3032 111
3033 131
3034 123
3035 119
3036 126
3037 127
3038 127
3039 122
3040 119
3041 113
3042 115
3043 122
3044 129
3045 114
3046 101
3047 119
3048 125
3049 123
3050 130
3051 117
3052 118
3053 128
3054 125
3055 136
3056 100
3057 119
3058 130
3059 132
3060 127
3061 112
3062 118
3063 130
3064 157
3065 120
3066 133
3067 97
3068 115
3069 105
3070 122
3071 124
3072 125
3073 113
3074 112
3075 133
3076 112
3077 110
3078 123
3079 121
3080 109
3081 124
3082 124
3083 108
3084 125
3085 121
3086 117
3087 101
3088 111
3089 108
3090 119
3091 116
3092 97
3093 102
3094 114
3095 116
3096 120
3097 94
3098 107
3099 125
3100 108
3101 98
3102 95
3103 115
3104 94
3105 112
3106 121
3107 120
3108 105
3109 106
3110 108
3111 125
3112 122
3113 109
3114 103
3115 107
3116 109
3117 108
3118 125
3119 113
3120 91
3121 113
3122 108
3123 114
3124 101
3125 107
3126 109
3127 108
3128 110
3129 100
3130 110
3131 120
3132 74
3133 98
3134 138
3135 110
3136 101
3137 104
3138 130
3139 105
3140 107
3141 126
3142 108
3143 127
3144 98
3145 113
3146 101
3147 103
3148 111
3149 120
3150 123
3151 145
3152 144
3153 119
3154 121
3155 98
3156 104
3157 106
3158 90
3159 111
3160 123
3161 122
3162 88
3163 108
3164 99
3165 99
3166 113
3167 92
3168 97
3169 112
3170 92
3171 108
3172 103
3173 96
3174 113
3175 91
3176 104
3177 103
3178 90
3179 101
3180 108
3181 109
3182 101
3183 97
3184 100
3185 93
3186 98
3187 98
3188 103
3189 96
3190 98
3191 117
3192 93
3193 86
3194 85
3195 96
3196 85
3197 112
3198 99
3199 91
3200 95
3201 108
3202 96
3203 109
3204 93
3205 102
3206 104
3207 94
3208 109
3209 109
3210 94
3211 86
3212 86
3213 104
3214 112
3215 106
3216 97
3217 98
3218 93
3219 96
3220 103
3221 111
3222 92
3223 109
3224 89
3225 98
3226 99
3227 95
3228 95
3229 92
3230 91
3231 91
3232 96
3233 92
3234 95
3235 94
3236 108
3237 89
3238 95
3239 98
3240 88
3241 101
3242 97
3243 106
3244 101
3245 92
3246 87
3247 94
3248 97
3249 127
3250 101
3251 92
3252 108
3253 96
3254 102
3255 101
3256 85
3257 105
3258 104
3259 79
3260 86
3261 87
3262 97
3263 91
3264 93
3265 107
3266 101
3267 83
3268 91
3269 93
3270 94
3271 92
3272 94
3273 83
3274 100
3275 83
3276 85
3277 84
3278 117
3279 87
3280 87
3281 89
3282 86
3283 88
3284 79
3285 95
3286 98
3287 92
3288 102
3289 87
3290 89
3291 78
3292 108
3293 86
3294 96
3295 96
3296 102
3297 95
3298 91
3299 97
3300 95
3301 73
3302 82
3303 82
3304 80
3305 91
3306 97
3307 98
3308 97
3309 92
3310 72
3311 91
3312 99
3313 110
3314 109
3315 101
3316 99
3317 86
3318 94
3319 100
3320 81
3321 101
3322 83
3323 98
3324 95
3325 101
3326 95
3327 93
3328 87
3329 89
3330 93
3331 91
3332 100
3333 96
3334 79
3335 104
3336 96
3337 75
3338 89
3339 89
3340 95
3341 101
3342 119
3343 107
3344 113
3345 101
3346 95
3347 112
3348 118
3349 122
3350 104
3351 76
3352 102
3353 97
3354 93
3355 96
3356 99
3357 109
3358 100
3359 91
3360 90
3361 99
3362 87
3363 92
3364 82
3365 74
3366 95
3367 82
3368 95
3369 73
3370 75
3371 87
3372 96
3373 75
3374 96
3375 79
3376 80
3377 83
3378 99
3379 93
3380 82
3381 68
3382 64
3383 85
3384 74
3385 78
3386 83
3387 98
3388 79
3389 73
3390 90
3391 81
3392 77
3393 83
3394 76
3395 83
3396 84
3397 86
3398 81
3399 74
3400 67
3401 62
3402 74
3403 83
3404 65
3405 76
3406 77
3407 73
3408 82
3409 92
3410 65
3411 77
3412 75
3413 64
3414 81
3415 79
3416 75
3417 80
3418 66
3419 67
3420 77
3421 75
3422 78
3423 79
3424 68
3425 59
3426 61
3427 98
3428 77
3429 61
3430 83
3431 84
3432 69
3433 56
3434 69
3435 74
3436 67
3437 77
3438 70
3439 77
3440 79
3441 94
3442 84
3443 73
3444 63
3445 68
3446 74
3447 57
3448 82
3449 81
3450 66
3451 59
3452 69
3453 62
3454 76
3455 92
3456 78
3457 71
3458 87
3459 92
3460 70
3461 66
3462 84
3463 84
3464 70
3465 61
3466 68
3467 70
3468 77
3469 68
3470 66
3471 84
3472 70
3473 52
3474 68
3475 73
3476 71
3477 65
3478 73
3479 85
3480 65
3481 61
3482 69
3483 60
3484 72
3485 56
3486 66
3487 68
3488 73
3489 64
3490 74
3491 60
3492 91
3493 85
3494 69
3495 52
3496 61
3497 79
3498 71
3499 60
3500 83
3501 70
3502 54
3503 73
3504 68
3505 99
3506 100
3507 99
3508 115
3509 157
3510 162
3511 196
3512 235
3513 241
3514 274
3515 215
3516 160
3517 116
3518 78
3519 69
3520 68
3521 77
3522 57
3523 62
3524 65
3525 68
3526 76
3527 75
3528 73
3529 67
3530 72
3531 76
3532 64
3533 63
3534 80
3535 95
3536 105
3537 124
3538 125
3539 157
3540 142
3541 177
3542 190
3543 145
3544 106
3545 90
3546 73
3547 55
3548 66
3549 61
3550 63
3551 53
3552 78
3553 56
3554 52
3555 67
3556 55
3557 43
3558 59
3559 67
3560 61
3561 63
3562 58
3563 57
3564 51
3565 57
3566 66
3567 48
3568 48
3569 57
3570 64
3571 54
3572 53
3573 55
3574 52
3575 63
3576 59
3577 60
3578 58
3579 70
3580 57
3581 61
3582 67
3583 56
3584 60
3585 54
3586 52
3587 56
3588 60
3589 61
3590 49
3591 53
3592 55
3593 52
3594 57
3595 50
3596 58
3597 47
3598 50
3599 59
3600 61
3601 51
3602 51
3603 47
3604 57
3605 53
3606 42
3607 53
3608 42
3609 60
3610 53
3611 44
3612 61
3613 63
3614 58
3615 51
3616 57
3617 75
3618 70
3619 62
3620 57
3621 69
3622 57
3623 64
3624 45
3625 51
3626 53
3627 47
3628 60
3629 38
3630 50
3631 52
3632 52
3633 58
3634 52
3635 55
3636 57
3637 46
3638 56
3639 52
3640 54
3641 43
3642 49
3643 55
3644 45
3645 49
3646 46
3647 58
3648 55
3649 40
3650 59
3651 53
3652 56
3653 49
3654 53
3655 47
3656 50
3657 42
3658 54
3659 51
3660 33
3661 60
3662 42
3663 46
3664 35
3665 45
3666 52
3667 41
3668 37
3669 59
3670 51
3671 50
3672 50
3673 48
3674 46
3675 42
3676 45
3677 45
3678 52
3679 46
3680 38
3681 53
3682 45
3683 39
3684 46
3685 44
3686 39
3687 49
3688 47
3689 50
3690 41
3691 41
3692 48
3693 43
3694 46
3695 43
3696 35
3697 46
3698 39
3699 51
3700 46
3701 52
3702 44
3703 62
3704 41
3705 49
3706 49
3707 36
3708 49
3709 43
3710 36
3711 37
3712 27
3713 42
3714 34
3715 50
3716 42
3717 44
3718 52
3719 36
3720 39
3721 32
3722 49
3723 50
3724 42
3725 42
3726 34
3727 54
3728 49
3729 49
3730 65
3731 56
3732 33
3733 43
3734 24
3735 40
3736 48
3737 40
3738 51
3739 45
3740 56
3741 40
3742 31
3743 50
3744 37
3745 38
3746 47
3747 30
3748 31
3749 40
3750 43
3751 48
3752 45
3753 44
3754 40
3755 40
3756 36
3757 37
3758 34
3759 37
3760 29
3761 29
3762 34
3763 42
3764 27
3765 46
3766 43
3767 37
3768 49
3769 36
3770 50
3771 56
3772 44
3773 61
3774 63
3775 55
3776 54
3777 46
3778 60
3779 36
3780 37
3781 38
3782 36
3783 42
3784 35
3785 44
3786 42
3787 36
3788 34
3789 34
3790 39
3791 38
3792 32
3793 36
3794 40
3795 30
3796 41
3797 43
3798 33
3799 46
3800 46
3801 41
3802 32
3803 34
3804 40
3805 40
3806 41
3807 36
3808 41
3809 33
3810 45
3811 35
3812 34
3813 38
3814 35
3815 41
3816 31
3817 39
3818 36
3819 44
3820 46
3821 49
3822 33
3823 45
3824 44
3825 42
3826 67
3827 63
3828 72
3829 86
3830 108
3831 119
3832 154
3833 219
3834 257
3835 319
3836 380
3837 423
3838 456
3839 357
3840 254
3841 150
3842 74
3843 56
3844 27
3845 33
3846 38
3847 30
3848 30
3849 35
3850 46
3851 42
3852 40
3853 32
3854 41
3855 38
3856 31
3857 38
3858 36
3859 28
3860 41
3861 40
3862 38
3863 46
3864 42
3865 28
3866 28
3867 34
3868 47
3869 40
3870 32
3871 36
3872 36
3873 44
3874 28
3875 38
3876 27
3877 32
3878 33
3879 26
3880 38
3881 33
3882 32
3883 40
3884 37
3885 35
3886 48
3887 44
3888 39
3889 40
3890 32
3891 28
3892 28
3893 36
3894 33
3895 24
3896 37
3897 22
3898 24
3899 27
3900 30
3901 32
3902 29
3903 23
3904 43
3905 36
3906 34
3907 33
3908 32
3909 25
3910 22
3911 30
3912 32
3913 43
3914 15
3915 33
3916 28
3917 30
3918 27
3919 31
3920 30
3921 30
3922 35
3923 27
3924 38
3925 29
3926 42
3927 39
3928 44
3929 44
3930 34
3931 29
3932 35
3933 25
3934 27
3935 34
3936 27
3937 31
3938 27
3939 23
3940 32
3941 29
3942 28
3943 29
3944 21
3945 34
3946 14
3947 27
3948 32
3949 29
3950 28
3951 18
3952 32
3953 28
3954 26
3955 31
3956 31
3957 33
3958 36
3959 25
3960 24
3961 29
3962 33
3963 21
3964 40
3965 23
3966 18
3967 28
3968 16
3969 33
3970 35
3971 40
3972 30
3973 31
3974 32
3975 27
3976 33
3977 30
3978 32
3979 29
3980 25
3981 26
3982 17
3983 22
3984 27
3985 27
3986 27
3987 27
3988 19
3989 29
3990 30
3991 29
3992 19
3993 30
3994 33
3995 36
3996 38
3997 35
3998 34
3999 36
4000 22
4001 22
4002 30
4003 26
4004 21
4005 35
4006 28
4007 19
4008 13
4009 33
4010 28
4011 27
4012 27
4013 30
4014 33
4015 26
4016 37
4017 25
4018 23
4019 24
4020 28
4021 31
4022 16
4023 29
4024 31
4025 36
4026 34
4027 32
4028 37
4029 49
4030 50
4031 44
4032 31
4033 21
4034 16
4035 28
4036 21
4037 32
4038 24
4039 24
4040 29
4041 20
4042 30
4043 27
4044 24
4045 33
4046 36
4047 25
4048 30
4049 24
4050 28
4051 24
4052 25
4053 24
4054 26
4055 34
4056 25
4057 29
4058 36
4059 40
4060 29
4061 40
4062 38
4063 40
4064 50
4065 55
4066 53
4067 63
4068 79
4069 53
4070 56
4071 54
4072 30
4073 27
4074 32
4075 29
4076 18
4077 25
4078 20
4079 12
4080 23
4081 21
4082 14
4083 21
4084 15
4085 22
4086 21
4087 28
4088 32
4089 24
4090 31
4091 22
4092 16
4093 17
4094 18
4095 24
End
