ASCII channel-by-channel listing for 290_107.18
1139 - 28 - 365 started 2018-10-17 20:38:15.0 on counter 43
Generated Oct 18 2018 01.50.38, CRNG database/web system
Channel Data
0 600
1 665
2 0
3 0
4 0
5 0
6 0
7 0
8 0
9 0
10 0
11 0
12 0
13 0
14 0
15 0
16 0
17 0
18 0
19 0
20 0
21 0
22 3
23 8
24 3
25 6
26 4
27 2
28 0
29 5
30 6
31 4
32 2
33 5
34 5
35 1
36 1
37 6
38 32
39 126
40 734
41 10796
42 24537
43 24409
44 24130
45 23614
46 23734
47 23507
48 23542
49 23143
50 23175
51 22914
52 22698
53 22379
54 22030
55 22579
56 22287
57 21707
58 21693
59 21619
60 21470
61 21377
62 21189
63 21098
64 21001
65 20925
66 20584
67 20974
68 20758
69 20418
70 20710
71 20638
72 20475
73 20329
74 20225
75 20041
76 20312
77 20284
78 20312
79 20498
80 21312
81 26717
82 29811
83 20455
84 18319
85 18344
86 18033
87 18266
88 18156
89 17912
90 18195
91 17849
92 17782
93 17956
94 17860
95 18031
96 17631
97 17584
98 17499
99 17410
100 17385
101 17392
102 17550
103 17479
104 17407
105 17302
106 17186
107 17144
108 17177
109 17394
110 17340
111 17445
112 16965
113 17201
114 17193
115 17760
116 17892
117 17226
118 17929
119 17881
120 17114
121 17032
122 16582
123 17078
124 16730
125 16949
126 16648
127 16864
128 16653
129 16853
130 16801
131 16739
132 17136
133 17618
134 21981
135 24395
136 18173
137 16608
138 16735
139 16617
140 16413
141 16199
142 16088
143 16361
144 16370
145 16586
146 16186
147 16437
148 16216
149 16304
150 16488
151 16301
152 16237
153 16072
154 15980
155 16172
156 16044
157 16462
158 16184
159 16156
160 16163
161 16202
162 16083
163 16260
164 16277
165 16575
166 16639
167 16494
168 16859
169 16811
170 16948
171 16788
172 16734
173 16665
174 16912
175 16744
176 16642
177 16599
178 16435
179 16532
180 16510
181 16149
182 16577
183 16459
184 16533
185 16353
186 16297
187 16431
188 16493
189 16489
190 16400
191 16468
192 16448
193 16462
194 16335
195 16260
196 16599
197 16434
198 16597
199 16496
200 16734
201 16895
202 16631
203 16475
204 16433
205 16562
206 16847
207 16927
208 16885
209 17015
210 17105
211 17169
212 16975
213 17232
214 17486
215 17265
216 17320
217 17211
218 17392
219 17337
220 17382
221 17821
222 17356
223 17489
224 17475
225 17560
226 17856
227 17753
228 17632
229 17824
230 17572
231 17959
232 17984
233 17975
234 17767
235 17861
236 17865
237 17751
238 18019
239 17926
240 18095
241 18251
242 21370
243 41212
244 60907
245 34081
246 18785
247 17906
248 17797
249 17825
250 17631
251 17963
252 19255
253 30080
254 51222
255 36867
256 19600
257 17739
258 17533
259 17441
260 17470
261 17670
262 17656
263 17559
264 17743
265 17487
266 17447
267 17448
268 17617
269 17425
270 17683
271 18242
272 21134
273 22667
274 18799
275 17734
276 17489
277 17652
278 17514
279 17485
280 17543
281 17573
282 17354
283 17473
284 17854
285 17699
286 17682
287 17673
288 17549
289 17844
290 17719
291 17600
292 17358
293 17712
294 17538
295 17591
296 17445
297 17764
298 17539
299 17831
300 17758
301 17529
302 17540
303 17546
304 17606
305 17429
306 17477
307 17455
308 17494
309 17521
310 17831
311 17747
312 17735
313 17620
314 17842
315 18227
316 19201
317 19483
318 18139
319 18040
320 17616
321 17726
322 18012
323 18261
324 17921
325 18194
326 18133
327 18403
328 18246
329 18136
330 18593
331 18540
332 18751
333 18968
334 18643
335 19275
336 19637
337 19626
338 20142
339 20728
340 20915
341 22171
342 22391
343 23235
344 23302
345 23865
346 23745
347 24340
348 24242
349 24273
350 24571
351 24532
352 24367
353 24310
354 24413
355 24358
356 24348
357 24394
358 24100
359 23986
360 23966
361 23864
362 23897
363 23957
364 23613
365 23426
366 23412
367 23457
368 22923
369 22781
370 22778
371 22574
372 22519
373 22134
374 22086
375 21645
376 21413
377 21280
378 21037
379 20862
380 20588
381 20374
382 20314
383 20045
384 19648
385 19939
386 19693
387 19197
388 19093
389 19005
390 18936
391 18680
392 18168
393 18320
394 18360
395 18050
396 18085
397 17526
398 17785
399 17724
400 17427
401 17345
402 16969
403 16967
404 17141
405 16703
406 16633
407 16604
408 16565
409 16431
410 16355
411 16079
412 16124
413 15824
414 15800
415 15756
416 15568
417 15597
418 15528
419 15528
420 15502
421 15170
422 15029
423 15097
424 14988
425 14854
426 15040
427 14850
428 14657
429 14829
430 14642
431 14830
432 14578
433 14412
434 14439
435 14165
436 14427
437 14280
438 14317
439 14262
440 14145
441 14270
442 13804
443 14000
444 14082
445 14034
446 13739
447 14210
448 13703
449 13626
450 13610
451 13765
452 13699
453 13632
454 13511
455 13450
456 13418
457 13487
458 13175
459 13420
460 13358
461 13243
462 13131
463 13258
464 13274
465 12993
466 12907
467 13158
468 12956
469 12998
470 13017
471 12685
472 12735
473 12882
474 12661
475 12763
476 12880
477 12721
478 12538
479 12661
480 12710
481 12781
482 12625
483 12694
484 13088
485 15393
486 19517
487 19538
488 14689
489 12719
490 12423
491 12809
492 13841
493 17003
494 17829
495 14285
496 12279
497 12212
498 12072
499 12079
500 12115
501 12316
502 12229
503 12254
504 12157
505 11968
506 12218
507 12036
508 12162
509 12056
510 12179
511 12260
512 12072
513 12057
514 12213
515 12036
516 11975
517 12380
518 12266
519 13176
520 15196
521 15545
522 12990
523 12259
524 12086
525 11885
526 11978
527 12088
528 11964
529 11970
530 11952
531 11841
532 12112
533 12192
534 11921
535 11999
536 11980
537 12026
538 12330
539 12329
540 12160
541 11928
542 12130
543 11831
544 12017
545 12091
546 11830
547 11856
548 11980
549 11995
550 12069
551 12095
552 12004
553 12180
554 12004
555 12073
556 12059
557 11840
558 12194
559 12111
560 12106
561 12420
562 12198
563 13309
564 17401
565 24121
566 23148
567 15489
568 12493
569 12294
570 12331
571 12293
572 12413
573 12567
574 12365
575 12313
576 12489
577 12283
578 12255
579 12551
580 12381
581 12526
582 12442
583 12657
584 12457
585 12523
586 12685
587 12513
588 12532
589 12554
590 12584
591 12595
592 12571
593 12743
594 12735
595 12773
596 12681
597 13010
598 12635
599 12952
600 13075
601 12925
602 12866
603 13040
604 12994
605 13110
606 13042
607 13148
608 13396
609 13703
610 13879
611 13339
612 13357
613 13439
614 13391
615 13419
616 13255
617 13643
618 13407
619 13540
620 13505
621 13744
622 13545
623 13720
624 13508
625 13729
626 13779
627 13903
628 13718
629 14074
630 13980
631 14048
632 14031
633 13824
634 14106
635 14053
636 14020
637 14167
638 14116
639 14334
640 14447
641 14526
642 14338
643 14351
644 14118
645 14444
646 14523
647 14445
648 14545
649 14525
650 14649
651 14608
652 14525
653 14589
654 14804
655 14770
656 14807
657 14624
658 14697
659 14672
660 14884
661 14773
662 14858
663 14957
664 14770
665 14534
666 14688
667 14664
668 14364
669 14538
670 14576
671 14561
672 14496
673 14009
674 14127
675 13614
676 13647
677 13440
678 12839
679 12875
680 12279
681 11926
682 11719
683 11162
684 10898
685 10871
686 10643
687 10264
688 10047
689 9823
690 9602
691 9470
692 9364
693 9160
694 9165
695 9047
696 9097
697 9135
698 9546
699 9354
700 9030
701 8547
702 8499
703 8334
704 8370
705 8264
706 8163
707 8163
708 8240
709 8013
710 7998
711 8159
712 7858
713 7820
714 7720
715 7718
716 7634
717 7697
718 7467
719 7531
720 7434
721 7424
722 7337
723 7388
724 7144
725 7308
726 7074
727 7070
728 7094
729 7098
730 7116
731 6942
732 6978
733 6939
734 6867
735 6827
736 6703
737 6726
738 6663
739 6653
740 6637
741 6554
742 6455
743 6538
744 7063
745 7693
746 7620
747 6694
748 6231
749 6359
750 6190
751 6134
752 6059
753 6071
754 6067
755 6015
756 5917
757 5954
758 5723
759 5862
760 5835
761 5730
762 5574
763 5619
764 5623
765 5593
766 5488
767 5528
768 5523
769 5432
770 5417
771 5481
772 5239
773 5284
774 5060
775 5275
776 5221
777 5131
778 5208
779 5129
780 5044
781 5143
782 4968
783 4970
784 5119
785 5422
786 6364
787 7716
788 7543
789 5809
790 4899
791 4710
792 4645
793 4669
794 4650
795 4676
796 4563
797 4561
798 4466
799 4500
800 4471
801 4485
802 4372
803 4333
804 4279
805 4243
806 4202
807 4246
808 4305
809 4124
810 4048
811 4151
812 4253
813 4136
814 3920
815 4025
816 4093
817 4072
818 4076
819 3925
820 3874
821 3929
822 3965
823 3925
824 3859
825 3866
826 3697
827 3872
828 3849
829 3759
830 3653
831 3746
832 3697
833 3625
834 3684
835 3662
836 3416
837 3587
838 3485
839 3553
840 3441
841 3468
842 3410
843 3473
844 3411
845 3342
846 3535
847 3423
848 3515
849 3287
850 3337
851 3367
852 3339
853 3321
854 3338
855 3359
856 3351
857 3261
858 3316
859 3222
860 3312
861 3305
862 3353
863 3365
864 3306
865 3182
866 3263
867 3189
868 3190
869 3233
870 3237
871 3185
872 3121
873 3176
874 3228
875 3185
876 3251
877 3139
878 3177
879 3195
880 3227
881 3326
882 3138
883 3214
884 3054
885 3133
886 3218
887 3189
888 3185
889 3111
890 3050
891 3164
892 3117
893 3178
894 3110
895 3215
896 3154
897 3091
898 3036
899 3104
900 3092
901 3103
902 3109
903 3079
904 3131
905 3178
906 3103
907 3029
908 3048
909 3023
910 3173
911 3080
912 3071
913 3024
914 2993
915 3067
916 2944
917 3020
918 3089
919 3073
920 3105
921 3059
922 3048
923 3026
924 2934
925 3040
926 3051
927 3035
928 3093
929 3029
930 2962
931 3010
932 3148
933 2947
934 2954
935 3073
936 3060
937 3071
938 3055
939 3124
940 3003
941 3047
942 3011
943 2904
944 3086
945 3072
946 3083
947 3057
948 3109
949 3031
950 3117
951 3256
952 3816
953 4837
954 6038
955 5585
956 4046
957 3283
958 3087
959 3121
960 3245
961 3141
962 3121
963 3045
964 3060
965 3038
966 3090
967 3075
968 3117
969 3135
970 3134
971 3102
972 3160
973 3183
974 3029
975 3113
976 3185
977 3166
978 3147
979 3254
980 3186
981 3145
982 3184
983 3318
984 3299
985 3284
986 3216
987 3270
988 3388
989 3423
990 3310
991 3250
992 3451
993 3483
994 3344
995 3495
996 3536
997 3597
998 3637
999 3653
1000 3651
1001 3661
1002 3745
1003 3858
1004 4018
1005 4057
1006 4238
1007 4575
1008 4878
1009 5442
1010 6531
1011 8888
1012 13583
1013 22863
1014 35145
1015 46761
1016 64833
1017 103550
1018 165438
1019 242704
1020 305718
1021 328674
1022 295225
1023 222883
1024 143411
1025 81428
1026 45233
1027 26661
1028 16877
1029 11720
1030 8842
1031 6805
1032 5859
1033 5069
1034 4664
1035 4363
1036 4202
1037 4039
1038 4035
1039 3697
1040 3674
1041 3535
1042 3453
1043 3388
1044 3315
1045 3201
1046 3121
1047 3078
1048 2990
1049 2909
1050 2976
1051 2884
1052 2816
1053 2726
1054 2680
1055 2687
1056 2732
1057 2837
1058 2796
1059 2713
1060 2559
1061 2624
1062 2463
1063 2580
1064 2493
1065 2514
1066 2413
1067 2382
1068 2410
1069 2387
1070 2337
1071 2314
1072 2306
1073 2335
1074 2210
1075 2270
1076 2273
1077 2141
1078 2213
1079 2246
1080 2217
1081 2197
1082 2044
1083 2100
1084 2131
1085 2217
1086 2081
1087 2104
1088 2090
1089 2190
1090 2046
1091 2320
1092 3014
1093 4438
1094 7383
1095 12165
1096 15186
1097 11417
1098 5077
1099 2465
1100 2020
1101 1942
1102 1919
1103 1947
1104 1932
1105 1906
1106 1852
1107 1891
1108 1863
1109 1792
1110 1856
1111 1857
1112 1821
1113 1785
1114 1793
1115 1773
1116 1789
1117 1840
1118 1810
1119 1805
1120 1816
1121 1822
1122 1762
1123 1732
1124 1756
1125 1707
1126 1732
1127 1786
1128 1688
1129 1794
1130 1808
1131 1781
1132 1808
1133 1699
1134 1729
1135 1698
1136 1712
1137 1839
1138 1718
1139 1803
1140 1794
1141 1683
1142 1615
1143 1665
1144 1732
1145 1753
1146 1722
1147 1667
1148 1645
1149 1707
1150 1662
1151 1602
1152 1577
1153 1707
1154 1609
1155 1698
1156 1635
1157 1759
1158 1618
1159 1584
1160 1636
1161 1651
1162 1637
1163 1650
1164 1637
1165 1581
1166 1596
1167 1632
1168 1661
1169 1580
1170 1671
1171 1715
1172 1679
1173 1656
1174 1800
1175 1880
1176 1959
1177 1832
1178 1745
1179 1677
1180 1693
1181 1628
1182 1590
1183 1496
1184 1657
1185 1618
1186 1818
1187 1936
1188 2756
1189 4437
1190 7936
1191 13958
1192 19959
1193 18533
1194 9522
1195 3472
1196 1835
1197 1731
1198 1634
1199 1692
1200 1558
1201 1628
1202 1540
1203 1538
1204 1538
1205 1579
1206 1509
1207 1524
1208 1506
1209 1524
1210 1521
1211 1505
1212 1548
1213 1487
1214 1503
1215 1517
1216 1546
1217 1542
1218 1405
1219 1515
1220 1568
1221 1511
1222 1430
1223 1446
1224 1459
1225 1420
1226 1420
1227 1456
1228 1431
1229 1411
1230 1442
1231 1407
1232 1397
1233 1374
1234 1383
1235 1355
1236 1411
1237 1378
1238 1282
1239 1372
1240 1317
1241 1369
1242 1264
1243 1346
1244 1362
1245 1267
1246 1323
1247 1282
1248 1291
1249 1321
1250 1276
1251 1299
1252 1309
1253 1257
1254 1280
1255 1293
1256 1227
1257 1241
1258 1252
1259 1171
1260 1283
1261 1273
1262 1242
1263 1209
1264 1259
1265 1216
1266 1229
1267 1210
1268 1240
1269 1253
1270 1307
1271 1294
1272 1380
1273 1398
1274 1520
1275 1422
1276 1274
1277 1205
1278 1265
1279 1247
1280 1245
1281 1174
1282 1218
1283 1134
1284 1168
1285 1246
1286 1170
1287 1231
1288 1170
1289 1177
1290 1163
1291 1175
1292 1132
1293 1173
1294 1135
1295 1159
1296 1146
1297 1134
1298 1179
1299 1207
1300 1180
1301 1161
1302 1119
1303 1115
1304 1114
1305 1141
1306 1206
1307 1301
1308 1753
1309 2321
1310 3261
1311 3730
1312 3061
1313 1868
1314 1235
1315 1109
1316 1081
1317 1072
1318 1040
1319 1074
1320 1056
1321 1094
1322 1126
1323 1044
1324 1085
1325 1040
1326 1039
1327 1045
1328 1088
1329 1077
1330 1054
1331 1072
1332 991
1333 1078
1334 985
1335 1002
1336 1063
1337 1051
1338 960
1339 1045
1340 1073
1341 1031
1342 1038
1343 1002
1344 969
1345 1070
1346 1032
1347 1017
1348 1077
1349 1031
1350 1019
1351 1022
1352 1031
1353 1046
1354 1053
1355 1049
1356 1077
1357 1075
1358 1077
1359 1039
1360 1109
1361 1063
1362 1086
1363 1145
1364 1166
1365 1079
1366 1054
1367 1066
1368 1013
1369 1015
1370 1010
1371 998
1372 1005
1373 972
1374 934
1375 991
1376 932
1377 960
1378 926
1379 988
1380 943
1381 956
1382 942
1383 945
1384 944
1385 940
1386 950
1387 898
1388 959
1389 892
1390 823
1391 903
1392 854
1393 869
1394 912
1395 843
1396 850
1397 860
1398 816
1399 873
1400 881
1401 810
1402 835
1403 822
1404 831
1405 848
1406 876
1407 838
1408 812
1409 822
1410 831
1411 861
1412 825
1413 845
1414 834
1415 853
1416 827
1417 814
1418 837
1419 767
1420 799
1421 798
1422 780
1423 838
1424 790
1425 815
1426 799
1427 777
1428 801
1429 785
1430 764
1431 764
1432 788
1433 762
1434 779
1435 742
1436 790
1437 788
1438 803
1439 828
1440 771
1441 735
1442 731
1443 776
1444 774
1445 717
1446 762
1447 785
1448 747
1449 754
1450 748
1451 757
1452 770
1453 738
1454 815
1455 731
1456 704
1457 730
1458 711
1459 745
1460 719
1461 706
1462 701
1463 775
1464 755
1465 744
1466 724
1467 771
1468 739
1469 743
1470 711
1471 749
1472 719
1473 725
1474 746
1475 706
1476 710
1477 694
1478 673
1479 667
1480 691
1481 715
1482 708
1483 705
1484 785
1485 722
1486 756
1487 736
1488 694
1489 704
1490 697
1491 712
1492 663
1493 705
1494 690
1495 712
1496 711
1497 747
1498 760
1499 781
1500 713
1501 679
1502 662
1503 702
1504 683
1505 648
1506 674
1507 704
1508 692
1509 709
1510 649
1511 697
1512 628
1513 631
1514 649
1515 665
1516 679
1517 680
1518 669
1519 685
1520 680
1521 692
1522 683
1523 672
1524 673
1525 680
1526 610
1527 688
1528 709
1529 658
1530 625
1531 647
1532 667
1533 655
1534 627
1535 678
1536 665
1537 663
1538 711
1539 673
1540 639
1541 624
1542 669
1543 630
1544 632
1545 639
1546 670
1547 640
1548 647
1549 615
1550 635
1551 596
1552 616
1553 636
1554 639
1555 645
1556 646
1557 625
1558 603
1559 647
1560 651
1561 605
1562 611
1563 627
1564 635
1565 674
1566 641
1567 632
1568 599
1569 616
1570 622
1571 603
1572 620
1573 640
1574 663
1575 636
1576 626
1577 627
1578 628
1579 691
1580 608
1581 625
1582 681
1583 640
1584 647
1585 680
1586 657
1587 676
1588 658
1589 621
1590 676
1591 681
1592 612
1593 669
1594 612
1595 636
1596 599
1597 593
1598 605
1599 637
1600 648
1601 556
1602 615
1603 631
1604 649
1605 609
1606 586
1607 633
1608 663
1609 648
1610 621
1611 642
1612 686
1613 757
1614 907
1615 1304
1616 1860
1617 3020
1618 4795
1619 7699
1620 9838
1621 9101
1622 5446
1623 2253
1624 933
1625 682
1626 632
1627 659
1628 664
1629 647
1630 624
1631 685
1632 645
1633 681
1634 610
1635 630
1636 630
1637 571
1638 592
1639 600
1640 627
1641 600
1642 573
1643 647
1644 551
1645 630
1646 600
1647 552
1648 560
1649 591
1650 600
1651 592
1652 534
1653 564
1654 593
1655 586
1656 584
1657 589
1658 581
1659 559
1660 583
1661 565
1662 553
1663 535
1664 649
1665 696
1666 741
1667 809
1668 867
1669 825
1670 732
1671 655
1672 623
1673 531
1674 579
1675 575
1676 546
1677 562
1678 591
1679 520
1680 597
1681 605
1682 545
1683 595
1684 552
1685 613
1686 622
1687 668
1688 807
1689 1077
1690 1534
1691 2138
1692 2608
1693 2383
1694 1564
1695 851
1696 625
1697 546
1698 547
1699 543
1700 514
1701 569
1702 566
1703 526
1704 506
1705 570
1706 532
1707 524
1708 499
1709 529
1710 556
1711 516
1712 478
1713 487
1714 528
1715 523
1716 477
1717 495
1718 505
1719 516
1720 533
1721 537
1722 513
1723 522
1724 499
1725 546
1726 571
1727 546
1728 579
1729 564
1730 489
1731 531
1732 554
1733 542
1734 478
1735 517
1736 507
1737 439
1738 516
1739 505
1740 490
1741 466
1742 470
1743 480
1744 483
1745 479
1746 539
1747 536
1748 531
1749 518
1750 586
1751 563
1752 502
1753 497
1754 508
1755 489
1756 498
1757 506
1758 504
1759 501
1760 500
1761 510
1762 489
1763 506
1764 446
1765 507
1766 513
1767 495
1768 515
1769 483
1770 502
1771 500
1772 446
1773 467
1774 462
1775 457
1776 524
1777 494
1778 502
1779 486
1780 469
1781 496
1782 456
1783 497
1784 465
1785 505
1786 417
1787 494
1788 469
1789 516
1790 484
1791 511
1792 542
1793 554
1794 534
1795 532
1796 489
1797 470
1798 488
1799 492
1800 498
1801 442
1802 501
1803 477
1804 488
1805 484
1806 453
1807 467
1808 432
1809 431
1810 496
1811 481
1812 513
1813 557
1814 602
1815 610
1816 667
1817 558
1818 545
1819 471
1820 462
1821 475
1822 448
1823 490
1824 447
1825 466
1826 482
1827 486
1828 425
1829 513
1830 530
1831 447
1832 467
1833 463
1834 456
1835 466
1836 459
1837 510
1838 451
1839 484
1840 468
1841 481
1842 489
1843 420
1844 474
1845 413
1846 479
1847 480
1848 477
1849 466
1850 441
1851 448
1852 434
1853 432
1854 467
1855 424
1856 497
1857 493
1858 524
1859 562
1860 596
1861 753
1862 651
1863 564
1864 508
1865 455
1866 462
1867 445
1868 493
1869 507
1870 477
1871 462
1872 456
1873 448
1874 481
1875 465
1876 483
1877 473
1878 453
1879 446
1880 444
1881 440
1882 453
1883 471
1884 469
1885 450
1886 451
1887 421
1888 444
1889 426
1890 432
1891 480
1892 455
1893 463
1894 455
1895 456
1896 454
1897 460
1898 400
1899 470
1900 483
1901 422
1902 460
1903 485
1904 429
1905 449
1906 474
1907 463
1908 459
1909 442
1910 500
1911 469
1912 427
1913 418
1914 460
1915 429
1916 468
1917 432
1918 437
1919 447
1920 447
1921 465
1922 467
1923 483
1924 452
1925 444
1926 470
1927 431
1928 468
1929 498
1930 425
1931 446
1932 470
1933 449
1934 459
1935 443
1936 435
1937 472
1938 428
1939 468
1940 466
1941 468
1942 423
1943 472
1944 493
1945 461
1946 444
1947 453
1948 476
1949 421
1950 438
1951 450
1952 456
1953 464
1954 503
1955 452
1956 411
1957 460
1958 465
1959 462
1960 436
1961 443
1962 418
1963 464
1964 429
1965 480
1966 383
1967 448
1968 406
1969 449
1970 433
1971 432
1972 470
1973 472
1974 414
1975 422
1976 446
1977 446
1978 450
1979 483
1980 463
1981 423
1982 444
1983 471
1984 463
1985 435
1986 455
1987 457
1988 460
1989 492
1990 457
1991 455
1992 426
1993 472
1994 452
1995 479
1996 450
1997 489
1998 471
1999 400
2000 412
2001 456
2002 450
2003 473
2004 438
2005 422
2006 433
2007 461
2008 469
2009 475
2010 409
2011 464
2012 412
2013 455
2014 464
2015 460
2016 450
2017 497
2018 432
2019 471
2020 469
2021 468
2022 472
2023 472
2024 472
2025 494
2026 488
2027 480
2028 472
2029 480
2030 481
2031 477
2032 532
2033 488
2034 506
2035 502
2036 519
2037 515
2038 547
2039 483
2040 517
2041 508
2042 479
2043 474
2044 491
2045 452
2046 454
2047 442
2048 429
2049 400
2050 442
2051 403
2052 400
2053 374
2054 406
2055 380
2056 395
2057 426
2058 400
2059 378
2060 415
2061 416
2062 373
2063 380
2064 422
2065 403
2066 347
2067 419
2068 398
2069 417
2070 455
2071 476
2072 520
2073 551
2074 580
2075 604
2076 570
2077 444
2078 426
2079 407
2080 389
2081 371
2082 411
2083 426
2084 419
2085 387
2086 384
2087 392
2088 423
2089 431
2090 421
2091 397
2092 410
2093 412
2094 386
2095 417
2096 400
2097 404
2098 394
2099 413
2100 387
2101 381
2102 389
2103 407
2104 421
2105 423
2106 411
2107 408
2108 404
2109 399
2110 399
2111 350
2112 354
2113 389
2114 396
2115 401
2116 443
2117 426
2118 393
2119 402
2120 396
2121 436
2122 367
2123 387
2124 402
2125 366
2126 408
2127 396
2128 384
2129 422
2130 382
2131 396
2132 373
2133 408
2134 408
2135 391
2136 431
2137 386
2138 391
2139 427
2140 367
2141 421
2142 408
2143 407
2144 410
2145 403
2146 384
2147 392
2148 380
2149 394
2150 393
2151 415
2152 397
2153 346
2154 387
2155 388
2156 388
2157 442
2158 403
2159 412
2160 362
2161 391
2162 389
2163 411
2164 411
2165 405
2166 402
2167 376
2168 389
2169 379
2170 389
2171 408
2172 348
2173 391
2174 407
2175 386
2176 405
2177 399
2178 375
2179 403
2180 398
2181 402
2182 402
2183 439
2184 453
2185 397
2186 378
2187 398
2188 399
2189 389
2190 441
2191 433
2192 451
2193 412
2194 487
2195 534
2196 510
2197 534
2198 518
2199 517
2200 436
2201 446
2202 424
2203 416
2204 448
2205 405
2206 434
2207 424
2208 396
2209 379
2210 431
2211 424
2212 466
2213 442
2214 427
2215 431
2216 428
2217 402
2218 368
2219 427
2220 433
2221 408
2222 472
2223 425
2224 412
2225 448
2226 427
2227 455
2228 440
2229 495
2230 525
2231 438
2232 441
2233 397
2234 429
2235 386
2236 398
2237 420
2238 378
2239 430
2240 430
2241 393
2242 389
2243 400
2244 423
2245 423
2246 444
2247 400
2248 418
2249 419
2250 414
2251 408
2252 387
2253 454
2254 409
2255 396
2256 418
2257 452
2258 429
2259 414
2260 444
2261 400
2262 415
2263 419
2264 406
2265 419
2266 423
2267 412
2268 390
2269 402
2270 404
2271 432
2272 394
2273 408
2274 375
2275 420
2276 401
2277 420
2278 439
2279 408
2280 437
2281 465
2282 424
2283 420
2284 419
2285 429
2286 378
2287 445
2288 399
2289 402
2290 404
2291 425
2292 394
2293 370
2294 418
2295 464
2296 437
2297 387
2298 401
2299 419
2300 405
2301 449
2302 394
2303 400
2304 416
2305 383
2306 424
2307 389
2308 381
2309 397
2310 424
2311 427
2312 378
2313 385
2314 395
2315 394
2316 420
2317 417
2318 405
2319 365
2320 399
2321 341
2322 356
2323 365
2324 343
2325 388
2326 353
2327 358
2328 341
2329 348
2330 308
2331 348
2332 346
2333 363
2334 328
2335 315
2336 366
2337 332
2338 353
2339 352
2340 370
2341 392
2342 408
2343 436
2344 448
2345 462
2346 461
2347 403
2348 366
2349 385
2350 330
2351 287
2352 319
2353 307
2354 305
2355 324
2356 320
2357 354
2358 289
2359 297
2360 260
2361 302
2362 353
2363 356
2364 371
2365 417
2366 456
2367 504
2368 608
2369 647
2370 631
2371 537
2372 383
2373 307
2374 314
2375 288
2376 284
2377 302
2378 273
2379 271
2380 295
2381 271
2382 272
2383 306
2384 296
2385 294
2386 280
2387 282
2388 297
2389 267
2390 283
2391 302
2392 273
2393 271
2394 304
2395 310
2396 275
2397 268
2398 315
2399 301
2400 282
2401 282
2402 318
2403 268
2404 248
2405 269
2406 285
2407 314
2408 256
2409 279
2410 268
2411 252
2412 247
2413 243
2414 299
2415 294
2416 276
2417 244
2418 282
2419 270
2420 272
2421 248
2422 249
2423 253
2424 284
2425 256
2426 283
2427 278
2428 278
2429 272
2430 285
2431 265
2432 281
2433 240
2434 267
2435 258
2436 278
2437 243
2438 275
2439 264
2440 274
2441 263
2442 232
2443 263
2444 253
2445 286
2446 252
2447 270
2448 248
2449 272
2450 243
2451 245
2452 256
2453 254
2454 272
2455 240
2456 252
2457 257
2458 239
2459 258
2460 268
2461 237
2462 255
2463 257
2464 242
2465 273
2466 277
2467 309
2468 290
2469 345
2470 377
2471 443
2472 585
2473 708
2474 798
2475 993
2476 902
2477 612
2478 389
2479 288
2480 282
2481 228
2482 247
2483 247
2484 244
2485 262
2486 237
2487 226
2488 230
2489 242
2490 228
2491 247
2492 246
2493 222
2494 219
2495 235
2496 204
2497 216
2498 219
2499 201
2500 205
2501 211
2502 193
2503 221
2504 205
2505 215
2506 227
2507 233
2508 222
2509 202
2510 215
2511 216
2512 227
2513 208
2514 219
2515 211
2516 229
2517 197
2518 194
2519 223
2520 202
2521 206
2522 204
2523 198
2524 198
2525 193
2526 200
2527 213
2528 226
2529 196
2530 199
2531 181
2532 205
2533 203
2534 209
2535 212
2536 229
2537 197
2538 199
2539 207
2540 192
2541 214
2542 211
2543 194
2544 214
2545 209
2546 196
2547 191
2548 194
2549 200
2550 196
2551 200
2552 215
2553 183
2554 207
2555 192
2556 209
2557 217
2558 195
2559 190
2560 189
2561 183
2562 190
2563 196
2564 189
2565 191
2566 164
2567 170
2568 200
2569 188
2570 223
2571 206
2572 176
2573 183
2574 162
2575 194
2576 200
2577 214
2578 209
2579 212
2580 231
2581 269
2582 246
2583 231
2584 192
2585 191
2586 196
2587 190
2588 185
2589 170
2590 154
2591 186
2592 179
2593 189
2594 180
2595 175
2596 210
2597 169
2598 182
2599 183
2600 170
2601 210
2602 185
2603 173
2604 193
2605 171
2606 189
2607 194
2608 193
2609 173
2610 186
2611 188
2612 175
2613 177
2614 188
2615 172
2616 197
2617 185
2618 185
2619 170
2620 188
2621 204
2622 170
2623 167
2624 177
2625 174
2626 197
2627 184
2628 194
2629 176
2630 192
2631 187
2632 186
2633 202
2634 196
2635 175
2636 170
2637 196
2638 179
2639 173
2640 180
2641 186
2642 182
2643 183
2644 158
2645 186
2646 173
2647 173
2648 175
2649 181
2650 183
2651 155
2652 177
2653 172
2654 167
2655 172
2656 173
2657 179
2658 190
2659 179
2660 180
2661 214
2662 238
2663 236
2664 224
2665 199
2666 199
2667 187
2668 170
2669 203
2670 174
2671 182
2672 161
2673 180
2674 192
2675 177
2676 193
2677 179
2678 168
2679 197
2680 198
2681 226
2682 211
2683 275
2684 302
2685 338
2686 405
2687 532
2688 651
2689 853
2690 913
2691 895
2692 622
2693 398
2694 230
2695 185
2696 195
2697 167
2698 177
2699 184
2700 167
2701 187
2702 166
2703 170
2704 183
2705 175
2706 173
2707 161
2708 167
2709 182
2710 163
2711 182
2712 194
2713 169
2714 202
2715 185
2716 169
2717 205
2718 211
2719 219
2720 228
2721 188
2722 184
2723 190
2724 156
2725 201
2726 175
2727 168
2728 191
2729 177
2730 198
2731 165
2732 177
2733 160
2734 210
2735 192
2736 205
2737 168
2738 188
2739 201
2740 205
2741 200
2742 255
2743 256
2744 355
2745 448
2746 588
2747 708
2748 1001
2749 1401
2750 1939
2751 2664
2752 3658
2753 4533
2754 4691
2755 3772
2756 2261
2757 946
2758 424
2759 202
2760 202
2761 200
2762 182
2763 221
2764 183
2765 152
2766 194
2767 179
2768 156
2769 160
2770 175
2771 198
2772 164
2773 174
2774 163
2775 150
2776 167
2777 188
2778 174
2779 144
2780 173
2781 159
2782 153
2783 163
2784 149
2785 162
2786 159
2787 159
2788 159
2789 151
2790 168
2791 167
2792 161
2793 144
2794 141
2795 165
2796 160
2797 157
2798 156
2799 147
2800 148
2801 153
2802 162
2803 153
2804 143
2805 165
2806 147
2807 165
2808 168
2809 168
2810 165
2811 160
2812 179
2813 199
2814 218
2815 221
2816 223
2817 196
2818 185
2819 193
2820 147
2821 139
2822 136
2823 158
2824 146
2825 158
2826 166
2827 151
2828 149
2829 145
2830 163
2831 140
2832 158
2833 168
2834 157
2835 151
2836 142
2837 173
2838 176
2839 148
2840 147
2841 132
2842 161
2843 150
2844 144
2845 149
2846 131
2847 141
2848 148
2849 148
2850 150
2851 138
2852 147
2853 147
2854 135
2855 152
2856 159
2857 161
2858 159
2859 169
2860 139
2861 173
2862 149
2863 156
2864 148
2865 156
2866 147
2867 137
2868 147
2869 144
2870 155
2871 136
2872 153
2873 154
2874 141
2875 144
2876 146
2877 154
2878 127
2879 133
2880 150
2881 149
2882 146
2883 162
2884 152
2885 147
2886 142
2887 154
2888 120
2889 161
2890 148
2891 146
2892 140
2893 162
2894 148
2895 141
2896 121
2897 170
2898 144
2899 157
2900 155
2901 150
2902 147
2903 156
2904 127
2905 152
2906 138
2907 153
2908 157
2909 123
2910 140
2911 138
2912 156
2913 144
2914 136
2915 171
2916 142
2917 145
2918 142
2919 142
2920 153
2921 139
2922 148
2923 154
2924 128
2925 152
2926 143
2927 171
2928 158
2929 140
2930 147
2931 146
2932 156
2933 134
2934 120
2935 121
2936 132
2937 137
2938 149
2939 174
2940 156
2941 126
2942 154
2943 158
2944 153
2945 138
2946 143
2947 137
2948 137
2949 146
2950 139
2951 159
2952 142
2953 132
2954 140
2955 144
2956 112
2957 119
2958 137
2959 134
2960 137
2961 130
2962 124
2963 132
2964 142
2965 129
2966 139
2967 128
2968 129
2969 129
2970 148
2971 149
2972 124
2973 128
2974 141
2975 146
2976 126
2977 148
2978 139
2979 143
2980 133
2981 127
2982 121
2983 137
2984 141
2985 134
2986 144
2987 137
2988 140
2989 132
2990 124
2991 163
2992 130
2993 131
2994 145
2995 122
2996 129
2997 138
2998 130
2999 156
3000 148
3001 161
3002 143
3003 143
3004 138
3005 143
3006 150
3007 152
3008 144
3009 163
3010 156
3011 145
3012 133
3013 135
3014 127
3015 143
3016 120
3017 124
3018 129
3019 137
3020 139
3021 139
3022 148
3023 139
3024 115
3025 140
3026 130
3027 130
3028 120
3029 133
3030 124
3031 121
3032 142
3033 121
3034 144
3035 127
3036 133
3037 135
3038 105
3039 139
3040 141
3041 126
3042 140
3043 131
3044 140
3045 119
3046 136
3047 133
3048 135
3049 131
3050 144
3051 145
3052 135
3053 133
3054 150
3055 126
3056 144
3057 144
3058 136
3059 142
3060 117
3061 115
3062 124
3063 139
3064 123
3065 123
3066 134
3067 118
3068 128
3069 139
3070 128
3071 108
3072 120
3073 100
3074 119
3075 138
3076 122
3077 116
3078 126
3079 122
3080 128
3081 140
3082 136
3083 141
3084 112
3085 121
3086 123
3087 123
3088 145
3089 129
3090 118
3091 127
3092 134
3093 100
3094 131
3095 125
3096 112
3097 110
3098 132
3099 136
3100 129
3101 135
3102 129
3103 111
3104 101
3105 125
3106 125
3107 105
3108 129
3109 114
3110 100
3111 112
3112 126
3113 123
3114 114
3115 128
3116 114
3117 144
3118 113
3119 136
3120 118
3121 133
3122 103
3123 113
3124 124
3125 123
3126 133
3127 141
3128 128
3129 121
3130 93
3131 112
3132 138
3133 114
3134 116
3135 125
3136 109
3137 125
3138 125
3139 105
3140 111
3141 133
3142 128
3143 136
3144 100
3145 109
3146 122
3147 118
3148 132
3149 109
3150 129
3151 126
3152 119
3153 132
3154 115
3155 115
3156 117
3157 115
3158 134
3159 101
3160 122
3161 116
3162 96
3163 109
3164 105
3165 101
3166 119
3167 117
3168 113
3169 110
3170 98
3171 95
3172 119
3173 111
3174 113
3175 101
3176 129
3177 120
3178 113
3179 122
3180 113
3181 108
3182 106
3183 111
3184 123
3185 126
3186 101
3187 109
3188 139
3189 103
3190 105
3191 100
3192 106
3193 117
3194 119
3195 112
3196 115
3197 114
3198 115
3199 116
3200 112
3201 107
3202 128
3203 111
3204 103
3205 127
3206 107
3207 107
3208 118
3209 99
3210 104
3211 110
3212 95
3213 113
3214 96
3215 114
3216 90
3217 121
3218 134
3219 98
3220 104
3221 111
3222 113
3223 109
3224 108
3225 88
3226 95
3227 108
3228 104
3229 98
3230 96
3231 119
3232 125
3233 101
3234 120
3235 91
3236 107
3237 111
3238 102
3239 115
3240 112
3241 104
3242 106
3243 103
3244 92
3245 116
3246 108
3247 105
3248 112
3249 110
3250 107
3251 106
3252 122
3253 96
3254 114
3255 81
3256 109
3257 125
3258 109
3259 98
3260 118
3261 109
3262 110
3263 99
3264 92
3265 114
3266 100
3267 103
3268 97
3269 98
3270 118
3271 99
3272 115
3273 110
3274 101
3275 86
3276 113
3277 97
3278 84
3279 108
3280 92
3281 112
3282 109
3283 82
3284 110
3285 108
3286 107
3287 116
3288 103
3289 104
3290 110
3291 102
3292 88
3293 108
3294 113
3295 109
3296 97
3297 96
3298 95
3299 90
3300 111
3301 107
3302 97
3303 92
3304 88
3305 104
3306 113
3307 93
3308 88
3309 115
3310 92
3311 100
3312 111
3313 108
3314 87
3315 77
3316 110
3317 102
3318 121
3319 97
3320 116
3321 99
3322 97
3323 114
3324 106
3325 95
3326 119
3327 91
3328 121
3329 126
3330 93
3331 118
3332 93
3333 100
3334 113
3335 115
3336 99
3337 117
3338 97
3339 99
3340 100
3341 121
3342 89
3343 108
3344 96
3345 110
3346 99
3347 100
3348 93
3349 88
3350 106
3351 99
3352 104
3353 87
3354 81
3355 104
3356 93
3357 91
3358 89
3359 108
3360 113
3361 112
3362 110
3363 109
3364 108
3365 106
3366 86
3367 105
3368 91
3369 102
3370 96
3371 96
3372 83
3373 93
3374 93
3375 109
3376 106
3377 98
3378 83
3379 90
3380 94
3381 102
3382 97
3383 113
3384 94
3385 90
3386 103
3387 97
3388 103
3389 85
3390 82
3391 80
3392 93
3393 100
3394 77
3395 96
3396 81
3397 104
3398 85
3399 79
3400 80
3401 89
3402 95
3403 82
3404 92
3405 91
3406 76
3407 85
3408 84
3409 80
3410 88
3411 99
3412 86
3413 72
3414 97
3415 89
3416 72
3417 89
3418 89
3419 80
3420 69
3421 83
3422 82
3423 93
3424 85
3425 74
3426 95
3427 110
3428 79
3429 74
3430 93
3431 87
3432 74
3433 84
3434 78
3435 88
3436 74
3437 98
3438 73
3439 67
3440 84
3441 73
3442 93
3443 77
3444 64
3445 67
3446 80
3447 77
3448 61
3449 87
3450 72
3451 73
3452 86
3453 75
3454 86
3455 80
3456 82
3457 87
3458 69
3459 79
3460 93
3461 71
3462 68
3463 83
3464 69
3465 80
3466 80
3467 75
3468 75
3469 74
3470 84
3471 84
3472 77
3473 70
3474 77
3475 87
3476 71
3477 69
3478 71
3479 74
3480 102
3481 72
3482 81
3483 72
3484 69
3485 76
3486 72
3487 80
3488 84
3489 71
3490 79
3491 59
3492 68
3493 77
3494 66
3495 74
3496 73
3497 66
3498 92
3499 75
3500 94
3501 80
3502 77
3503 72
3504 91
3505 95
3506 99
3507 110
3508 131
3509 175
3510 171
3511 237
3512 241
3513 304
3514 305
3515 277
3516 202
3517 150
3518 89
3519 78
3520 83
3521 84
3522 82
3523 79
3524 79
3525 73
3526 67
3527 65
3528 56
3529 81
3530 73
3531 58
3532 69
3533 77
3534 78
3535 93
3536 117
3537 95
3538 107
3539 136
3540 137
3541 167
3542 143
3543 131
3544 115
3545 93
3546 77
3547 71
3548 81
3549 71
3550 72
3551 70
3552 63
3553 69
3554 45
3555 80
3556 63
3557 78
3558 68
3559 71
3560 65
3561 70
3562 74
3563 62
3564 80
3565 56
3566 66
3567 69
3568 56
3569 59
3570 55
3571 53
3572 60
3573 67
3574 60
3575 72
3576 56
3577 59
3578 66
3579 64
3580 63
3581 64
3582 80
3583 73
3584 68
3585 60
3586 53
3587 60
3588 77
3589 44
3590 64
3591 56
3592 78
3593 52
3594 70
3595 63
3596 63
3597 55
3598 50
3599 48
3600 63
3601 68
3602 54
3603 60
3604 56
3605 50
3606 63
3607 62
3608 59
3609 50
3610 74
3611 61
3612 61
3613 60
3614 58
3615 60
3616 61
3617 58
3618 62
3619 58
3620 62
3621 64
3622 55
3623 44
3624 66
3625 62
3626 55
3627 58
3628 54
3629 46
3630 60
3631 52
3632 55
3633 60
3634 59
3635 53
3636 46
3637 42
3638 55
3639 49
3640 52
3641 66
3642 63
3643 45
3644 46
3645 41
3646 51
3647 51
3648 55
3649 52
3650 52
3651 54
3652 60
3653 59
3654 53
3655 61
3656 51
3657 47
3658 53
3659 57
3660 54
3661 49
3662 45
3663 47
3664 52
3665 53
3666 42
3667 53
3668 41
3669 45
3670 49
3671 44
3672 48
3673 54
3674 42
3675 53
3676 49
3677 60
3678 45
3679 54
3680 51
3681 50
3682 55
3683 42
3684 55
3685 50
3686 37
3687 46
3688 39
3689 54
3690 44
3691 50
3692 56
3693 55
3694 52
3695 50
3696 42
3697 43
3698 56
3699 59
3700 41
3701 53
3702 59
3703 43
3704 36
3705 42
3706 49
3707 38
3708 52
3709 47
3710 55
3711 46
3712 45
3713 54
3714 42
3715 43
3716 54
3717 43
3718 47
3719 46
3720 41
3721 35
3722 47
3723 42
3724 47
3725 54
3726 46
3727 39
3728 45
3729 39
3730 51
3731 49
3732 40
3733 49
3734 47
3735 48
3736 44
3737 39
3738 54
3739 54
3740 41
3741 44
3742 58
3743 42
3744 53
3745 47
3746 43
3747 58
3748 39
3749 58
3750 50
3751 43
3752 45
3753 50
3754 53
3755 44
3756 49
3757 58
3758 56
3759 55
3760 48
3761 55
3762 40
3763 60
3764 51
3765 39
3766 44
3767 41
3768 54
3769 46
3770 50
3771 64
3772 58
3773 67
3774 67
3775 71
3776 58
3777 52
3778 51
3779 57
3780 52
3781 49
3782 46
3783 42
3784 29
3785 31
3786 40
3787 45
3788 46
3789 43
3790 47
3791 67
3792 49
3793 43
3794 47
3795 32
3796 43
3797 43
3798 41
3799 35
3800 44
3801 47
3802 42
3803 53
3804 37
3805 35
3806 36
3807 45
3808 46
3809 55
3810 51
3811 46
3812 37
3813 33
3814 44
3815 46
3816 41
3817 39
3818 33
3819 47
3820 47
3821 39
3822 50
3823 37
3824 39
3825 65
3826 55
3827 76
3828 82
3829 104
3830 117
3831 118
3832 167
3833 200
3834 258
3835 319
3836 403
3837 448
3838 531
3839 442
3840 349
3841 192
3842 107
3843 72
3844 41
3845 43
3846 44
3847 31
3848 37
3849 45
3850 37
3851 35
3852 40
3853 36
3854 47
3855 37
3856 59
3857 52
3858 32
3859 46
3860 36
3861 20
3862 38
3863 42
3864 44
3865 37
3866 31
3867 43
3868 33
3869 41
3870 36
3871 43
3872 42
3873 31
3874 50
3875 41
3876 33
3877 41
3878 33
3879 34
3880 47
3881 45
3882 37
3883 35
3884 40
3885 37
3886 40
3887 36
3888 29
3889 40
3890 41
3891 32
3892 44
3893 30
3894 27
3895 40
3896 29
3897 31
3898 36
3899 30
3900 33
3901 34
3902 37
3903 37
3904 30
3905 32
3906 37
3907 31
3908 25
3909 40
3910 48
3911 31
3912 28
3913 29
3914 38
3915 30
3916 38
3917 37
3918 34
3919 30
3920 28
3921 27
3922 35
3923 35
3924 35
3925 54
3926 31
3927 37
3928 43
3929 32
3930 41
3931 52
3932 30
3933 29
3934 33
3935 20
3936 35
3937 27
3938 41
3939 40
3940 32
3941 41
3942 22
3943 27
3944 27
3945 39
3946 23
3947 41
3948 36
3949 42
3950 33
3951 38
3952 40
3953 29
3954 29
3955 21
3956 29
3957 42
3958 28
3959 37
3960 37
3961 30
3962 29
3963 41
3964 25
3965 31
3966 35
3967 32
3968 29
3969 22
3970 31
3971 34
3972 41
3973 30
3974 23
3975 21
3976 33
3977 19
3978 32
3979 36
3980 30
3981 36
3982 34
3983 22
3984 28
3985 40
3986 27
3987 31
3988 35
3989 24
3990 33
3991 33
3992 25
3993 22
3994 34
3995 37
3996 38
3997 25
3998 31
3999 31
4000 28
4001 19
4002 33
4003 20
4004 24
4005 29
4006 30
4007 37
4008 21
4009 28
4010 33
4011 30
4012 36
4013 28
4014 40
4015 31
4016 28
4017 25
4018 25
4019 29
4020 29
4021 38
4022 40
4023 24
4024 27
4025 44
4026 40
4027 36
4028 40
4029 40
4030 44
4031 31
4032 38
4033 35
4034 44
4035 20
4036 24
4037 23
4038 30
4039 32
4040 29
4041 29
4042 38
4043 30
4044 21
4045 14
4046 21
4047 23
4048 25
4049 22
4050 30
4051 26
4052 25
4053 23
4054 25
4055 28
4056 27
4057 33
4058 28
4059 43
4060 35
4061 29
4062 29
4063 30
4064 45
4065 42
4066 58
4067 66
4068 49
4069 56
4070 62
4071 49
4072 33
4073 26
4074 38
4075 26
4076 21
4077 32
4078 25
4079 31
4080 23
4081 27
4082 24
4083 22
4084 30
4085 22
4086 34
4087 28
4088 23
4089 16
4090 25
4091 18
4092 31
4093 34
4094 20
4095 21
End
