ASCII channel-by-channel listing for 290_109.18
1139 - 28 - 461 started 2018-10-17 21:47:57.0 on counter 43
Generated Oct 18 2018 01.50.49, CRNG database/web system
Channel Data
0 600
1 661
2 0
3 0
4 0
5 0
6 0
7 0
8 0
9 0
10 0
11 0
12 0
13 0
14 0
15 0
16 0
17 0
18 0
19 0
20 0
21 0
22 3
23 5
24 3
25 5
26 4
27 3
28 1
29 3
30 4
31 1
32 6
33 4
34 1
35 3
36 0
37 1
38 19
39 125
40 614
41 10352
42 24019
43 23652
44 23134
45 23029
46 22655
47 22571
48 22958
49 22638
50 22186
51 21885
52 21729
53 21643
54 21413
55 21589
56 20891
57 21219
58 21050
59 20823
60 20454
61 20483
62 20516
63 20228
64 20102
65 20014
66 20224
67 20009
68 19943
69 19789
70 19845
71 19812
72 19355
73 19745
74 19548
75 19547
76 19334
77 19386
78 19432
79 19553
80 20495
81 25903
82 29046
83 19822
84 17411
85 17540
86 17540
87 17194
88 17347
89 17266
90 17459
91 17224
92 16968
93 17019
94 16797
95 16908
96 16838
97 16785
98 16867
99 16563
100 16714
101 16535
102 16778
103 16515
104 16713
105 16634
106 16511
107 16594
108 16608
109 16585
110 16475
111 16446
112 16342
113 16430
114 16374
115 16869
116 16804
117 16591
118 17238
119 17066
120 16148
121 16313
122 16216
123 16158
124 16099
125 15825
126 16064
127 15987
128 16223
129 15870
130 16212
131 16244
132 16157
133 16820
134 19988
135 22003
136 16976
137 15822
138 16096
139 15914
140 15608
141 15585
142 15532
143 15567
144 15405
145 15674
146 15615
147 15796
148 15546
149 15670
150 15841
151 15874
152 15441
153 15526
154 15706
155 15522
156 15447
157 15493
158 15381
159 15586
160 15620
161 15528
162 15773
163 15634
164 15697
165 15803
166 15845
167 15931
168 15962
169 16276
170 16389
171 16316
172 16394
173 16349
174 16286
175 16095
176 16074
177 15838
178 16007
179 16075
180 15844
181 15644
182 15628
183 15692
184 15971
185 15908
186 15776
187 15717
188 15651
189 15796
190 15617
191 15713
192 15827
193 15766
194 15618
195 15944
196 15911
197 15742
198 16064
199 15913
200 15890
201 15692
202 15911
203 16054
204 16051
205 15905
206 16226
207 16338
208 16187
209 16084
210 16317
211 16543
212 16293
213 16598
214 16436
215 16660
216 16647
217 16662
218 16631
219 16894
220 16914
221 16988
222 16716
223 17009
224 16710
225 17112
226 17085
227 17075
228 17175
229 17000
230 16982
231 16939
232 17009
233 16933
234 17126
235 16998
236 16992
237 17431
238 17279
239 17236
240 17278
241 17556
242 20942
243 43192
244 65744
245 35383
246 18176
247 17148
248 17010
249 17057
250 16948
251 17074
252 18606
253 30645
254 53558
255 38514
256 19411
257 16819
258 16781
259 16588
260 16984
261 16738
262 16949
263 16737
264 16608
265 16978
266 16658
267 16619
268 16606
269 16909
270 16978
271 17434
272 20923
273 22444
274 18251
275 16884
276 16780
277 16927
278 16878
279 16819
280 16762
281 16487
282 16593
283 16791
284 16586
285 16891
286 16706
287 16658
288 16688
289 16749
290 16595
291 16600
292 16906
293 16901
294 16734
295 16764
296 16788
297 16596
298 16862
299 16587
300 16871
301 16473
302 16615
303 16604
304 16621
305 16727
306 16892
307 16727
308 16853
309 16917
310 16698
311 16980
312 16807
313 16715
314 17025
315 17208
316 17377
317 17362
318 17053
319 17149
320 17064
321 17118
322 17125
323 16955
324 17287
325 17164
326 17237
327 17313
328 17324
329 17258
330 17430
331 17691
332 17759
333 17678
334 18106
335 18229
336 18611
337 18634
338 18807
339 19718
340 20275
341 21117
342 21357
343 21952
344 22364
345 22691
346 22935
347 23020
348 23091
349 23291
350 23001
351 23166
352 22880
353 23646
354 23120
355 23204
356 23069
357 22980
358 23257
359 22808
360 22942
361 22972
362 22685
363 22584
364 22525
365 22538
366 22107
367 21983
368 21815
369 21827
370 21581
371 21517
372 21103
373 21031
374 20770
375 20688
376 20468
377 20118
378 20025
379 19951
380 19686
381 19604
382 19340
383 19236
384 18999
385 19081
386 18616
387 18556
388 18370
389 18141
390 18038
391 17699
392 17570
393 17553
394 17292
395 17278
396 17031
397 16738
398 16854
399 16851
400 16737
401 16474
402 16266
403 16103
404 16094
405 16070
406 15843
407 15790
408 15745
409 15631
410 15580
411 15417
412 15440
413 15311
414 15257
415 15199
416 15155
417 14873
418 14957
419 14670
420 14439
421 14373
422 14529
423 14437
424 14159
425 14301
426 14176
427 14413
428 14113
429 14108
430 13838
431 14160
432 13769
433 13903
434 13599
435 13863
436 13600
437 13606
438 13461
439 13494
440 13227
441 13469
442 13317
443 13285
444 13239
445 13136
446 13270
447 13200
448 12952
449 12966
450 12875
451 13091
452 12898
453 12968
454 12821
455 12896
456 12790
457 12470
458 12632
459 12667
460 12515
461 12795
462 12599
463 12506
464 12595
465 12592
466 12494
467 12449
468 12283
469 12307
470 12319
471 12239
472 12180
473 12497
474 12221
475 12358
476 12062
477 12197
478 12128
479 11929
480 12310
481 12185
482 11979
483 12118
484 12609
485 14345
486 18916
487 19257
488 14043
489 12041
490 11765
491 12056
492 13448
493 16341
494 17223
495 13966
496 11921
497 11839
498 11822
499 11715
500 11576
501 11509
502 11551
503 11434
504 11825
505 11559
506 11470
507 11600
508 11499
509 11538
510 11613
511 11624
512 11496
513 11384
514 11491
515 11398
516 11433
517 11533
518 11766
519 12523
520 14711
521 15046
522 12821
523 11561
524 11383
525 11336
526 11368
527 11324
528 11421
529 11454
530 11448
531 11498
532 11374
533 11304
534 11395
535 11427
536 11437
537 11586
538 11471
539 11534
540 11477
541 11261
542 11488
543 11399
544 11358
545 11376
546 11361
547 11465
548 11436
549 11328
550 11427
551 11537
552 11770
553 11544
554 11803
555 11758
556 11547
557 11579
558 11488
559 11753
560 11715
561 11563
562 11789
563 12777
564 15598
565 20736
566 19983
567 14345
568 11968
569 11839
570 11569
571 11823
572 11661
573 11820
574 11979
575 11761
576 11868
577 11698
578 11834
579 11859
580 11643
581 11909
582 11911
583 12197
584 11887
585 11927
586 12076
587 11931
588 11995
589 12008
590 11942
591 12171
592 12008
593 12279
594 12017
595 12052
596 12127
597 12201
598 12210
599 12463
600 12297
601 12592
602 12369
603 12370
604 12311
605 12529
606 12549
607 12694
608 12709
609 13051
610 13086
611 12930
612 12773
613 12842
614 12537
615 12774
616 12802
617 12775
618 12832
619 12874
620 13068
621 12872
622 12965
623 13045
624 13036
625 13148
626 13174
627 13038
628 13189
629 13234
630 13015
631 13260
632 13169
633 13427
634 13335
635 13326
636 13208
637 13566
638 13443
639 13773
640 13659
641 13631
642 13518
643 13652
644 13706
645 13749
646 13795
647 13862
648 13801
649 13988
650 13933
651 14009
652 13932
653 13688
654 13960
655 13760
656 13891
657 13913
658 13896
659 13997
660 14123
661 14074
662 13918
663 14027
664 14067
665 13833
666 14123
667 13952
668 14195
669 14007
670 13695
671 13502
672 13670
673 13458
674 13122
675 13193
676 12829
677 12658
678 12368
679 11912
680 11581
681 11367
682 11079
683 10680
684 10482
685 10291
686 9945
687 9743
688 9545
689 9395
690 9102
691 9147
692 8793
693 8827
694 8812
695 8545
696 8587
697 8760
698 9060
699 9032
700 8489
701 8218
702 8133
703 8127
704 7959
705 7924
706 7663
707 7707
708 7665
709 7731
710 7722
711 7635
712 7386
713 7509
714 7491
715 7232
716 7206
717 7043
718 7118
719 7213
720 7003
721 7041
722 7068
723 6991
724 6823
725 6950
726 6764
727 6699
728 6762
729 6755
730 6802
731 6598
732 6611
733 6539
734 6562
735 6486
736 6368
737 6293
738 6295
739 6292
740 6175
741 6132
742 6284
743 6170
744 6546
745 7202
746 7064
747 6373
748 5926
749 5860
750 5808
751 5755
752 5875
753 5695
754 5680
755 5808
756 5619
757 5471
758 5570
759 5483
760 5510
761 5342
762 5401
763 5346
764 5155
765 5155
766 5335
767 5155
768 5183
769 5187
770 5146
771 5177
772 5139
773 5050
774 5031
775 5098
776 4961
777 4821
778 4879
779 4866
780 4962
781 4832
782 4785
783 4728
784 4853
785 5259
786 6226
787 7683
788 7750
789 5811
790 4654
791 4519
792 4487
793 4437
794 4399
795 4405
796 4392
797 4353
798 4246
799 4225
800 4189
801 4293
802 4045
803 4058
804 4202
805 4012
806 4125
807 4044
808 4174
809 4015
810 3980
811 3912
812 3893
813 3803
814 3843
815 3813
816 3702
817 3846
818 3857
819 3848
820 3747
821 3659
822 3666
823 3617
824 3588
825 3603
826 3627
827 3623
828 3544
829 3501
830 3531
831 3500
832 3553
833 3497
834 3410
835 3357
836 3446
837 3412
838 3299
839 3399
840 3289
841 3221
842 3330
843 3322
844 3260
845 3188
846 3206
847 3181
848 3230
849 3207
850 3270
851 3075
852 3124
853 3117
854 3073
855 3165
856 3088
857 3091
858 3052
859 3067
860 3051
861 3054
862 3071
863 3019
864 3037
865 3118
866 3036
867 3047
868 3101
869 3193
870 3048
871 2975
872 2932
873 3017
874 3143
875 3015
876 3025
877 3059
878 3000
879 2984
880 2962
881 2998
882 2871
883 3045
884 3050
885 3023
886 2901
887 2969
888 3030
889 2956
890 3006
891 3008
892 2973
893 2922
894 2919
895 2933
896 2985
897 2920
898 2834
899 2939
900 2892
901 2946
902 2919
903 2996
904 2974
905 2894
906 2893
907 2832
908 2904
909 2936
910 2966
911 2987
912 2880
913 2990
914 2834
915 2925
916 2910
917 2869
918 2872
919 2791
920 2893
921 2934
922 2888
923 2747
924 2790
925 2887
926 2853
927 2820
928 2873
929 2824
930 2878
931 2788
932 2838
933 2772
934 2863
935 2868
936 2823
937 2992
938 2730
939 2818
940 2868
941 2981
942 2832
943 2785
944 2761
945 2822
946 2858
947 2846
948 2860
949 2839
950 2911
951 3147
952 3556
953 4605
954 5802
955 5678
956 4061
957 2987
958 2974
959 2944
960 2905
961 2963
962 2887
963 2839
964 2844
965 2900
966 2920
967 2968
968 2870
969 2920
970 2939
971 2852
972 2995
973 2955
974 2955
975 2923
976 2921
977 3025
978 2907
979 2939
980 3020
981 3067
982 3023
983 3092
984 3011
985 3033
986 3183
987 3222
988 3199
989 3150
990 3080
991 3132
992 3378
993 3218
994 3374
995 3386
996 3374
997 3339
998 3455
999 3501
1000 3479
1001 3602
1002 3573
1003 3600
1004 3750
1005 4040
1006 4036
1007 4263
1008 4542
1009 5007
1010 6150
1011 8527
1012 12885
1013 21341
1014 33632
1015 44846
1016 60985
1017 96773
1018 155000
1019 227070
1020 288951
1021 311033
1022 282634
1023 213916
1024 137918
1025 78260
1026 43223
1027 25352
1028 16056
1029 11176
1030 8494
1031 6502
1032 5585
1033 4947
1034 4426
1035 4139
1036 3958
1037 3714
1038 3556
1039 3471
1040 3398
1041 3399
1042 3259
1043 3075
1044 3000
1045 3028
1046 2999
1047 2910
1048 2784
1049 2720
1050 2673
1051 2687
1052 2527
1053 2606
1054 2491
1055 2597
1056 2491
1057 2515
1058 2588
1059 2552
1060 2407
1061 2401
1062 2347
1063 2304
1064 2225
1065 2309
1066 2211
1067 2245
1068 2234
1069 2217
1070 2201
1071 2168
1072 2124
1073 2154
1074 2159
1075 2012
1076 2045
1077 2118
1078 1988
1079 2069
1080 2093
1081 2051
1082 2001
1083 1984
1084 1937
1085 1930
1086 1915
1087 1990
1088 1973
1089 1995
1090 2037
1091 2213
1092 2853
1093 4135
1094 7081
1095 12167
1096 15110
1097 11862
1098 5326
1099 2374
1100 1866
1101 1804
1102 1796
1103 1756
1104 1880
1105 1789
1106 1782
1107 1724
1108 1708
1109 1700
1110 1657
1111 1667
1112 1679
1113 1700
1114 1626
1115 1742
1116 1655
1117 1641
1118 1638
1119 1569
1120 1622
1121 1615
1122 1605
1123 1692
1124 1637
1125 1613
1126 1698
1127 1568
1128 1594
1129 1678
1130 1605
1131 1629
1132 1523
1133 1591
1134 1579
1135 1576
1136 1625
1137 1607
1138 1604
1139 1613
1140 1547
1141 1655
1142 1549
1143 1514
1144 1576
1145 1537
1146 1547
1147 1556
1148 1483
1149 1523
1150 1454
1151 1544
1152 1505
1153 1589
1154 1561
1155 1578
1156 1517
1157 1505
1158 1522
1159 1463
1160 1537
1161 1486
1162 1535
1163 1486
1164 1552
1165 1479
1166 1528
1167 1509
1168 1458
1169 1498
1170 1456
1171 1514
1172 1529
1173 1474
1174 1549
1175 1690
1176 1705
1177 1717
1178 1597
1179 1498
1180 1523
1181 1524
1182 1504
1183 1495
1184 1493
1185 1518
1186 1583
1187 1902
1188 2532
1189 4200
1190 7688
1191 13714
1192 19812
1193 18918
1194 9975
1195 3613
1196 1675
1197 1542
1198 1506
1199 1473
1200 1433
1201 1478
1202 1422
1203 1492
1204 1468
1205 1482
1206 1395
1207 1381
1208 1364
1209 1397
1210 1359
1211 1379
1212 1360
1213 1291
1214 1440
1215 1389
1216 1367
1217 1389
1218 1312
1219 1345
1220 1328
1221 1287
1222 1309
1223 1276
1224 1311
1225 1323
1226 1350
1227 1355
1228 1254
1229 1285
1230 1304
1231 1307
1232 1243
1233 1288
1234 1248
1235 1260
1236 1249
1237 1260
1238 1221
1239 1170
1240 1181
1241 1225
1242 1193
1243 1192
1244 1197
1245 1162
1246 1181
1247 1214
1248 1123
1249 1191
1250 1163
1251 1122
1252 1193
1253 1187
1254 1138
1255 1100
1256 1127
1257 1186
1258 1163
1259 1192
1260 1124
1261 1114
1262 1144
1263 1157
1264 1156
1265 1169
1266 1136
1267 1121
1268 1148
1269 1057
1270 1092
1271 1235
1272 1240
1273 1388
1274 1403
1275 1344
1276 1187
1277 1086
1278 1084
1279 1070
1280 1085
1281 1070
1282 1008
1283 1094
1284 1045
1285 1046
1286 1063
1287 1029
1288 1079
1289 1120
1290 1016
1291 1062
1292 1024
1293 1120
1294 1004
1295 1069
1296 943
1297 966
1298 1010
1299 1035
1300 1006
1301 1054
1302 1054
1303 1049
1304 987
1305 1077
1306 1134
1307 1199
1308 1478
1309 1857
1310 2677
1311 3033
1312 2513
1313 1717
1314 1155
1315 1081
1316 981
1317 1013
1318 947
1319 1001
1320 1010
1321 990
1322 976
1323 994
1324 1026
1325 988
1326 953
1327 964
1328 962
1329 937
1330 919
1331 935
1332 911
1333 904
1334 972
1335 967
1336 914
1337 953
1338 929
1339 1025
1340 928
1341 992
1342 1015
1343 943
1344 960
1345 946
1346 892
1347 953
1348 864
1349 898
1350 917
1351 952
1352 925
1353 972
1354 933
1355 970
1356 948
1357 1046
1358 961
1359 1073
1360 1048
1361 990
1362 1069
1363 1069
1364 988
1365 1012
1366 947
1367 944
1368 1003
1369 929
1370 878
1371 881
1372 904
1373 938
1374 840
1375 885
1376 896
1377 845
1378 888
1379 912
1380 853
1381 856
1382 883
1383 833
1384 837
1385 857
1386 777
1387 795
1388 765
1389 868
1390 761
1391 785
1392 767
1393 765
1394 820
1395 811
1396 799
1397 820
1398 861
1399 781
1400 718
1401 804
1402 782
1403 768
1404 752
1405 788
1406 800
1407 783
1408 771
1409 740
1410 757
1411 766
1412 781
1413 721
1414 800
1415 749
1416 777
1417 742
1418 717
1419 769
1420 786
1421 728
1422 716
1423 739
1424 699
1425 701
1426 757
1427 750
1428 734
1429 735
1430 738
1431 707
1432 735
1433 715
1434 685
1435 724
1436 757
1437 683
1438 695
1439 723
1440 698
1441 727
1442 716
1443 756
1444 700
1445 699
1446 719
1447 731
1448 721
1449 726
1450 673
1451 667
1452 677
1453 715
1454 683
1455 668
1456 711
1457 668
1458 728
1459 724
1460 682
1461 674
1462 673
1463 683
1464 653
1465 692
1466 694
1467 696
1468 653
1469 704
1470 730
1471 660
1472 690
1473 661
1474 665
1475 646
1476 659
1477 651
1478 721
1479 676
1480 704
1481 652
1482 651
1483 651
1484 626
1485 656
1486 656
1487 637
1488 652
1489 641
1490 657
1491 640
1492 623
1493 657
1494 618
1495 667
1496 628
1497 651
1498 650
1499 714
1500 673
1501 716
1502 666
1503 669
1504 619
1505 622
1506 649
1507 638
1508 662
1509 624
1510 670
1511 663
1512 584
1513 682
1514 673
1515 654
1516 645
1517 640
1518 599
1519 589
1520 627
1521 592
1522 598
1523 658
1524 619
1525 620
1526 660
1527 593
1528 629
1529 629
1530 635
1531 619
1532 601
1533 594
1534 627
1535 591
1536 637
1537 592
1538 658
1539 628
1540 614
1541 600
1542 611
1543 624
1544 617
1545 648
1546 611
1547 607
1548 573
1549 639
1550 570
1551 587
1552 573
1553 602
1554 655
1555 620
1556 583
1557 610
1558 603
1559 571
1560 591
1561 594
1562 645
1563 585
1564 592
1565 574
1566 565
1567 618
1568 601
1569 561
1570 586
1571 580
1572 523
1573 584
1574 631
1575 580
1576 543
1577 592
1578 563
1579 614
1580 599
1581 597
1582 607
1583 606
1584 603
1585 589
1586 597
1587 599
1588 618
1589 610
1590 569
1591 565
1592 586
1593 594
1594 575
1595 568
1596 619
1597 587
1598 598
1599 572
1600 597
1601 632
1602 579
1603 541
1604 580
1605 563
1606 554
1607 630
1608 585
1609 641
1610 586
1611 621
1612 605
1613 699
1614 842
1615 1137
1616 1617
1617 2512
1618 4101
1619 6260
1620 8429
1621 7954
1622 4943
1623 2031
1624 883
1625 644
1626 582
1627 596
1628 585
1629 585
1630 603
1631 596
1632 615
1633 583
1634 572
1635 585
1636 584
1637 570
1638 534
1639 593
1640 508
1641 503
1642 519
1643 527
1644 562
1645 535
1646 511
1647 551
1648 547
1649 556
1650 569
1651 534
1652 562
1653 526
1654 547
1655 489
1656 496
1657 515
1658 544
1659 543
1660 543
1661 511
1662 572
1663 535
1664 575
1665 619
1666 650
1667 686
1668 788
1669 807
1670 663
1671 601
1672 572
1673 564
1674 493
1675 533
1676 606
1677 494
1678 575
1679 511
1680 512
1681 559
1682 491
1683 554
1684 544
1685 552
1686 556
1687 573
1688 684
1689 719
1690 932
1691 1034
1692 1242
1693 1202
1694 876
1695 642
1696 531
1697 532
1698 532
1699 484
1700 494
1701 506
1702 491
1703 470
1704 531
1705 528
1706 475
1707 475
1708 476
1709 500
1710 487
1711 509
1712 515
1713 477
1714 482
1715 465
1716 490
1717 467
1718 497
1719 490
1720 504
1721 502
1722 491
1723 482
1724 506
1725 517
1726 499
1727 478
1728 564
1729 505
1730 519
1731 503
1732 483
1733 488
1734 509
1735 487
1736 470
1737 472
1738 436
1739 482
1740 460
1741 461
1742 487
1743 489
1744 464
1745 462
1746 483
1747 506
1748 509
1749 510
1750 537
1751 519
1752 501
1753 462
1754 468
1755 453
1756 493
1757 426
1758 464
1759 477
1760 475
1761 455
1762 489
1763 429
1764 445
1765 490
1766 471
1767 460
1768 497
1769 476
1770 463
1771 449
1772 495
1773 496
1774 497
1775 494
1776 433
1777 472
1778 452
1779 464
1780 417
1781 442
1782 418
1783 434
1784 438
1785 443
1786 465
1787 431
1788 451
1789 430
1790 461
1791 491
1792 497
1793 515
1794 511
1795 469
1796 484
1797 441
1798 450
1799 413
1800 434
1801 439
1802 459
1803 493
1804 445
1805 421
1806 481
1807 469
1808 453
1809 439
1810 473
1811 492
1812 486
1813 482
1814 558
1815 569
1816 559
1817 536
1818 452
1819 456
1820 436
1821 438
1822 425
1823 475
1824 423
1825 420
1826 450
1827 455
1828 421
1829 428
1830 451
1831 435
1832 454
1833 422
1834 436
1835 438
1836 437
1837 430
1838 442
1839 409
1840 453
1841 448
1842 434
1843 415
1844 410
1845 439
1846 445
1847 417
1848 413
1849 395
1850 478
1851 407
1852 425
1853 435
1854 454
1855 423
1856 424
1857 503
1858 422
1859 414
1860 479
1861 521
1862 493
1863 445
1864 489
1865 453
1866 443
1867 408
1868 401
1869 460
1870 426
1871 431
1872 394
1873 435
1874 419
1875 444
1876 389
1877 486
1878 429
1879 438
1880 409
1881 432
1882 438
1883 434
1884 402
1885 411
1886 396
1887 448
1888 447
1889 416
1890 434
1891 410
1892 421
1893 413
1894 427
1895 413
1896 421
1897 423
1898 427
1899 448
1900 440
1901 431
1902 408
1903 438
1904 415
1905 435
1906 462
1907 441
1908 425
1909 476
1910 428
1911 415
1912 424
1913 466
1914 410
1915 458
1916 434
1917 441
1918 450
1919 415
1920 411
1921 426
1922 398
1923 449
1924 440
1925 398
1926 481
1927 428
1928 409
1929 430
1930 416
1931 441
1932 403
1933 433
1934 431
1935 438
1936 408
1937 409
1938 409
1939 425
1940 416
1941 402
1942 417
1943 410
1944 434
1945 418
1946 424
1947 444
1948 445
1949 422
1950 432
1951 461
1952 440
1953 417
1954 432
1955 425
1956 428
1957 446
1958 410
1959 424
1960 435
1961 424
1962 412
1963 409
1964 423
1965 415
1966 421
1967 386
1968 391
1969 416
1970 439
1971 459
1972 406
1973 405
1974 416
1975 467
1976 397
1977 413
1978 392
1979 428
1980 419
1981 470
1982 424
1983 433
1984 431
1985 418
1986 400
1987 429
1988 424
1989 442
1990 417
1991 425
1992 413
1993 393
1994 461
1995 416
1996 421
1997 434
1998 413
1999 421
2000 421
2001 435
2002 437
2003 435
2004 487
2005 413
2006 391
2007 444
2008 425
2009 385
2010 373
2011 436
2012 453
2013 419
2014 403
2015 451
2016 409
2017 438
2018 443
2019 417
2020 459
2021 432
2022 471
2023 458
2024 445
2025 439
2026 441
2027 442
2028 509
2029 461
2030 429
2031 474
2032 458
2033 471
2034 473
2035 512
2036 505
2037 512
2038 454
2039 513
2040 491
2041 482
2042 468
2043 453
2044 452
2045 482
2046 398
2047 418
2048 414
2049 367
2050 390
2051 369
2052 387
2053 426
2054 359
2055 365
2056 365
2057 392
2058 358
2059 394
2060 385
2061 383
2062 423
2063 399
2064 375
2065 357
2066 436
2067 372
2068 403
2069 384
2070 390
2071 405
2072 439
2073 425
2074 434
2075 461
2076 401
2077 425
2078 418
2079 377
2080 418
2081 431
2082 404
2083 388
2084 380
2085 366
2086 388
2087 394
2088 379
2089 417
2090 374
2091 409
2092 441
2093 422
2094 410
2095 402
2096 359
2097 375
2098 377
2099 405
2100 366
2101 405
2102 401
2103 386
2104 437
2105 385
2106 381
2107 367
2108 373
2109 380
2110 432
2111 367
2112 393
2113 364
2114 379
2115 437
2116 366
2117 390
2118 369
2119 425
2120 408
2121 350
2122 408
2123 384
2124 373
2125 429
2126 391
2127 349
2128 423
2129 392
2130 383
2131 389
2132 386
2133 391
2134 375
2135 400
2136 389
2137 360
2138 385
2139 355
2140 369
2141 347
2142 383
2143 390
2144 416
2145 397
2146 423
2147 376
2148 401
2149 378
2150 394
2151 409
2152 402
2153 426
2154 392
2155 421
2156 367
2157 405
2158 381
2159 417
2160 419
2161 440
2162 380
2163 437
2164 404
2165 379
2166 401
2167 380
2168 390
2169 419
2170 382
2171 435
2172 389
2173 412
2174 406
2175 405
2176 406
2177 382
2178 406
2179 395
2180 405
2181 419
2182 356
2183 405
2184 411
2185 410
2186 409
2187 376
2188 450
2189 419
2190 405
2191 411
2192 407
2193 412
2194 452
2195 488
2196 498
2197 510
2198 502
2199 463
2200 425
2201 421
2202 418
2203 402
2204 387
2205 447
2206 385
2207 424
2208 419
2209 447
2210 459
2211 432
2212 434
2213 412
2214 410
2215 403
2216 405
2217 420
2218 399
2219 445
2220 433
2221 438
2222 399
2223 420
2224 415
2225 460
2226 432
2227 455
2228 530
2229 547
2230 540
2231 462
2232 420
2233 396
2234 433
2235 419
2236 411
2237 395
2238 422
2239 433
2240 431
2241 406
2242 430
2243 419
2244 403
2245 428
2246 428
2247 436
2248 416
2249 424
2250 430
2251 447
2252 402
2253 423
2254 424
2255 428
2256 387
2257 436
2258 394
2259 417
2260 404
2261 427
2262 441
2263 405
2264 481
2265 406
2266 400
2267 406
2268 450
2269 434
2270 442
2271 440
2272 398
2273 381
2274 375
2275 392
2276 405
2277 442
2278 415
2279 447
2280 420
2281 440
2282 385
2283 418
2284 405
2285 425
2286 439
2287 462
2288 385
2289 429
2290 415
2291 457
2292 449
2293 434
2294 479
2295 435
2296 425
2297 377
2298 421
2299 449
2300 421
2301 430
2302 448
2303 442
2304 408
2305 421
2306 442
2307 362
2308 415
2309 391
2310 401
2311 402
2312 407
2313 456
2314 419
2315 406
2316 400
2317 386
2318 415
2319 411
2320 385
2321 358
2322 408
2323 389
2324 347
2325 387
2326 347
2327 383
2328 348
2329 371
2330 355
2331 363
2332 360
2333 335
2334 341
2335 336
2336 331
2337 358
2338 343
2339 340
2340 341
2341 392
2342 393
2343 423
2344 457
2345 504
2346 418
2347 351
2348 343
2349 306
2350 341
2351 315
2352 325
2353 332
2354 340
2355 319
2356 302
2357 336
2358 337
2359 330
2360 326
2361 294
2362 335
2363 323
2364 317
2365 339
2366 415
2367 461
2368 529
2369 564
2370 563
2371 487
2372 341
2373 335
2374 308
2375 303
2376 275
2377 280
2378 301
2379 300
2380 328
2381 299
2382 331
2383 306
2384 274
2385 269
2386 321
2387 292
2388 281
2389 285
2390 280
2391 283
2392 282
2393 294
2394 283
2395 265
2396 286
2397 297
2398 280
2399 274
2400 272
2401 276
2402 257
2403 263
2404 306
2405 269
2406 268
2407 240
2408 263
2409 253
2410 249
2411 266
2412 272
2413 276
2414 263
2415 273
2416 267
2417 272
2418 266
2419 250
2420 276
2421 266
2422 261
2423 280
2424 273
2425 245
2426 269
2427 259
2428 266
2429 278
2430 260
2431 295
2432 270
2433 282
2434 248
2435 265
2436 249
2437 252
2438 267
2439 257
2440 251
2441 274
2442 247
2443 281
2444 251
2445 252
2446 251
2447 284
2448 282
2449 228
2450 243
2451 263
2452 249
2453 262
2454 254
2455 257
2456 253
2457 264
2458 259
2459 253
2460 225
2461 256
2462 247
2463 219
2464 232
2465 217
2466 260
2467 247
2468 253
2469 268
2470 292
2471 314
2472 360
2473 399
2474 485
2475 534
2476 474
2477 403
2478 319
2479 275
2480 252
2481 258
2482 232
2483 192
2484 231
2485 249
2486 233
2487 202
2488 235
2489 230
2490 248
2491 240
2492 232
2493 199
2494 215
2495 241
2496 241
2497 245
2498 232
2499 213
2500 228
2501 232
2502 206
2503 198
2504 233
2505 207
2506 221
2507 227
2508 207
2509 195
2510 238
2511 219
2512 211
2513 216
2514 204
2515 198
2516 202
2517 216
2518 207
2519 225
2520 230
2521 193
2522 219
2523 220
2524 207
2525 184
2526 222
2527 215
2528 188
2529 203
2530 208
2531 205
2532 182
2533 212
2534 222
2535 185
2536 199
2537 185
2538 218
2539 188
2540 206
2541 211
2542 176
2543 204
2544 190
2545 191
2546 187
2547 169
2548 198
2549 191
2550 199
2551 184
2552 192
2553 197
2554 198
2555 182
2556 205
2557 204
2558 193
2559 199
2560 158
2561 216
2562 190
2563 172
2564 176
2565 209
2566 192
2567 193
2568 174
2569 193
2570 192
2571 197
2572 172
2573 167
2574 207
2575 161
2576 178
2577 193
2578 210
2579 230
2580 205
2581 223
2582 235
2583 192
2584 174
2585 177
2586 187
2587 213
2588 179
2589 204
2590 201
2591 196
2592 177
2593 166
2594 163
2595 167
2596 197
2597 185
2598 162
2599 180
2600 163
2601 177
2602 170
2603 188
2604 167
2605 170
2606 202
2607 168
2608 169
2609 187
2610 168
2611 174
2612 185
2613 177
2614 179
2615 188
2616 196
2617 161
2618 156
2619 179
2620 170
2621 185
2622 200
2623 175
2624 190
2625 181
2626 183
2627 184
2628 212
2629 175
2630 160
2631 168
2632 163
2633 191
2634 210
2635 179
2636 174
2637 186
2638 185
2639 177
2640 179
2641 200
2642 172
2643 192
2644 157
2645 174
2646 187
2647 181
2648 174
2649 169
2650 175
2651 180
2652 202
2653 202
2654 175
2655 195
2656 185
2657 183
2658 206
2659 167
2660 197
2661 211
2662 210
2663 232
2664 233
2665 200
2666 198
2667 218
2668 167
2669 166
2670 174
2671 195
2672 153
2673 181
2674 172
2675 155
2676 178
2677 186
2678 180
2679 166
2680 181
2681 210
2682 201
2683 242
2684 265
2685 337
2686 367
2687 502
2688 628
2689 729
2690 835
2691 858
2692 606
2693 401
2694 239
2695 186
2696 173
2697 177
2698 187
2699 171
2700 183
2701 188
2702 185
2703 165
2704 151
2705 178
2706 164
2707 165
2708 179
2709 193
2710 173
2711 183
2712 170
2713 188
2714 181
2715 185
2716 180
2717 171
2718 205
2719 174
2720 200
2721 219
2722 180
2723 182
2724 169
2725 176
2726 151
2727 155
2728 182
2729 196
2730 183
2731 178
2732 172
2733 164
2734 162
2735 178
2736 177
2737 187
2738 210
2739 206
2740 199
2741 204
2742 232
2743 272
2744 360
2745 483
2746 596
2747 865
2748 1151
2749 1512
2750 2097
2751 2895
2752 3984
2753 4973
2754 5228
2755 4437
2756 2694
2757 1225
2758 478
2759 249
2760 179
2761 198
2762 191
2763 190
2764 198
2765 193
2766 201
2767 175
2768 196
2769 167
2770 185
2771 162
2772 176
2773 182
2774 185
2775 184
2776 175
2777 180
2778 166
2779 160
2780 152
2781 166
2782 158
2783 173
2784 156
2785 161
2786 151
2787 170
2788 166
2789 166
2790 164
2791 152
2792 163
2793 172
2794 153
2795 164
2796 187
2797 160
2798 183
2799 168
2800 158
2801 170
2802 167
2803 156
2804 157
2805 142
2806 156
2807 163
2808 143
2809 143
2810 166
2811 147
2812 165
2813 174
2814 166
2815 173
2816 158
2817 194
2818 185
2819 160
2820 160
2821 139
2822 158
2823 147
2824 146
2825 142
2826 140
2827 164
2828 148
2829 162
2830 147
2831 139
2832 153
2833 150
2834 142
2835 148
2836 125
2837 150
2838 148
2839 138
2840 139
2841 145
2842 155
2843 163
2844 144
2845 146
2846 135
2847 180
2848 140
2849 153
2850 142
2851 125
2852 151
2853 152
2854 143
2855 136
2856 152
2857 163
2858 151
2859 147
2860 147
2861 161
2862 138
2863 142
2864 139
2865 144
2866 163
2867 167
2868 157
2869 140
2870 147
2871 139
2872 129
2873 130
2874 130
2875 146
2876 140
2877 127
2878 149
2879 130
2880 137
2881 133
2882 150
2883 154
2884 142
2885 149
2886 148
2887 149
2888 141
2889 138
2890 144
2891 155
2892 144
2893 135
2894 161
2895 149
2896 152
2897 136
2898 163
2899 131
2900 141
2901 145
2902 144
2903 143
2904 142
2905 152
2906 145
2907 138
2908 150
2909 135
2910 141
2911 117
2912 133
2913 124
2914 150
2915 167
2916 136
2917 139
2918 138
2919 154
2920 144
2921 158
2922 123
2923 153
2924 119
2925 158
2926 136
2927 125
2928 144
2929 138
2930 130
2931 136
2932 139
2933 126
2934 162
2935 147
2936 149
2937 121
2938 137
2939 148
2940 127
2941 120
2942 118
2943 142
2944 133
2945 135
2946 149
2947 125
2948 125
2949 142
2950 144
2951 136
2952 154
2953 127
2954 127
2955 128
2956 126
2957 141
2958 128
2959 120
2960 132
2961 130
2962 126
2963 124
2964 127
2965 152
2966 140
2967 109
2968 131
2969 109
2970 133
2971 147
2972 140
2973 124
2974 131
2975 154
2976 156
2977 147
2978 133
2979 145
2980 153
2981 137
2982 121
2983 124
2984 147
2985 140
2986 136
2987 143
2988 136
2989 134
2990 114
2991 131
2992 132
2993 118
2994 147
2995 146
2996 143
2997 113
2998 117
2999 128
3000 127
3001 126
3002 111
3003 143
3004 140
3005 147
3006 148
3007 124
3008 144
3009 155
3010 132
3011 123
3012 130
3013 147
3014 131
3015 134
3016 131
3017 108
3018 131
3019 148
3020 157
3021 148
3022 137
3023 140
3024 140
3025 126
3026 109
3027 134
3028 129
3029 135
3030 133
3031 150
3032 146
3033 123
3034 123
3035 118
3036 135
3037 153
3038 119
3039 123
3040 140
3041 141
3042 134
3043 131
3044 126
3045 122
3046 129
3047 131
3048 135
3049 138
3050 133
3051 128
3052 118
3053 110
3054 141
3055 116
3056 128
3057 114
3058 126
3059 136
3060 121
3061 143
3062 146
3063 122
3064 125
3065 121
3066 95
3067 137
3068 121
3069 117
3070 137
3071 131
3072 106
3073 126
3074 107
3075 126
3076 110
3077 108
3078 130
3079 132
3080 120
3081 96
3082 110
3083 129
3084 122
3085 127
3086 109
3087 129
3088 130
3089 105
3090 130
3091 130
3092 125
3093 129
3094 128
3095 134
3096 98
3097 107
3098 122
3099 114
3100 111
3101 119
3102 123
3103 113
3104 124
3105 132
3106 141
3107 118
3108 126
3109 106
3110 105
3111 97
3112 114
3113 140
3114 102
3115 128
3116 106
3117 138
3118 108
3119 126
3120 135
3121 137
3122 116
3123 111
3124 124
3125 118
3126 126
3127 104
3128 130
3129 111
3130 82
3131 116
3132 113
3133 117
3134 127
3135 105
3136 106
3137 117
3138 111
3139 117
3140 104
3141 129
3142 110
3143 101
3144 116
3145 117
3146 100
3147 116
3148 112
3149 115
3150 115
3151 118
3152 138
3153 113
3154 121
3155 112
3156 98
3157 122
3158 126
3159 114
3160 117
3161 119
3162 106
3163 128
3164 117
3165 127
3166 113
3167 106
3168 108
3169 115
3170 107
3171 124
3172 104
3173 102
3174 96
3175 118
3176 101
3177 126
3178 99
3179 109
3180 120
3181 119
3182 106
3183 126
3184 108
3185 114
3186 112
3187 110
3188 97
3189 96
3190 115
3191 93
3192 120
3193 105
3194 108
3195 114
3196 124
3197 101
3198 111
3199 102
3200 118
3201 110
3202 118
3203 107
3204 113
3205 91
3206 101
3207 115
3208 109
3209 110
3210 110
3211 108
3212 89
3213 118
3214 102
3215 87
3216 106
3217 107
3218 103
3219 109
3220 126
3221 105
3222 105
3223 106
3224 94
3225 110
3226 109
3227 96
3228 103
3229 120
3230 90
3231 137
3232 126
3233 103
3234 118
3235 111
3236 98
3237 111
3238 86
3239 101
3240 103
3241 105
3242 109
3243 119
3244 106
3245 101
3246 117
3247 108
3248 111
3249 90
3250 108
3251 96
3252 105
3253 105
3254 108
3255 100
3256 101
3257 108
3258 102
3259 87
3260 109
3261 91
3262 98
3263 83
3264 104
3265 100
3266 101
3267 94
3268 107
3269 100
3270 103
3271 116
3272 94
3273 107
3274 101
3275 105
3276 114
3277 106
3278 97
3279 112
3280 101
3281 98
3282 112
3283 93
3284 103
3285 100
3286 89
3287 124
3288 110
3289 100
3290 95
3291 100
3292 87
3293 97
3294 125
3295 77
3296 107
3297 91
3298 97
3299 110
3300 107
3301 113
3302 99
3303 93
3304 79
3305 116
3306 87
3307 83
3308 96
3309 101
3310 112
3311 107
3312 110
3313 94
3314 118
3315 114
3316 91
3317 103
3318 121
3319 96
3320 95
3321 85
3322 88
3323 105
3324 100
3325 121
3326 85
3327 97
3328 117
3329 97
3330 86
3331 111
3332 113
3333 87
3334 99
3335 95
3336 97
3337 98
3338 101
3339 95
3340 96
3341 104
3342 96
3343 110
3344 104
3345 101
3346 114
3347 112
3348 114
3349 117
3350 100
3351 112
3352 123
3353 96
3354 87
3355 106
3356 88
3357 99
3358 111
3359 115
3360 123
3361 87
3362 105
3363 89
3364 90
3365 85
3366 98
3367 111
3368 94
3369 88
3370 86
3371 105
3372 92
3373 98
3374 97
3375 93
3376 71
3377 107
3378 88
3379 103
3380 83
3381 101
3382 114
3383 102
3384 94
3385 86
3386 79
3387 105
3388 104
3389 90
3390 99
3391 87
3392 88
3393 77
3394 99
3395 81
3396 99
3397 77
3398 89
3399 84
3400 78
3401 81
3402 102
3403 91
3404 94
3405 88
3406 93
3407 88
3408 72
3409 83
3410 84
3411 83
3412 82
3413 87
3414 71
3415 78
3416 78
3417 68
3418 82
3419 85
3420 79
3421 83
3422 75
3423 55
3424 67
3425 79
3426 70
3427 66
3428 89
3429 70
3430 82
3431 73
3432 67
3433 79
3434 80
3435 73
3436 71
3437 70
3438 65
3439 86
3440 79
3441 70
3442 89
3443 83
3444 75
3445 58
3446 84
3447 68
3448 66
3449 83
3450 83
3451 71
3452 76
3453 76
3454 84
3455 72
3456 82
3457 83
3458 89
3459 81
3460 65
3461 72
3462 75
3463 80
3464 79
3465 81
3466 66
3467 67
3468 75
3469 82
3470 70
3471 77
3472 54
3473 62
3474 62
3475 69
3476 68
3477 78
3478 66
3479 64
3480 69
3481 95
3482 85
3483 84
3484 79
3485 87
3486 64
3487 57
3488 72
3489 77
3490 65
3491 70
3492 70
3493 60
3494 73
3495 77
3496 88
3497 67
3498 80
3499 72
3500 81
3501 68
3502 66
3503 91
3504 109
3505 102
3506 127
3507 122
3508 136
3509 139
3510 201
3511 185
3512 254
3513 324
3514 338
3515 307
3516 217
3517 144
3518 96
3519 90
3520 75
3521 66
3522 81
3523 73
3524 71
3525 68
3526 63
3527 75
3528 76
3529 66
3530 90
3531 67
3532 82
3533 72
3534 63
3535 55
3536 85
3537 82
3538 83
3539 96
3540 109
3541 103
3542 105
3543 92
3544 85
3545 65
3546 68
3547 61
3548 81
3549 62
3550 58
3551 50
3552 62
3553 56
3554 67
3555 63
3556 59
3557 51
3558 69
3559 61
3560 63
3561 60
3562 50
3563 67
3564 73
3565 48
3566 56
3567 59
3568 58
3569 51
3570 68
3571 64
3572 58
3573 66
3574 56
3575 61
3576 56
3577 58
3578 54
3579 58
3580 61
3581 63
3582 69
3583 57
3584 63
3585 53
3586 52
3587 62
3588 62
3589 56
3590 55
3591 54
3592 59
3593 65
3594 53
3595 68
3596 51
3597 62
3598 47
3599 46
3600 57
3601 49
3602 47
3603 52
3604 56
3605 55
3606 57
3607 64
3608 54
3609 54
3610 70
3611 48
3612 43
3613 47
3614 49
3615 54
3616 56
3617 74
3618 51
3619 55
3620 70
3621 57
3622 66
3623 63
3624 52
3625 43
3626 56
3627 48
3628 39
3629 56
3630 65
3631 61
3632 47
3633 58
3634 61
3635 57
3636 45
3637 43
3638 60
3639 60
3640 45
3641 57
3642 50
3643 50
3644 52
3645 61
3646 44
3647 57
3648 60
3649 43
3650 38
3651 40
3652 47
3653 49
3654 53
3655 51
3656 55
3657 49
3658 56
3659 46
3660 59
3661 44
3662 55
3663 60
3664 46
3665 49
3666 42
3667 47
3668 44
3669 58
3670 40
3671 43
3672 49
3673 39
3674 55
3675 51
3676 45
3677 52
3678 50
3679 50
3680 52
3681 37
3682 63
3683 58
3684 50
3685 45
3686 56
3687 50
3688 46
3689 52
3690 66
3691 48
3692 48
3693 37
3694 44
3695 46
3696 45
3697 44
3698 58
3699 48
3700 44
3701 60
3702 35
3703 50
3704 40
3705 42
3706 45
3707 51
3708 47
3709 45
3710 43
3711 57
3712 55
3713 37
3714 41
3715 44
3716 49
3717 45
3718 48
3719 50
3720 44
3721 53
3722 65
3723 45
3724 52
3725 44
3726 46
3727 49
3728 48
3729 43
3730 41
3731 44
3732 50
3733 50
3734 50
3735 31
3736 59
3737 38
3738 51
3739 50
3740 40
3741 61
3742 22
3743 43
3744 47
3745 42
3746 48
3747 43
3748 59
3749 50
3750 38
3751 43
3752 39
3753 56
3754 59
3755 43
3756 50
3757 50
3758 47
3759 51
3760 45
3761 45
3762 47
3763 51
3764 46
3765 39
3766 39
3767 47
3768 55
3769 52
3770 59
3771 50
3772 53
3773 52
3774 57
3775 59
3776 65
3777 47
3778 58
3779 48
3780 48
3781 48
3782 46
3783 33
3784 31
3785 43
3786 36
3787 35
3788 35
3789 48
3790 52
3791 44
3792 58
3793 52
3794 49
3795 46
3796 47
3797 29
3798 41
3799 53
3800 40
3801 38
3802 36
3803 38
3804 41
3805 42
3806 38
3807 33
3808 44
3809 32
3810 33
3811 41
3812 48
3813 47
3814 46
3815 43
3816 30
3817 36
3818 37
3819 43
3820 47
3821 44
3822 57
3823 42
3824 50
3825 59
3826 61
3827 70
3828 82
3829 98
3830 147
3831 144
3832 202
3833 213
3834 296
3835 362
3836 390
3837 514
3838 561
3839 525
3840 402
3841 251
3842 126
3843 68
3844 43
3845 44
3846 48
3847 36
3848 38
3849 44
3850 34
3851 38
3852 49
3853 30
3854 30
3855 29
3856 34
3857 39
3858 29
3859 47
3860 25
3861 38
3862 32
3863 39
3864 42
3865 41
3866 50
3867 32
3868 38
3869 38
3870 35
3871 29
3872 38
3873 26
3874 34
3875 38
3876 35
3877 37
3878 27
3879 32
3880 33
3881 41
3882 36
3883 29
3884 36
3885 38
3886 35
3887 30
3888 38
3889 24
3890 37
3891 35
3892 43
3893 35
3894 31
3895 34
3896 41
3897 28
3898 38
3899 35
3900 32
3901 40
3902 34
3903 32
3904 35
3905 30
3906 31
3907 34
3908 19
3909 32
3910 32
3911 37
3912 46
3913 35
3914 29
3915 36
3916 28
3917 23
3918 35
3919 26
3920 28
3921 24
3922 26
3923 26
3924 37
3925 33
3926 32
3927 28
3928 24
3929 31
3930 31
3931 28
3932 30
3933 33
3934 25
3935 28
3936 31
3937 25
3938 22
3939 32
3940 14
3941 31
3942 37
3943 36
3944 37
3945 30
3946 20
3947 32
3948 30
3949 33
3950 26
3951 27
3952 36
3953 42
3954 31
3955 26
3956 25
3957 33
3958 30
3959 30
3960 31
3961 43
3962 30
3963 32
3964 27
3965 30
3966 35
3967 26
3968 26
3969 29
3970 27
3971 26
3972 34
3973 29
3974 25
3975 27
3976 39
3977 30
3978 38
3979 36
3980 31
3981 26
3982 23
3983 31
3984 42
3985 27
3986 33
3987 35
3988 25
3989 27
3990 28
3991 24
3992 32
3993 25
3994 31
3995 31
3996 33
3997 30
3998 29
3999 32
4000 28
4001 26
4002 24
4003 23
4004 30
4005 30
4006 29
4007 28
4008 32
4009 30
4010 23
4011 25
4012 30
4013 23
4014 35
4015 26
4016 24
4017 29
4018 24
4019 29
4020 36
4021 34
4022 35
4023 29
4024 29
4025 30
4026 32
4027 31
4028 41
4029 43
4030 26
4031 35
4032 31
4033 26
4034 22
4035 30
4036 22
4037 23
4038 19
4039 24
4040 20
4041 32
4042 29
4043 28
4044 21
4045 38
4046 26
4047 24
4048 23
4049 22
4050 32
4051 31
4052 23
4053 24
4054 28
4055 27
4056 41
4057 30
4058 19
4059 19
4060 29
4061 30
4062 28
4063 23
4064 18
4065 37
4066 37
4067 33
4068 42
4069 34
4070 36
4071 30
4072 26
4073 18
4074 25
4075 17
4076 29
4077 25
4078 24
4079 21
4080 18
4081 35
4082 29
4083 23
4084 27
4085 17
4086 23
4087 22
4088 29
4089 34
4090 27
4091 24
4092 16
4093 30
4094 34
4095 26
End
