ASCII channel-by-channel listing for 290_076.18
1139 - 28 - 190 started 2018-10-17 17:06:08.0 on counter 43
Generated Oct 18 2018 01.48.24, CRNG database/web system
Channel Data
0 49
1 55
2 0
3 0
4 0
5 0
6 0
7 0
8 0
9 0
10 0
11 0
12 0
13 0
14 0
15 0
16 0
17 0
18 0
19 0
20 0
21 0
22 0
23 1
24 1
25 0
26 0
27 2
28 0
29 0
30 1
31 1
32 0
33 0
34 0
35 0
36 0
37 0
38 1
39 12
40 94
41 1044
42 2237
43 2254
44 2242
45 2158
46 2129
47 2163
48 2117
49 2174
50 2137
51 2065
52 2069
53 2066
54 2034
55 2063
56 1958
57 2003
58 2003
59 1997
60 1995
61 2008
62 1922
63 2022
64 1970
65 1963
66 1975
67 1870
68 1866
69 1841
70 1893
71 1855
72 1851
73 1888
74 1839
75 1816
76 1887
77 1914
78 1828
79 1952
80 1928
81 2230
82 2550
83 1918
84 1614
85 1685
86 1638
87 1618
88 1737
89 1699
90 1634
91 1669
92 1672
93 1677
94 1664
95 1610
96 1640
97 1657
98 1607
99 1683
100 1635
101 1634
102 1598
103 1658
104 1664
105 1593
106 1601
107 1640
108 1638
109 1607
110 1628
111 1539
112 1566
113 1620
114 1580
115 1588
116 1593
117 1583
118 1625
119 1697
120 1683
121 1527
122 1613
123 1562
124 1509
125 1525
126 1489
127 1587
128 1566
129 1600
130 1520
131 1630
132 1610
133 1687
134 2251
135 2599
136 1752
137 1589
138 1553
139 1615
140 1581
141 1471
142 1434
143 1424
144 1558
145 1498
146 1511
147 1460
148 1529
149 1514
150 1579
151 1536
152 1476
153 1502
154 1557
155 1473
156 1563
157 1489
158 1468
159 1499
160 1532
161 1481
162 1444
163 1533
164 1558
165 1548
166 1549
167 1552
168 1511
169 1503
170 1546
171 1454
172 1491
173 1576
174 1562
175 1494
176 1578
177 1481
178 1538
179 1523
180 1551
181 1546
182 1610
183 1668
184 1751
185 1587
186 1551
187 1570
188 1512
189 1533
190 1521
191 1565
192 1565
193 1472
194 1508
195 1470
196 1502
197 1492
198 1605
199 1549
200 1530
201 1487
202 1605
203 1580
204 1593
205 1490
206 1499
207 1585
208 1450
209 1584
210 1555
211 1570
212 1572
213 1591
214 1582
215 1557
216 1693
217 1641
218 1524
219 1653
220 1587
221 1613
222 1606
223 1666
224 1561
225 1637
226 1634
227 1695
228 1666
229 1685
230 1606
231 1668
232 1611
233 1653
234 1602
235 1669
236 1551
237 1692
238 1649
239 1644
240 1676
241 1694
242 1911
243 3482
244 4961
245 2826
246 1719
247 1690
248 1669
249 1591
250 1594
251 1653
252 1794
253 2506
254 3952
255 3191
256 1800
257 1695
258 1633
259 1666
260 1601
261 1710
262 1619
263 1572
264 1564
265 1594
266 1653
267 1572
268 1666
269 1631
270 1598
271 1731
272 1894
273 2011
274 1777
275 1684
276 1577
277 1650
278 1627
279 1598
280 1607
281 1621
282 1715
283 1604
284 1650
285 1604
286 1589
287 1630
288 1636
289 1599
290 1647
291 1668
292 1644
293 1648
294 1616
295 1620
296 1592
297 1584
298 1591
299 1671
300 1621
301 1668
302 1656
303 1583
304 1560
305 1654
306 1652
307 1572
308 1659
309 1709
310 1662
311 1699
312 1657
313 1615
314 1603
315 1656
316 1850
317 1818
318 1722
319 1700
320 1659
321 1702
322 1679
323 1738
324 1640
325 1728
326 1672
327 1701
328 1711
329 1685
330 1710
331 1753
332 1689
333 1680
334 1795
335 1779
336 1928
337 1882
338 2009
339 2002
340 2078
341 1985
342 2049
343 2173
344 2169
345 2189
346 2211
347 2251
348 2359
349 2249
350 2330
351 2227
352 2215
353 2210
354 2168
355 2200
356 2270
357 2244
358 2259
359 2215
360 2237
361 2206
362 2241
363 2150
364 2253
365 2164
366 2017
367 2144
368 2163
369 2123
370 2072
371 2102
372 2080
373 2094
374 1954
375 2084
376 1892
377 1958
378 2003
379 1911
380 1908
381 1872
382 1797
383 1813
384 1884
385 1798
386 1874
387 1815
388 1781
389 1741
390 1762
391 1698
392 1669
393 1728
394 1720
395 1629
396 1678
397 1740
398 1635
399 1683
400 1657
401 1635
402 1654
403 1607
404 1579
405 1579
406 1543
407 1582
408 1557
409 1539
410 1546
411 1552
412 1520
413 1532
414 1500
415 1516
416 1589
417 1521
418 1458
419 1507
420 1499
421 1458
422 1517
423 1506
424 1390
425 1437
426 1400
427 1354
428 1420
429 1435
430 1377
431 1407
432 1412
433 1419
434 1368
435 1411
436 1347
437 1378
438 1393
439 1361
440 1347
441 1347
442 1403
443 1441
444 1285
445 1334
446 1320
447 1278
448 1319
449 1203
450 1334
451 1301
452 1286
453 1243
454 1277
455 1317
456 1256
457 1264
458 1290
459 1318
460 1300
461 1255
462 1216
463 1254
464 1290
465 1205
466 1217
467 1198
468 1247
469 1200
470 1301
471 1166
472 1243
473 1241
474 1285
475 1154
476 1210
477 1203
478 1254
479 1217
480 1191
481 1173
482 1161
483 1196
484 1263
485 1372
486 1615
487 1618
488 1349
489 1139
490 1216
491 1188
492 1337
493 1515
494 1481
495 1281
496 1192
497 1152
498 1155
499 1170
500 1206
501 1172
502 1115
503 1177
504 1098
505 1096
506 1121
507 1088
508 1100
509 1087
510 1114
511 1058
512 1128
513 1149
514 1155
515 1149
516 1157
517 1119
518 1144
519 1222
520 1327
521 1331
522 1221
523 1146
524 1116
525 1140
526 1088
527 1170
528 1115
529 1062
530 1137
531 1146
532 1117
533 1142
534 1175
535 1112
536 1117
537 1081
538 1169
539 1151
540 1065
541 1115
542 1114
543 1120
544 1119
545 1136
546 1115
547 1097
548 1161
549 1106
550 1121
551 1175
552 1186
553 1164
554 1083
555 1078
556 1140
557 1185
558 1096
559 1122
560 1147
561 1146
562 1152
563 1288
564 1828
565 2784
566 2590
567 1535
568 1102
569 1169
570 1186
571 1155
572 1144
573 1104
574 1097
575 1155
576 1194
577 1137
578 1126
579 1196
580 1160
581 1173
582 1183
583 1183
584 1157
585 1162
586 1146
587 1148
588 1117
589 1155
590 1244
591 1199
592 1171
593 1204
594 1232
595 1236
596 1202
597 1199
598 1165
599 1226
600 1220
601 1193
602 1267
603 1215
604 1218
605 1198
606 1231
607 1226
608 1229
609 1255
610 1204
611 1248
612 1242
613 1238
614 1289
615 1231
616 1225
617 1192
618 1294
619 1257
620 1238
621 1243
622 1314
623 1264
624 1220
625 1292
626 1255
627 1314
628 1264
629 1296
630 1302
631 1285
632 1308
633 1268
634 1303
635 1338
636 1280
637 1335
638 1297
639 1324
640 1343
641 1297
642 1326
643 1285
644 1355
645 1297
646 1302
647 1313
648 1396
649 1336
650 1382
651 1383
652 1375
653 1352
654 1334
655 1403
656 1335
657 1401
658 1443
659 1360
660 1366
661 1420
662 1387
663 1353
664 1345
665 1354
666 1380
667 1374
668 1364
669 1302
670 1340
671 1379
672 1390
673 1303
674 1206
675 1269
676 1217
677 1202
678 1218
679 1106
680 1159
681 1145
682 1122
683 1028
684 1046
685 996
686 943
687 952
688 926
689 909
690 936
691 887
692 881
693 883
694 855
695 810
696 844
697 829
698 910
699 824
700 871
701 795
702 794
703 731
704 775
705 810
706 781
707 777
708 778
709 768
710 750
711 748
712 766
713 722
714 776
715 720
716 668
717 705
718 678
719 699
720 716
721 694
722 642
723 690
724 637
725 657
726 682
727 686
728 635
729 634
730 642
731 664
732 638
733 658
734 673
735 625
736 642
737 606
738 659
739 604
740 637
741 630
742 626
743 669
744 680
745 764
746 723
747 659
748 597
749 572
750 612
751 559
752 578
753 598
754 568
755 571
756 544
757 566
758 509
759 556
760 581
761 539
762 543
763 507
764 482
765 503
766 510
767 560
768 521
769 526
770 552
771 534
772 501
773 528
774 492
775 495
776 477
777 520
778 477
779 543
780 452
781 503
782 504
783 439
784 499
785 523
786 552
787 669
788 662
789 553
790 431
791 467
792 450
793 457
794 444
795 494
796 415
797 433
798 440
799 448
800 408
801 445
802 421
803 403
804 401
805 419
806 410
807 420
808 415
809 433
810 410
811 417
812 400
813 411
814 390
815 353
816 379
817 390
818 362
819 371
820 353
821 406
822 428
823 412
824 354
825 360
826 350
827 354
828 381
829 343
830 376
831 386
832 397
833 361
834 317
835 367
836 367
837 348
838 362
839 340
840 352
841 321
842 325
843 336
844 323
845 308
846 331
847 345
848 377
849 329
850 328
851 340
852 356
853 303
854 342
855 340
856 326
857 344
858 341
859 313
860 332
861 344
862 306
863 336
864 329
865 320
866 323
867 315
868 336
869 312
870 324
871 321
872 328
873 294
874 329
875 297
876 335
877 334
878 333
879 320
880 285
881 359
882 305
883 313
884 333
885 312
886 312
887 301
888 317
889 337
890 327
891 339
892 305
893 281
894 314
895 305
896 329
897 316
898 335
899 336
900 318
901 324
902 338
903 281
904 301
905 334
906 321
907 264
908 304
909 299
910 288
911 305
912 280
913 296
914 312
915 321
916 310
917 334
918 323
919 351
920 309
921 340
922 358
923 327
924 324
925 309
926 300
927 310
928 313
929 300
930 335
931 319
932 286
933 310
934 360
935 327
936 327
937 325
938 332
939 318
940 319
941 285
942 317
943 308
944 310
945 317
946 292
947 322
948 289
949 336
950 365
951 463
952 676
953 1034
954 1016
955 768
956 488
957 339
958 287
959 319
960 377
961 344
962 315
963 309
964 323
965 317
966 328
967 319
968 303
969 323
970 310
971 301
972 312
973 319
974 316
975 329
976 348
977 318
978 329
979 366
980 353
981 285
982 371
983 304
984 343
985 300
986 298
987 314
988 316
989 349
990 329
991 321
992 342
993 329
994 339
995 344
996 388
997 316
998 372
999 383
1000 387
1001 393
1002 368
1003 379
1004 387
1005 404
1006 402
1007 410
1008 464
1009 535
1010 624
1011 813
1012 1142
1013 1862
1014 2822
1015 4024
1016 5827
1017 9347
1018 15008
1019 22120
1020 27911
1021 29770
1022 26770
1023 20272
1024 13112
1025 7510
1026 4030
1027 2349
1028 1498
1029 1078
1030 815
1031 610
1032 574
1033 517
1034 449
1035 443
1036 416
1037 366
1038 437
1039 399
1040 395
1041 359
1042 379
1043 371
1044 331
1045 315
1046 340
1047 331
1048 299
1049 312
1050 314
1051 298
1052 300
1053 314
1054 267
1055 308
1056 266
1057 293
1058 285
1059 289
1060 303
1061 242
1062 257
1063 255
1064 259
1065 248
1066 292
1067 254
1068 256
1069 268
1070 262
1071 243
1072 264
1073 260
1074 251
1075 235
1076 239
1077 259
1078 248
1079 248
1080 235
1081 219
1082 242
1083 233
1084 245
1085 249
1086 227
1087 208
1088 239
1089 238
1090 230
1091 271
1092 258
1093 390
1094 570
1095 920
1096 1080
1097 861
1098 435
1099 258
1100 203
1101 204
1102 228
1103 213
1104 227
1105 244
1106 214
1107 194
1108 209
1109 231
1110 223
1111 234
1112 207
1113 204
1114 209
1115 192
1116 173
1117 194
1118 208
1119 176
1120 196
1121 191
1122 186
1123 205
1124 208
1125 219
1126 202
1127 211
1128 192
1129 204
1130 200
1131 198
1132 198
1133 199
1134 193
1135 204
1136 186
1137 222
1138 200
1139 194
1140 201
1141 203
1142 189
1143 189
1144 227
1145 182
1146 202
1147 211
1148 194
1149 162
1150 184
1151 180
1152 178
1153 199
1154 192
1155 191
1156 193
1157 171
1158 179
1159 188
1160 209
1161 192
1162 187
1163 202
1164 168
1165 185
1166 182
1167 223
1168 187
1169 182
1170 210
1171 199
1172 180
1173 222
1174 209
1175 222
1176 220
1177 220
1178 202
1179 176
1180 158
1181 173
1182 186
1183 171
1184 204
1185 171
1186 197
1187 207
1188 235
1189 374
1190 585
1191 922
1192 1413
1193 1333
1194 710
1195 324
1196 229
1197 205
1198 176
1199 184
1200 177
1201 193
1202 184
1203 183
1204 197
1205 196
1206 168
1207 197
1208 176
1209 175
1210 195
1211 198
1212 197
1213 166
1214 185
1215 146
1216 181
1217 167
1218 179
1219 189
1220 172
1221 192
1222 167
1223 161
1224 175
1225 171
1226 188
1227 175
1228 168
1229 130
1230 191
1231 160
1232 172
1233 152
1234 192
1235 176
1236 152
1237 167
1238 184
1239 167
1240 142
1241 131
1242 145
1243 162
1244 150
1245 154
1246 154
1247 163
1248 157
1249 172
1250 135
1251 157
1252 168
1253 136
1254 118
1255 135
1256 142
1257 159
1258 138
1259 154
1260 145
1261 146
1262 145
1263 169
1264 165
1265 147
1266 154
1267 145
1268 145
1269 130
1270 147
1271 153
1272 155
1273 173
1274 170
1275 127
1276 152
1277 136
1278 133
1279 124
1280 133
1281 152
1282 135
1283 137
1284 172
1285 153
1286 155
1287 152
1288 133
1289 139
1290 141
1291 145
1292 129
1293 143
1294 132
1295 143
1296 120
1297 140
1298 172
1299 146
1300 122
1301 144
1302 152
1303 138
1304 139
1305 155
1306 154
1307 171
1308 235
1309 301
1310 414
1311 484
1312 416
1313 219
1314 139
1315 141
1316 124
1317 137
1318 152
1319 121
1320 129
1321 136
1322 128
1323 128
1324 115
1325 132
1326 127
1327 154
1328 137
1329 126
1330 159
1331 137
1332 128
1333 131
1334 151
1335 119
1336 142
1337 149
1338 134
1339 129
1340 137
1341 136
1342 135
1343 125
1344 144
1345 130
1346 151
1347 121
1348 97
1349 149
1350 124
1351 139
1352 138
1353 137
1354 115
1355 137
1356 117
1357 118
1358 147
1359 143
1360 144
1361 122
1362 135
1363 131
1364 129
1365 137
1366 144
1367 149
1368 128
1369 131
1370 143
1371 132
1372 121
1373 117
1374 120
1375 113
1376 138
1377 122
1378 126
1379 121
1380 105
1381 108
1382 137
1383 121
1384 121
1385 124
1386 118
1387 125
1388 120
1389 108
1390 120
1391 117
1392 109
1393 120
1394 146
1395 125
1396 127
1397 119
1398 117
1399 128
1400 141
1401 104
1402 133
1403 116
1404 118
1405 126
1406 112
1407 113
1408 116
1409 114
1410 98
1411 106
1412 127
1413 117
1414 112
1415 116
1416 114
1417 125
1418 121
1419 123
1420 125
1421 115
1422 111
1423 87
1424 97
1425 126
1426 107
1427 104
1428 123
1429 108
1430 109
1431 122
1432 112
1433 127
1434 104
1435 117
1436 94
1437 106
1438 125
1439 115
1440 97
1441 119
1442 111
1443 105
1444 129
1445 94
1446 92
1447 112
1448 121
1449 113
1450 111
1451 113
1452 106
1453 102
1454 117
1455 120
1456 94
1457 119
1458 118
1459 104
1460 111
1461 98
1462 106
1463 101
1464 86
1465 123
1466 106
1467 95
1468 97
1469 107
1470 92
1471 91
1472 80
1473 84
1474 88
1475 79
1476 98
1477 88
1478 100
1479 104
1480 96
1481 103
1482 119
1483 128
1484 196
1485 284
1486 387
1487 527
1488 471
1489 291
1490 121
1491 92
1492 102
1493 88
1494 85
1495 79
1496 93
1497 95
1498 88
1499 106
1500 89
1501 96
1502 78
1503 94
1504 114
1505 88
1506 85
1507 83
1508 94
1509 83
1510 100
1511 78
1512 87
1513 86
1514 90
1515 68
1516 90
1517 92
1518 79
1519 79
1520 78
1521 97
1522 86
1523 85
1524 83
1525 91
1526 81
1527 88
1528 86
1529 81
1530 82
1531 87
1532 80
1533 80
1534 87
1535 97
1536 75
1537 88
1538 80
1539 77
1540 76
1541 87
1542 89
1543 82
1544 85
1545 81
1546 74
1547 76
1548 81
1549 87
1550 79
1551 79
1552 94
1553 88
1554 77
1555 69
1556 81
1557 87
1558 72
1559 71
1560 78
1561 70
1562 74
1563 85
1564 65
1565 77
1566 87
1567 68
1568 69
1569 81
1570 77
1571 78
1572 78
1573 86
1574 74
1575 89
1576 73
1577 76
1578 73
1579 71
1580 80
1581 70
1582 79
1583 71
1584 66
1585 96
1586 98
1587 84
1588 65
1589 67
1590 83
1591 72
1592 73
1593 76
1594 60
1595 80
1596 75
1597 74
1598 61
1599 84
1600 71
1601 74
1602 87
1603 72
1604 81
1605 110
1606 92
1607 94
1608 92
1609 76
1610 68
1611 75
1612 77
1613 103
1614 108
1615 158
1616 222
1617 371
1618 612
1619 915
1620 1187
1621 1145
1622 705
1623 266
1624 112
1625 77
1626 74
1627 60
1628 78
1629 66
1630 68
1631 84
1632 80
1633 90
1634 71
1635 73
1636 66
1637 62
1638 75
1639 80
1640 63
1641 73
1642 69
1643 75
1644 69
1645 64
1646 59
1647 75
1648 80
1649 76
1650 58
1651 68
1652 62
1653 61
1654 78
1655 59
1656 70
1657 71
1658 47
1659 65
1660 67
1661 79
1662 70
1663 59
1664 87
1665 70
1666 91
1667 87
1668 97
1669 85
1670 86
1671 41
1672 74
1673 57
1674 57
1675 77
1676 67
1677 70
1678 64
1679 53
1680 59
1681 63
1682 60
1683 57
1684 69
1685 69
1686 68
1687 59
1688 84
1689 129
1690 167
1691 231
1692 285
1693 257
1694 199
1695 109
1696 74
1697 67
1698 60
1699 66
1700 52
1701 60
1702 63
1703 61
1704 71
1705 51
1706 45
1707 64
1708 61
1709 79
1710 51
1711 44
1712 50
1713 50
1714 55
1715 52
1716 47
1717 58
1718 57
1719 51
1720 51
1721 59
1722 55
1723 65
1724 47
1725 54
1726 50
1727 62
1728 62
1729 62
1730 60
1731 66
1732 53
1733 71
1734 60
1735 49
1736 62
1737 51
1738 59
1739 61
1740 62
1741 52
1742 63
1743 61
1744 57
1745 48
1746 59
1747 58
1748 53
1749 67
1750 54
1751 60
1752 56
1753 55
1754 34
1755 60
1756 44
1757 50
1758 43
1759 46
1760 38
1761 63
1762 64
1763 59
1764 57
1765 70
1766 61
1767 55
1768 61
1769 54
1770 53
1771 56
1772 43
1773 54
1774 64
1775 51
1776 45
1777 52
1778 62
1779 59
1780 49
1781 59
1782 47
1783 53
1784 55
1785 56
1786 53
1787 66
1788 52
1789 48
1790 45
1791 63
1792 64
1793 74
1794 49
1795 56
1796 42
1797 44
1798 59
1799 47
1800 54
1801 49
1802 49
1803 56
1804 48
1805 69
1806 47
1807 65
1808 54
1809 70
1810 46
1811 48
1812 48
1813 69
1814 65
1815 68
1816 62
1817 60
1818 55
1819 42
1820 54
1821 56
1822 42
1823 48
1824 55
1825 41
1826 65
1827 39
1828 46
1829 50
1830 55
1831 46
1832 58
1833 51
1834 34
1835 57
1836 45
1837 38
1838 60
1839 55
1840 58
1841 52
1842 51
1843 45
1844 48
1845 59
1846 53
1847 45
1848 54
1849 60
1850 44
1851 52
1852 62
1853 66
1854 91
1855 96
1856 152
1857 218
1858 302
1859 482
1860 697
1861 824
1862 773
1863 515
1864 220
1865 125
1866 141
1867 192
1868 268
1869 354
1870 403
1871 288
1872 151
1873 91
1874 58
1875 45
1876 52
1877 63
1878 52
1879 45
1880 53
1881 42
1882 58
1883 57
1884 50
1885 49
1886 57
1887 65
1888 58
1889 47
1890 52
1891 56
1892 52
1893 48
1894 55
1895 53
1896 42
1897 44
1898 45
1899 49
1900 61
1901 43
1902 46
1903 40
1904 51
1905 52
1906 51
1907 62
1908 56
1909 50
1910 54
1911 54
1912 47
1913 48
1914 32
1915 55
1916 46
1917 45
1918 45
1919 55
1920 39
1921 55
1922 47
1923 47
1924 47
1925 64
1926 48
1927 46
1928 52
1929 44
1930 56
1931 67
1932 55
1933 45
1934 55
1935 44
1936 42
1937 58
1938 52
1939 50
1940 52
1941 41
1942 53
1943 57
1944 53
1945 60
1946 51
1947 55
1948 60
1949 35
1950 56
1951 35
1952 44
1953 46
1954 40
1955 40
1956 42
1957 56
1958 38
1959 50
1960 52
1961 53
1962 53
1963 44
1964 45
1965 69
1966 47
1967 61
1968 49
1969 60
1970 53
1971 52
1972 56
1973 56
1974 45
1975 51
1976 52
1977 48
1978 45
1979 40
1980 52
1981 46
1982 44
1983 50
1984 59
1985 45
1986 54
1987 47
1988 54
1989 46
1990 47
1991 46
1992 35
1993 38
1994 49
1995 53
1996 47
1997 40
1998 52
1999 43
2000 47
2001 60
2002 50
2003 56
2004 53
2005 42
2006 48
2007 49
2008 49
2009 48
2010 56
2011 49
2012 54
2013 54
2014 55
2015 39
2016 48
2017 55
2018 53
2019 51
2020 48
2021 45
2022 43
2023 63
2024 56
2025 54
2026 58
2027 38
2028 50
2029 44
2030 49
2031 49
2032 47
2033 52
2034 60
2035 56
2036 58
2037 49
2038 69
2039 57
2040 60
2041 39
2042 70
2043 59
2044 54
2045 42
2046 51
2047 61
2048 47
2049 49
2050 50
2051 39
2052 42
2053 46
2054 31
2055 33
2056 40
2057 54
2058 52
2059 35
2060 43
2061 45
2062 49
2063 41
2064 45
2065 54
2066 39
2067 45
2068 49
2069 36
2070 47
2071 59
2072 46
2073 56
2074 65
2075 54
2076 51
2077 34
2078 54
2079 57
2080 44
2081 30
2082 49
2083 44
2084 42
2085 44
2086 50
2087 43
2088 54
2089 43
2090 34
2091 48
2092 38
2093 41
2094 43
2095 41
2096 44
2097 42
2098 43
2099 47
2100 49
2101 39
2102 45
2103 36
2104 32
2105 44
2106 40
2107 41
2108 28
2109 36
2110 57
2111 48
2112 36
2113 53
2114 44
2115 52
2116 43
2117 39
2118 39
2119 66
2120 48
2121 40
2122 41
2123 47
2124 41
2125 65
2126 39
2127 40
2128 34
2129 47
2130 37
2131 42
2132 46
2133 48
2134 49
2135 44
2136 30
2137 55
2138 46
2139 48
2140 35
2141 45
2142 40
2143 48
2144 40
2145 34
2146 38
2147 61
2148 35
2149 40
2150 51
2151 35
2152 48
2153 39
2154 54
2155 41
2156 43
2157 34
2158 46
2159 40
2160 39
2161 40
2162 35
2163 48
2164 35
2165 45
2166 40
2167 44
2168 51
2169 45
2170 52
2171 49
2172 38
2173 44
2174 32
2175 42
2176 43
2177 51
2178 39
2179 39
2180 44
2181 40
2182 40
2183 48
2184 45
2185 47
2186 45
2187 35
2188 43
2189 35
2190 38
2191 41
2192 36
2193 44
2194 70
2195 50
2196 71
2197 50
2198 55
2199 43
2200 49
2201 46
2202 41
2203 52
2204 40
2205 29
2206 41
2207 39
2208 40
2209 44
2210 38
2211 45
2212 38
2213 51
2214 49
2215 54
2216 44
2217 52
2218 49
2219 41
2220 41
2221 42
2222 56
2223 44
2224 48
2225 48
2226 53
2227 49
2228 45
2229 58
2230 56
2231 42
2232 44
2233 43
2234 43
2235 38
2236 44
2237 41
2238 57
2239 49
2240 38
2241 46
2242 58
2243 29
2244 40
2245 43
2246 49
2247 38
2248 52
2249 31
2250 38
2251 47
2252 59
2253 51
2254 43
2255 30
2256 46
2257 50
2258 43
2259 47
2260 38
2261 44
2262 42
2263 43
2264 43
2265 48
2266 44
2267 39
2268 32
2269 36
2270 60
2271 34
2272 48
2273 55
2274 38
2275 29
2276 42
2277 35
2278 47
2279 54
2280 38
2281 50
2282 48
2283 43
2284 39
2285 45
2286 43
2287 41
2288 49
2289 47
2290 46
2291 45
2292 33
2293 45
2294 49
2295 48
2296 37
2297 44
2298 44
2299 47
2300 49
2301 38
2302 35
2303 46
2304 52
2305 44
2306 31
2307 46
2308 41
2309 46
2310 30
2311 36
2312 47
2313 36
2314 51
2315 30
2316 46
2317 35
2318 36
2319 37
2320 50
2321 48
2322 36
2323 46
2324 43
2325 38
2326 37
2327 43
2328 43
2329 40
2330 37
2331 27
2332 42
2333 34
2334 42
2335 36
2336 41
2337 30
2338 48
2339 51
2340 43
2341 41
2342 41
2343 43
2344 46
2345 57
2346 51
2347 46
2348 45
2349 38
2350 44
2351 42
2352 30
2353 39
2354 36
2355 37
2356 31
2357 32
2358 29
2359 42
2360 35
2361 37
2362 45
2363 46
2364 46
2365 51
2366 57
2367 61
2368 74
2369 82
2370 70
2371 57
2372 44
2373 49
2374 38
2375 32
2376 27
2377 40
2378 41
2379 39
2380 33
2381 33
2382 37
2383 28
2384 39
2385 29
2386 24
2387 24
2388 45
2389 31
2390 39
2391 34
2392 25
2393 20
2394 34
2395 33
2396 37
2397 40
2398 41
2399 42
2400 34
2401 34
2402 38
2403 18
2404 22
2405 35
2406 39
2407 22
2408 37
2409 40
2410 30
2411 32
2412 33
2413 33
2414 23
2415 23
2416 45
2417 30
2418 33
2419 28
2420 25
2421 38
2422 33
2423 43
2424 37
2425 33
2426 28
2427 37
2428 31
2429 27
2430 19
2431 27
2432 35
2433 28
2434 31
2435 26
2436 30
2437 33
2438 18
2439 31
2440 25
2441 21
2442 34
2443 28
2444 15
2445 32
2446 32
2447 31
2448 34
2449 23
2450 26
2451 30
2452 18
2453 25
2454 37
2455 30
2456 35
2457 35
2458 34
2459 21
2460 34
2461 25
2462 24
2463 16
2464 24
2465 27
2466 24
2467 21
2468 28
2469 38
2470 39
2471 49
2472 56
2473 83
2474 79
2475 100
2476 78
2477 82
2478 49
2479 40
2480 35
2481 27
2482 24
2483 19
2484 29
2485 20
2486 24
2487 26
2488 20
2489 30
2490 40
2491 44
2492 38
2493 34
2494 36
2495 23
2496 39
2497 22
2498 22
2499 27
2500 22
2501 17
2502 22
2503 32
2504 20
2505 27
2506 25
2507 30
2508 25
2509 19
2510 22
2511 33
2512 15
2513 23
2514 23
2515 22
2516 24
2517 29
2518 15
2519 30
2520 19
2521 18
2522 22
2523 23
2524 20
2525 10
2526 16
2527 22
2528 21
2529 24
2530 19
2531 21
2532 19
2533 25
2534 18
2535 26
2536 14
2537 20
2538 30
2539 33
2540 14
2541 12
2542 16
2543 22
2544 21
2545 13
2546 18
2547 17
2548 22
2549 13
2550 16
2551 16
2552 19
2553 24
2554 13
2555 15
2556 24
2557 13
2558 22
2559 19
2560 37
2561 18
2562 22
2563 15
2564 18
2565 17
2566 25
2567 17
2568 15
2569 24
2570 11
2571 17
2572 17
2573 22
2574 14
2575 22
2576 19
2577 20
2578 20
2579 21
2580 24
2581 25
2582 28
2583 32
2584 14
2585 18
2586 21
2587 16
2588 14
2589 20
2590 12
2591 10
2592 20
2593 13
2594 20
2595 17
2596 23
2597 14
2598 23
2599 17
2600 21
2601 13
2602 21
2603 10
2604 16
2605 21
2606 29
2607 20
2608 15
2609 18
2610 14
2611 27
2612 17
2613 14
2614 15
2615 17
2616 16
2617 18
2618 22
2619 13
2620 27
2621 20
2622 22
2623 16
2624 16
2625 27
2626 32
2627 32
2628 23
2629 40
2630 46
2631 63
2632 51
2633 45
2634 31
2635 30
2636 21
2637 13
2638 11
2639 19
2640 20
2641 17
2642 22
2643 21
2644 23
2645 20
2646 28
2647 10
2648 16
2649 15
2650 20
2651 15
2652 19
2653 18
2654 16
2655 21
2656 16
2657 15
2658 12
2659 19
2660 22
2661 14
2662 33
2663 24
2664 25
2665 24
2666 32
2667 19
2668 24
2669 21
2670 16
2671 10
2672 16
2673 19
2674 10
2675 12
2676 11
2677 15
2678 11
2679 16
2680 12
2681 25
2682 26
2683 23
2684 21
2685 38
2686 34
2687 46
2688 56
2689 51
2690 68
2691 89
2692 65
2693 35
2694 20
2695 12
2696 21
2697 13
2698 12
2699 18
2700 9
2701 15
2702 12
2703 14
2704 8
2705 16
2706 15
2707 17
2708 16
2709 19
2710 9
2711 9
2712 15
2713 14
2714 19
2715 15
2716 18
2717 20
2718 32
2719 20
2720 16
2721 25
2722 15
2723 11
2724 21
2725 14
2726 21
2727 18
2728 13
2729 24
2730 14
2731 17
2732 14
2733 18
2734 34
2735 26
2736 25
2737 31
2738 28
2739 34
2740 31
2741 26
2742 30
2743 20
2744 23
2745 26
2746 49
2747 59
2748 95
2749 120
2750 129
2751 190
2752 282
2753 326
2754 323
2755 271
2756 167
2757 86
2758 35
2759 18
2760 13
2761 17
2762 20
2763 19
2764 17
2765 11
2766 18
2767 10
2768 13
2769 16
2770 17
2771 16
2772 22
2773 20
2774 17
2775 14
2776 9
2777 15
2778 19
2779 8
2780 21
2781 17
2782 14
2783 19
2784 16
2785 17
2786 11
2787 20
2788 11
2789 17
2790 13
2791 18
2792 20
2793 16
2794 14
2795 12
2796 20
2797 14
2798 20
2799 16
2800 16
2801 19
2802 15
2803 13
2804 16
2805 18
2806 15
2807 22
2808 25
2809 29
2810 36
2811 34
2812 42
2813 76
2814 87
2815 92
2816 98
2817 86
2818 58
2819 21
2820 22
2821 15
2822 11
2823 11
2824 14
2825 20
2826 11
2827 14
2828 17
2829 17
2830 22
2831 12
2832 12
2833 14
2834 18
2835 15
2836 25
2837 11
2838 14
2839 21
2840 16
2841 11
2842 13
2843 11
2844 14
2845 14
2846 15
2847 7
2848 19
2849 19
2850 9
2851 9
2852 13
2853 6
2854 14
2855 17
2856 11
2857 26
2858 36
2859 30
2860 34
2861 47
2862 56
2863 91
2864 106
2865 141
2866 152
2867 168
2868 165
2869 98
2870 39
2871 25
2872 19
2873 14
2874 20
2875 15
2876 8
2877 12
2878 16
2879 23
2880 20
2881 16
2882 23
2883 17
2884 18
2885 15
2886 18
2887 12
2888 17
2889 11
2890 14
2891 9
2892 14
2893 6
2894 11
2895 10
2896 10
2897 16
2898 15
2899 9
2900 12
2901 19
2902 9
2903 16
2904 11
2905 13
2906 13
2907 20
2908 11
2909 20
2910 17
2911 15
2912 16
2913 15
2914 11
2915 17
2916 14
2917 18
2918 19
2919 12
2920 17
2921 9
2922 18
2923 7
2924 10
2925 9
2926 13
2927 15
2928 13
2929 8
2930 11
2931 7
2932 17
2933 15
2934 8
2935 12
2936 26
2937 13
2938 18
2939 11
2940 10
2941 12
2942 13
2943 11
2944 11
2945 12
2946 10
2947 9
2948 16
2949 9
2950 4
2951 10
2952 9
2953 8
2954 14
2955 11
2956 15
2957 9
2958 8
2959 9
2960 9
2961 16
2962 10
2963 12
2964 7
2965 9
2966 14
2967 6
2968 12
2969 7
2970 15
2971 9
2972 7
2973 18
2974 11
2975 14
2976 13
2977 16
2978 12
2979 13
2980 11
2981 8
2982 10
2983 13
2984 7
2985 15
2986 18
2987 9
2988 6
2989 12
2990 11
2991 13
2992 12
2993 11
2994 12
2995 9
2996 10
2997 16
2998 14
2999 10
3000 10
3001 5
3002 17
3003 12
3004 6
3005 16
3006 14
3007 11
3008 12
3009 13
3010 10
3011 9
3012 10
3013 11
3014 10
3015 9
3016 13
3017 4
3018 6
3019 11
3020 14
3021 13
3022 16
3023 12
3024 10
3025 9
3026 13
3027 14
3028 12
3029 17
3030 5
3031 13
3032 13
3033 14
3034 10
3035 10
3036 8
3037 3
3038 17
3039 10
3040 9
3041 13
3042 17
3043 13
3044 13
3045 12
3046 8
3047 12
3048 10
3049 9
3050 13
3051 15
3052 6
3053 9
3054 5
3055 7
3056 8
3057 6
3058 12
3059 14
3060 11
3061 11
3062 6
3063 15
3064 11
3065 14
3066 17
3067 18
3068 14
3069 5
3070 15
3071 12
3072 13
3073 11
3074 9
3075 11
3076 12
3077 12
3078 9
3079 8
3080 11
3081 16
3082 6
3083 12
3084 6
3085 7
3086 15
3087 4
3088 11
3089 8
3090 9
3091 10
3092 12
3093 5
3094 12
3095 15
3096 11
3097 10
3098 11
3099 4
3100 11
3101 10
3102 6
3103 8
3104 8
3105 11
3106 10
3107 13
3108 20
3109 13
3110 2
3111 16
3112 14
3113 12
3114 9
3115 5
3116 12
3117 9
3118 13
3119 12
3120 4
3121 7
3122 11
3123 12
3124 14
3125 14
3126 5
3127 6
3128 12
3129 7
3130 9
3131 5
3132 12
3133 6
3134 8
3135 6
3136 10
3137 13
3138 9
3139 8
3140 10
3141 9
3142 11
3143 12
3144 11
3145 13
3146 11
3147 10
3148 8
3149 5
3150 17
3151 8
3152 10
3153 10
3154 12
3155 10
3156 5
3157 7
3158 6
3159 14
3160 11
3161 15
3162 13
3163 12
3164 9
3165 14
3166 15
3167 14
3168 7
3169 5
3170 7
3171 13
3172 8
3173 10
3174 8
3175 12
3176 6
3177 10
3178 6
3179 13
3180 7
3181 10
3182 7
3183 10
3184 15
3185 11
3186 9
3187 14
3188 9
3189 5
3190 7
3191 12
3192 4
3193 14
3194 8
3195 13
3196 14
3197 9
3198 10
3199 12
3200 9
3201 7
3202 9
3203 13
3204 15
3205 11
3206 9
3207 6
3208 13
3209 10
3210 9
3211 11
3212 9
3213 8
3214 7
3215 6
3216 6
3217 4
3218 9
3219 7
3220 8
3221 7
3222 13
3223 9
3224 15
3225 9
3226 9
3227 13
3228 11
3229 6
3230 5
3231 8
3232 12
3233 9
3234 16
3235 12
3236 10
3237 8
3238 13
3239 11
3240 13
3241 7
3242 5
3243 9
3244 8
3245 12
3246 7
3247 13
3248 6
3249 6
3250 5
3251 7
3252 13
3253 6
3254 5
3255 9
3256 5
3257 11
3258 8
3259 9
3260 8
3261 11
3262 8
3263 9
3264 8
3265 11
3266 6
3267 10
3268 3
3269 10
3270 10
3271 4
3272 3
3273 8
3274 10
3275 12
3276 6
3277 6
3278 8
3279 9
3280 6
3281 11
3282 9
3283 11
3284 4
3285 5
3286 11
3287 3
3288 6
3289 5
3290 6
3291 6
3292 12
3293 9
3294 6
3295 10
3296 8
3297 10
3298 10
3299 9
3300 6
3301 10
3302 8
3303 12
3304 5
3305 8
3306 10
3307 7
3308 8
3309 8
3310 6
3311 9
3312 7
3313 8
3314 10
3315 2
3316 9
3317 7
3318 12
3319 11
3320 11
3321 8
3322 16
3323 11
3324 5
3325 8
3326 10
3327 5
3328 3
3329 12
3330 11
3331 9
3332 2
3333 5
3334 5
3335 10
3336 7
3337 4
3338 9
3339 10
3340 9
3341 8
3342 10
3343 8
3344 9
3345 9
3346 18
3347 12
3348 15
3349 8
3350 6
3351 7
3352 10
3353 11
3354 7
3355 7
3356 10
3357 10
3358 6
3359 8
3360 5
3361 11
3362 8
3363 8
3364 11
3365 5
3366 6
3367 8
3368 10
3369 6
3370 9
3371 11
3372 6
3373 7
3374 7
3375 6
3376 8
3377 6
3378 8
3379 6
3380 6
3381 11
3382 2
3383 5
3384 9
3385 7
3386 5
3387 4
3388 8
3389 6
3390 7
3391 7
3392 6
3393 6
3394 3
3395 6
3396 9
3397 7
3398 7
3399 6
3400 10
3401 6
3402 2
3403 8
3404 8
3405 12
3406 7
3407 2
3408 9
3409 13
3410 5
3411 10
3412 5
3413 10
3414 9
3415 4
3416 6
3417 9
3418 7
3419 6
3420 5
3421 10
3422 7
3423 8
3424 8
3425 8
3426 2
3427 2
3428 3
3429 5
3430 3
3431 4
3432 8
3433 4
3434 7
3435 9
3436 5
3437 13
3438 9
3439 3
3440 6
3441 6
3442 9
3443 6
3444 6
3445 7
3446 3
3447 5
3448 9
3449 6
3450 9
3451 6
3452 9
3453 2
3454 7
3455 8
3456 9
3457 9
3458 5
3459 6
3460 5
3461 11
3462 3
3463 2
3464 6
3465 8
3466 7
3467 8
3468 7
3469 7
3470 9
3471 2
3472 8
3473 5
3474 5
3475 7
3476 6
3477 8
3478 6
3479 7
3480 8
3481 9
3482 10
3483 4
3484 3
3485 10
3486 9
3487 7
3488 4
3489 4
3490 6
3491 7
3492 7
3493 6
3494 1
3495 3
3496 5
3497 9
3498 7
3499 5
3500 3
3501 5
3502 6
3503 2
3504 10
3505 8
3506 9
3507 5
3508 13
3509 12
3510 12
3511 12
3512 19
3513 19
3514 28
3515 31
3516 12
3517 9
3518 11
3519 5
3520 6
3521 5
3522 6
3523 7
3524 5
3525 5
3526 7
3527 5
3528 5
3529 6
3530 6
3531 4
3532 9
3533 7
3534 9
3535 7
3536 10
3537 7
3538 12
3539 14
3540 15
3541 11
3542 20
3543 9
3544 5
3545 8
3546 11
3547 7
3548 6
3549 6
3550 4
3551 2
3552 4
3553 4
3554 6
3555 5
3556 4
3557 5
3558 7
3559 2
3560 5
3561 8
3562 5
3563 3
3564 2
3565 2
3566 6
3567 2
3568 4
3569 5
3570 2
3571 5
3572 6
3573 3
3574 5
3575 6
3576 3
3577 3
3578 3
3579 8
3580 5
3581 5
3582 7
3583 5
3584 4
3585 4
3586 8
3587 9
3588 5
3589 4
3590 8
3591 6
3592 10
3593 8
3594 3
3595 4
3596 9
3597 4
3598 6
3599 4
3600 5
3601 7
3602 3
3603 6
3604 7
3605 9
3606 2
3607 3
3608 5
3609 4
3610 10
3611 4
3612 10
3613 6
3614 7
3615 4
3616 4
3617 6
3618 4
3619 7
3620 3
3621 6
3622 9
3623 4
3624 5
3625 9
3626 2
3627 2
3628 2
3629 8
3630 7
3631 1
3632 3
3633 4
3634 6
3635 3
3636 2
3637 3
3638 2
3639 3
3640 8
3641 3
3642 4
3643 8
3644 2
3645 3
3646 3
3647 3
3648 9
3649 8
3650 7
3651 5
3652 5
3653 1
3654 4
3655 8
3656 10
3657 3
3658 1
3659 6
3660 1
3661 0
3662 4
3663 3
3664 2
3665 3
3666 5
3667 5
3668 0
3669 4
3670 6
3671 7
3672 1
3673 4
3674 2
3675 2
3676 4
3677 6
3678 7
3679 6
3680 3
3681 4
3682 5
3683 4
3684 4
3685 5
3686 4
3687 6
3688 4
3689 1
3690 8
3691 6
3692 7
3693 7
3694 3
3695 8
3696 2
3697 2
3698 3
3699 2
3700 5
3701 8
3702 6
3703 4
3704 5
3705 2
3706 5
3707 6
3708 4
3709 5
3710 6
3711 3
3712 3
3713 3
3714 2
3715 4
3716 1
3717 6
3718 2
3719 3
3720 3
3721 2
3722 5
3723 8
3724 2
3725 7
3726 3
3727 2
3728 1
3729 7
3730 6
3731 2
3732 1
3733 7
3734 2
3735 4
3736 3
3737 5
3738 2
3739 1
3740 5
3741 4
3742 3
3743 3
3744 4
3745 7
3746 4
3747 2
3748 7
3749 1
3750 4
3751 3
3752 4
3753 7
3754 1
3755 1
3756 5
3757 4
3758 3
3759 5
3760 7
3761 4
3762 3
3763 6
3764 2
3765 5
3766 3
3767 6
3768 3
3769 1
3770 5
3771 4
3772 4
3773 3
3774 5
3775 5
3776 4
3777 5
3778 4
3779 3
3780 2
3781 0
3782 4
3783 3
3784 2
3785 4
3786 1
3787 5
3788 1
3789 2
3790 4
3791 3
3792 1
3793 1
3794 5
3795 1
3796 9
3797 0
3798 4
3799 3
3800 7
3801 2
3802 1
3803 7
3804 3
3805 5
3806 3
3807 6
3808 4
3809 8
3810 6
3811 4
3812 5
3813 7
3814 5
3815 4
3816 2
3817 5
3818 1
3819 3
3820 2
3821 5
3822 4
3823 3
3824 6
3825 7
3826 5
3827 4
3828 9
3829 6
3830 8
3831 6
3832 13
3833 18
3834 19
3835 22
3836 29
3837 31
3838 33
3839 35
3840 22
3841 13
3842 4
3843 6
3844 6
3845 4
3846 5
3847 2
3848 7
3849 4
3850 2
3851 2
3852 3
3853 4
3854 4
3855 4
3856 7
3857 3
3858 4
3859 3
3860 3
3861 2
3862 2
3863 4
3864 0
3865 2
3866 6
3867 4
3868 3
3869 4
3870 2
3871 4
3872 5
3873 3
3874 2
3875 3
3876 6
3877 4
3878 3
3879 1
3880 2
3881 3
3882 6
3883 2
3884 2
3885 1
3886 3
3887 6
3888 3
3889 5
3890 3
3891 6
3892 5
3893 7
3894 1
3895 2
3896 5
3897 1
3898 3
3899 2
3900 5
3901 5
3902 1
3903 2
3904 4
3905 2
3906 3
3907 8
3908 3
3909 1
3910 3
3911 4
3912 6
3913 1
3914 3
3915 2
3916 1
3917 1
3918 3
3919 1
3920 4
3921 1
3922 2
3923 4
3924 4
3925 3
3926 6
3927 3
3928 2
3929 2
3930 2
3931 4
3932 2
3933 2
3934 4
3935 1
3936 2
3937 4
3938 2
3939 0
3940 1
3941 5
3942 3
3943 0
3944 6
3945 4
3946 2
3947 2
3948 0
3949 4
3950 1
3951 0
3952 2
3953 3
3954 5
3955 3
3956 2
3957 4
3958 5
3959 2
3960 2
3961 4
3962 2
3963 0
3964 3
3965 4
3966 2
3967 0
3968 2
3969 3
3970 2
3971 2
3972 3
3973 3
3974 2
3975 2
3976 2
3977 5
3978 2
3979 4
3980 4
3981 3
3982 2
3983 3
3984 3
3985 3
3986 2
3987 4
3988 2
3989 2
3990 1
3991 2
3992 2
3993 2
3994 2
3995 6
3996 6
3997 2
3998 2
3999 0
4000 6
4001 1
4002 0
4003 1
4004 1
4005 1
4006 2
4007 2
4008 3
4009 2
4010 1
4011 6
4012 1
4013 2
4014 1
4015 6
4016 3
4017 0
4018 6
4019 1
4020 1
4021 0
4022 2
4023 3
4024 4
4025 2
4026 1
4027 3
4028 1
4029 3
4030 3
4031 5
4032 2
4033 2
4034 3
4035 4
4036 1
4037 1
4038 5
4039 5
4040 3
4041 1
4042 5
4043 1
4044 4
4045 4
4046 2
4047 0
4048 4
4049 3
4050 1
4051 0
4052 2
4053 3
4054 2
4055 3
4056 2
4057 4
4058 3
4059 1
4060 2
4061 3
4062 2
4063 1
4064 2
4065 6
4066 3
4067 8
4068 4
4069 4
4070 9
4071 6
4072 1
4073 2
4074 3
4075 2
4076 6
4077 4
4078 4
4079 4
4080 3
4081 3
4082 1
4083 3
4084 2
4085 1
4086 0
4087 2
4088 4
4089 4
4090 1
4091 4
4092 2
4093 5
4094 3
4095 3
End
