
Page: 1                 anlresprint.php, Ver 1.4, 25FEB2011                 Printed: Oct 17 2018 17:19:23
==============================================================================================================
SN:290_011.18 Shot: 1139 Jug: 057 Mass: 950 Ctr:  76 ROT: 290.1336 ZT: 289.5990(2018) CT: 290.1232 CL:    15
NCHAN:4096   Live:    15.0   True:    15.0   Delta: 0.5294   Rate:18489   Gain: 0.50021   Zero: -0.17000
Type:  3  User: 76  Gain:  0  Pos: 12  Shelf: 12   LP Prog/Yr/Seq:0/0/0  Timestamp: 2018-10-17 03:14:02.0
Count acc/rej: default    QAStatus: pending    QA'd by: 00    QA Time:     QA Comm:  
--------------------------------------------------------------------------------------------------------------

==============================================================================================================
Analysis Results:

Analysis Code: raygun  Peaks: 34  Overall QA:    0.00  Library: 9  CD: 71  Timestamp:2018-10-17 03:14:02.0 
Analysis ZT: 289.5990      AnalysisZY: 2018     Original: Yes     Comment: 

Peak    Start    Centroid     End     Energy     NetArea     Error    Gammas/Min    Identified
  1     173.0     174.4     176.0      87.08         213      23.6    2.7590E+03         No
  2     176.0     177.9     180.0      88.82         325      13.1    4.0760E+03         No
  3     234.0     236.7     238.0     118.23         489      15.7    5.2970E+03        Yes
  4     238.0     239.6     242.0     119.66         980       7.0    1.0560E+04         No
  5     410.0     413.5     416.0     206.67        4946       2.2    6.8560E+04         No
  6     506.0     509.0     514.0     254.45        2502       3.3    4.2090E+04         No
  7     525.0     531.6     535.0     265.75       19844       1.1    3.4760E+05         No
  8     535.0     536.1     538.0     267.98         358      10.1    6.3260E+03         No
  9     550.0     552.4     554.0     276.12         266      15.2    4.8320E+03         No
 10     593.0     600.6     603.0     300.24       10160       1.5    1.9930E+05        Yes
 11     656.0     657.9     659.0     328.93         215      15.3    4.5820E+03        Yes
 12     754.0     759.9     762.0     379.96         608       7.9    1.4840E+04         No
 13     772.0     775.9     779.0     387.94         227      15.8    5.6440E+03        Yes
 14     795.0     796.8     799.0     398.40         156      19.3    3.9730E+03         No
 15     893.0     894.9     898.0     447.44         304      10.3    8.6870E+03         No
 16     959.0     961.6     965.0     480.81         258      13.6    7.9140E+03         No
 17     965.0     967.6     972.0     483.83         540       8.8    1.6650E+04         No
 18     972.0     974.2     976.0     487.11         233      12.1    7.2150E+03        Yes
 19    1019.0    1022.7    1027.0     511.41         216      20.2    7.0260E+03         No
 20    1032.0    1036.5    1039.0     518.28        3338       2.9    1.0990E+05         No
 21    1089.0    1092.4    1095.0     546.25         178      14.9    6.1700E+03         No
 22    1141.0    1144.9    1149.0     572.52        2196       3.8    7.9610E+04         No
 23    1151.0    1154.4    1157.0     577.26        1027       5.6    3.7520E+04         No
 24    1204.0    1213.9    1219.0     607.05        4644       2.7    1.7810E+05         No
 25    1238.0    1244.0    1248.0     622.10         121      23.9    4.7340E+03        Yes
 26    1329.0    1332.0    1336.0     666.10         591       7.7    2.4790E+04        Yes
 27    1545.0    1547.7    1553.0     774.00          70      27.2    3.3770E+03        Yes
 28    1562.0    1567.5    1572.0     783.92        1707       4.5    8.3610E+04         No
 29    1626.0    1631.8    1636.0     816.05          69      24.4    3.5050E+03        Yes
 30    1650.0    1657.2    1662.0     828.76         862       6.5    4.4520E+04         No
 31    1736.0    1743.4    1749.0     871.90         425       9.8    2.3020E+04         No
 32    1805.0    1812.6    1815.0     906.51         238      13.0    1.3390E+04         No
 33    2364.0    2368.0    2372.0    1184.33         117      18.2    8.5610E+03         No
 34    3188.0    3193.3    3198.0    1597.14         130      21.7    1.2520E+04        Yes

Line   Nuclide   Isotope   Meta      DPM@ZT       DPM@CT        Atoms@ZT       Error      Accept  Comment
   Energy      DPM@ZT             Fraction   Error   StdDev

  1      RU         106            4.6520E+04    4.6520E+04    3.1030E+15      23.30        u      

   622.00      4.7680E+04            1.00    23.90     0.00
  1050.00      3.5370E+04           -1.00     0.00     0.00
  2      TE         131       M    8.4220E+03    6.2800E+03    2.1870E+07      28.70        u      

   666.00      5.0890E+05            0.66     7.70     0.00
   774.00      1.1890E+04            1.00    27.10     0.00
   852.00      3.6450E+03           -1.00     0.00     0.00
  3      I         126            2.6670E+04    2.5930E+04    7.2130E+08       9.20        u      

   388.00      1.7020E+04            1.00    15.80     0.00
   666.00      7.6190E+04            0.99     7.70     0.00
  4      LA         140            1.9940E+04    1.6020E+04    6.9500E+07       8.30        u      

   329.00      2.7550E+04            1.00    15.30     0.00
   487.00      1.9560E+04            1.00    12.10     0.00
   816.00      1.8480E+04            1.00    24.40     0.00
  1597.00      1.6330E+04            1.00    21.70     0.00
  5      PA         231            2.8690E+07    8.3750E+06    7.1330E+17       1.80        u      

   300.00      2.8690E+07            1.00     1.80     0.00
  6      AC         227            4.8900E+08    4.8900E+08    8.0750E+15       1.80        u      

   300.00      4.8900E+08            1.00     1.80     0.00
  7      U         237            1.6950E+05    1.6050E+05    2.3760E+09      15.80        u      

   118.00      1.6950E+05            1.00    15.70     0.00


Page:2                 anlresprint.php, Ver 1.4, 25FEB2011                 Printed:Oct 17 2018 17:19:23
==============================================================================================================
SN:290_011.18 Shot: 1139 Jug: 057 Mass: 950 Ctr:  76 ROT: 290.1336 ZT: 289.5990(2018) CT: 290.1232 CL:    15
NCHAN:4096   Live:    15.0   True:    15.0   Delta: 0.5294   Rate:18489   Gain: 0.50021   Zero: -0.17000
Type:  3  User: 76  Gain:  0  Pos: 12  Shelf: 12   LP Prog/Yr/Seq:0/0/0  Timestamp: 2018-10-17 03:14:02.0
Count acc/rej: default    QAStatus: pending    QA'd by: 00    QA Time:     QA Comm:  
--------------------------------------------------------------------------------------------------------------

==============================================================================================================
Analysis Results:

Analysis Code: specanl  Peaks: 37  Overall QA:    0.00  Library: 9  CD: 71  Timestamp:2018-10-17 03:14:02.0 
Analysis ZT: 289.5990      AnalysisZY: 2018     Original: Yes     Comment: 

Peak   Centroid    Energy     NetArea     Error     QFit    Gammas/Min      FWHM    Identified
  1     413.48     206.66        5126       1.2      1.2    7.1048E+04      0.95        No
  2     509.07     254.47        2544       2.5      1.0    4.2788E+04      1.04       Yes
  3     531.56     265.72       20301       1.0      2.3    3.5552E+05      1.01        No
  4     552.32     276.11         305      12.1      1.0    5.5412E+03      1.24        No
  5     600.52     300.22       10195       1.4      1.6    2.0002E+05      1.05       Yes
  6     608.43     304.17          56      44.2      1.0    1.1077E+03      1.06        No
  7     657.86     328.90         205      14.6      1.0    4.3877E+03      1.13       Yes
  8     759.85     379.92         615       7.0      1.0    1.5016E+04      1.22       Yes
  9     775.82     387.90         243      14.1      1.0    6.0570E+03      1.22        No
 10     796.53     398.26         234      21.0      1.2    5.9739E+03      1.26       Yes
 11     894.67     447.35         306       9.6      1.9    8.7458E+03      1.10        No
 12     961.54     480.80         157      17.8      1.0    4.8067E+03      1.11        No
 13     967.54     483.80         376       9.2      1.0    1.1572E+04      1.11        No
 14     974.37     487.22         228       9.9      1.0    7.0608E+03      1.11       Yes
 15    1022.53     511.31         244      19.2      1.0    7.9227E+03      2.35        No
 16    1036.45     518.27        3356       1.9      1.0    1.1049E+05      1.25        No
 17    1092.40     546.26         185      11.5      1.5    6.4142E+03      1.29        No
 18    1134.14     567.14          70      18.2      1.0    2.5051E+03      0.77        No
 19    1144.91     572.53        2203       3.3      1.0    7.9869E+04      1.33        No
 20    1154.53     577.33        1038       5.5      1.0    3.7924E+04      1.36        No
 21    1213.80     606.99        4641       2.5      8.6    1.7802E+05      1.43       Yes
 22    1244.40     622.29         136      21.5      1.0    5.3498E+03      1.89       Yes
 23    1331.98     666.10         622       6.8      1.0    2.6078E+04      1.51       Yes
 24    1368.65     684.44          59      36.6      1.0    2.5557E+03      1.75        No
 25    1437.72     718.99          78      24.3      1.1    3.4997E+03      1.43        No
 26    1548.04     774.18          66      24.4      1.0    3.2152E+03      1.27       Yes
 27    1556.35     778.33          36      25.5      1.0    1.7601E+03      1.59       Yes
 28    1567.53     783.92        1705       4.4      1.0    8.3552E+04      1.55        No
 29    1631.76     816.05          72      25.2      1.0    3.6481E+03      1.61       Yes
 30    1657.16     828.76         805       5.5      1.0    4.1566E+04      1.50       Yes
 31    1690.76     845.57          25      38.1      1.0    1.3096E+03      1.22        No
 32    1743.06     871.73         421       8.3      1.0    2.2804E+04      1.58        No
 33    1812.02     906.22         249      12.5      1.1    1.4038E+04      1.84        No
 34    1929.99     965.23          50      30.8      1.0    3.0255E+03      1.44       Yes
 35    2299.24    1149.93          61      28.2      1.2    4.3479E+03      1.75        No
 36    2368.40    1184.53         123      16.7      1.0    9.0095E+03      1.67        No
 37    3192.85    1596.92         137      18.4      1.0    1.3203E+04      2.43       Yes

Line   Nuclide   Isotope   Meta      DPM@ZT       DPM@CT        Atoms@ZT       Error      Accept  Comment
   Energy      DPM@ZT             Fraction   Error   StdDev

  1      ZR          97            5.7640E+06    3.4230E+06    8.4330E+09       2.60        u      

   254.47      5.7640E+06            1.00     2.60     0.00
  2      MO          99            4.6240E+04    4.0460E+04    2.6400E+08      25.50        u      

   778.33      4.6240E+04            1.00    25.50     0.00
  3      RU         106            5.3880E+04    5.3880E+04    3.5950E+15      21.50        u      

   622.29      5.3880E+04            1.00    21.50     0.00
  4      SB         125            1.9640E+06    1.9630E+06    4.0690E+12      19.20        u      

   379.92      9.8820E+05            1.99     7.00    -3.70
   606.99      3.5470E+06            0.55     2.50     2.80
  5      TE         131       M    1.1320E+04    8.4390E+03    2.9390E+07      24.40        u      

   774.18      1.1320E+04            1.00    24.40     0.00
  6      I         126            8.1040E+04    7.8790E+04    2.1920E+09       6.80        u      

   666.10      8.1040E+04            1.00     6.80     0.00
  7      LA         140            1.9760E+04    1.5880E+04    6.8890E+07      30.90        u      

   328.90      2.6380E+04            0.75    14.60     0.70
   487.22      1.9140E+04            1.03    10.00    -0.10
   816.05      1.9240E+04            1.03    25.20    -0.10
  1596.92      1.7220E+04            1.15    18.40    -0.30
  8      TL         200            5.3940E+05    3.8490E+05    1.2180E+09       5.50        u      

   828.76      5.3940E+05            1.00     5.50     0.00
  9      PB         212            3.1630E+06    1.3820E+06    2.9130E+09       1.50        u      

   300.22      1.3700E+07            0.23     1.50     0.00
  10      BI         212            1.1740E+03    1.9030E-01    1.0250E+05       1.50        u      

   300.22      3.6930E+10            0.00     1.50     0.00
  11      AC         228            1.1750E+04    2.7920E+03    6.2330E+06      30.80        u      

   965.23      2.1950E+05            0.05    30.80     0.00
  12      TH         228            4.9400E+04    3.7630E+04    7.1700E+10      30.80        u      

   965.23      6.8470E+04            0.95    30.80     0.00
  13      PA         231            5.1570E+06    1.5050E+06    1.2820E+17       1.50        u      

   300.22      2.8790E+07            0.61     1.50     0.00
  14      PA         233            5.0890E+05    5.0200E+05    2.8540E+10      21.00        u      

   300.22      3.2700E+06            0.16     1.50     0.00
   398.26      5.0890E+05            1.00    21.00     0.00


Page:3                 anlresprint.php, Ver 1.4, 25FEB2011                 Printed:Oct 17 2018 17:19:24
==============================================================================================================
SN:290_011.18 Shot: 1139 Jug: 057 Mass: 950 Ctr:  76 ROT: 290.1336 ZT: 289.5990(2018) CT: 290.1232 CL:    15
NCHAN:4096   Live:    15.0   True:    15.0   Delta: 0.5294   Rate:18489   Gain: 0.50021   Zero: -0.17000
Type:  3  User: 76  Gain:  0  Pos: 12  Shelf: 12   LP Prog/Yr/Seq:0/0/0  Timestamp: 2018-10-17 03:14:02.0
Count acc/rej: default    QAStatus: pending    QA'd by: 00    QA Time:     QA Comm:  
--------------------------------------------------------------------------------------------------------------

==============================================================================================================
Analysis Results:

Analysis Code: unisampo  Peaks: 36  Overall QA:    0.00  Library: 9  CD: 71  Timestamp:2018-10-17 03:14:04.0 
Analysis ZT: 289.5990      AnalysisZY: 2018     Original: Yes     Comment: 

Peak  Start Centroid     End  Energy  NetArea  Error   Qfit Gammas/Min  FWHM  Integral Identified
  1    71.0     85.2    96.0   42.43      612    4.5 130.01   5.109e+4  0.72  7.130e+2     No
  2   164.0    178.0   189.0   88.87      287   13.0   2.55   3.590e+3  0.80  1.335e+3     No
  3   226.0    239.6   251.0  119.66      832    6.0   3.35   8.932e+3  0.84  2.313e+3     No
  4   399.0    413.5   428.0  206.67     4941    1.6   1.56   6.829e+4  0.97  5.924e+3     No
  5   495.0    509.1   525.0  254.48     2435    2.4   0.77   4.084e+4  1.03  3.210e+3     No
  6   513.0    531.5   549.0  265.71    19818    0.7   5.87   3.460e+5  1.04  2.046e+4     No
  7   538.0    552.4   566.0  276.16      253   11.6   0.89   4.581e+3  1.06  7.850e+2     No
  8   581.0    600.5   615.0  300.22    10146    1.0   2.08   1.985e+5  1.09  1.058e+4     No
  9   644.0    657.8   671.0  328.89      218   11.8   0.98   4.649e+3  1.12  5.900e+2    Yes
 10   743.0    760.0   775.0  379.98      533    5.9   1.66   1.297e+4  1.18  8.740e+2     No
 11   762.0    775.9   790.0  387.96      191   12.7   0.94   4.755e+3  1.19  5.190e+2     No
 12   782.0    796.4   803.0  398.20      115   21.5   1.72   2.918e+3  1.21  4.720e+2     No
 13   880.0    894.6   910.0  447.31      300    8.3   1.13   8.531e+3  1.26  5.270e+2     No
 14   946.0    961.6   991.0  480.85      246    9.2   1.45   7.502e+3  1.30  4.390e+2     No
 15   946.0    967.5   991.0  483.79      507    5.4   1.45   1.558e+4  1.30  6.970e+2     No
 16   946.0    974.2   991.0  487.14      256    8.7   1.45   7.910e+3  1.31  4.420e+2    Yes
 17  1005.0   1022.3  1033.0  511.20      219   13.7   1.56   7.091e+3  2.69  6.130e+2     No
 18  1025.0   1036.4  1053.0  518.25     3382    1.8   1.90   1.110e+5  1.34  3.546e+3     No
 19  1075.0   1092.4  1108.0  546.27      162   11.8   1.11   5.602e+3  1.37  3.080e+2     No
 20  1134.0   1144.9  1172.0  572.52     2233    2.3   1.48   8.072e+4  1.40  2.397e+3     No
 21  1134.0   1154.5  1172.0  577.33     1061    3.5   1.48   3.865e+4  1.41  1.209e+3     No
 22  1186.0   1214.0  1234.0  607.07     4190    1.6   8.65   1.603e+5  1.44  4.302e+3     No
 23  1224.0   1244.1  1262.0  622.14       94   17.2   0.60   3.677e+3  1.45  1.870e+2    Yes
 24  1313.0   1332.0  1351.0  666.12      602    4.4   1.35   2.518e+4  1.50  6.600e+2     No
 25  1418.0   1437.7  1456.0  719.00       74   18.9   0.79   3.313e+3  1.55  1.150e+2     No
 26  1524.0   1548.0  1588.0  774.17       85   11.6   0.54   4.087e+3  1.61  1.140e+2     No
 27  1524.0   1556.3  1588.0  778.30       60   14.6   0.54   2.897e+3  1.61  8.700e+1     No
 28  1524.0   1567.5  1588.0  783.92     1724    2.5   0.54   8.420e+4  1.62  1.748e+3     No
 29  1613.0   1631.8  1651.0  816.06       63   14.9   1.16   3.189e+3  1.65  9.100e+1    Yes
 30  1638.0   1657.1  1680.0  828.72      822    3.6   1.50   4.236e+4  1.66  8.520e+2     No
 31  1717.0   1743.1  1767.0  871.74      439    4.9   0.53   2.372e+4  1.71  4.610e+2     No
 32  1786.0   1812.3  1832.0  906.35      226    7.7   0.89   1.271e+4  1.74  2.440e+2     No
 33  1910.0   1929.7  1952.0  965.10       53   15.7   0.42   3.180e+3  1.80  6.600e+1     No
 34  2276.0   2299.0  2320.0 1149.84       65   13.3   0.64   4.649e+3  1.97  7.800e+1     No
 35  2345.0   2368.2  2391.0 1184.45      116    9.8   0.65   8.519e+3  2.00  1.290e+2     No
 36  3164.0   3192.5  3228.0 1596.76      132    8.0   0.26   1.271e+4  2.37  1.350e+2    Yes

Line   Nuclide   Isotope   Meta      DPM@ZT       DPM@CT        Atoms@ZT       Error      Accept  Comment
   Energy      DPM@ZT             Fraction   Error   StdDev

  1      RU         106            3.7070E+04    3.7030E+04    2.8690E+10      17.21        u      

   622.14      3.7070E+04          100.00    17.21   100.00
  2      LA         140            1.8820E+04    1.5160E+04    6.5610E+07       5.06        u      

   328.89      2.7950E+04           67.35    11.79   100.00
   487.14      2.1440E+04           87.77     8.73   100.00
   816.06      1.6820E+04          111.92    14.89   100.00
  1596.76      1.6570E+04          113.56     8.03   100.00


Page:4                 anlresprint.php, Ver 1.4, 25FEB2011                 Printed:Oct 17 2018 17:19:24
==============================================================================================================
SN:290_011.18 Shot: 1139 Jug: 057 Mass: 950 Ctr:  76 ROT: 290.1336 ZT: 289.5990(2018) CT: 290.1232 CL:    15
NCHAN:4096   Live:    15.0   True:    15.0   Delta: 0.5294   Rate:18489   Gain: 0.50021   Zero: -0.17000
Type:  3  User: 76  Gain:  0  Pos: 12  Shelf: 12   LP Prog/Yr/Seq:0/0/0  Timestamp: 2018-10-17 03:14:02.0
Count acc/rej: default    QAStatus: pending    QA'd by: 00    QA Time:     QA Comm:  
--------------------------------------------------------------------------------------------------------------

==============================================================================================================
Analysis Results:

Analysis Code: gamanal  Peaks: 47  Overall QA:    0.00  Library: 9  CD: 71  Timestamp:2018-10-17 03:14:07.0 
Analysis ZT: 289.5990      AnalysisZY: 2018     Original: Yes     Comment: 

Peak  Start Centroid     End  Energy  NetArea  Error   Qfit Gammas/Min  FWHM  Integral Identified
  1   172.0    174.4   176.0   87.06      109   65.6   1.00   1.416e+3  0.82  2.069e+3     No
  2   176.0    177.9   180.0   88.82      253   28.0   1.00   3.181e+3  0.75  2.209e+3     No
  3   232.0    236.4   237.0  118.08      340   25.4   1.00   3.694e+3  0.88  3.281e+3    Yes
  4   237.0    239.5   243.0  119.65      917   10.4   1.00   9.873e+3  0.88  4.576e+3    Yes
  5   337.0    339.3   341.0  169.53      148   47.5   1.00   1.715e+3  0.97  2.118e+3     No
  6   409.0    413.5   417.0  206.65     4989    2.5   1.00   6.908e+4  0.92  7.615e+3    Yes
  7   505.0    509.1   515.0  254.47     2453    4.3   1.00   4.123e+4  1.01  4.862e+3    Yes
  8   523.0    531.6   534.0  265.72    19999    1.5   3.27   3.499e+5  1.00  2.211e+4     No
  9   534.0    536.2   539.0  268.03      380   19.7   1.51   6.719e+3  1.00  1.467e+3    Yes
 10   549.0    552.3   555.0  276.12      268   21.0   1.00   4.865e+3  1.12  1.258e+3     No
 11   592.0    600.5   604.0  300.21    10194    1.6   1.32   1.998e+5  1.04  1.175e+4    Yes
 12   655.0    657.8   660.0  328.88      213   20.0   1.00   4.556e+3  1.08  7.870e+2    Yes
 13   753.0    759.9   763.0  379.91      558   11.1   1.00   1.363e+4  1.26  1.467e+3    Yes
 14   771.0    775.8   778.0  387.91      177   26.4   1.00   4.414e+3  1.15  8.250e+2    Yes
 15   794.0    796.6   798.0  398.27      151   26.0   1.00   3.865e+3  1.19  5.390e+2     No
 16   798.0    800.9   806.0  400.46      121   32.0   1.00   3.118e+3  1.19  8.310e+2     No
 17   892.0    894.7   899.0  447.35      312   14.6   1.65   8.910e+3  1.21  7.150e+2     No
 18   959.0    961.7   964.0  480.88      214   15.7   1.00   6.564e+3  1.38  5.180e+2    Yes
 19   964.0    967.5   970.0  483.80      501    7.5   1.00   1.543e+4  1.38  8.550e+2     No
 20   970.0    974.2   977.0  487.12      269   12.6   1.06   8.352e+3  1.38  6.350e+2    Yes
 21  1017.0   1022.6  1028.0  511.34      265   18.2   1.00   8.618e+3  2.48  7.070e+2     No
 22  1030.0   1036.4  1040.0  518.26     3398    2.2   1.05   1.118e+5  1.28  3.754e+3     No
 23  1089.0   1092.3  1095.0  546.21      160   19.5   1.22   5.537e+3  1.45  3.780e+2     No
 24  1131.0   1133.9  1136.0  567.01       73   37.6   1.00   2.649e+3  1.33  2.840e+2     No
 25  1140.0   1144.9  1150.0  572.52     2223    2.8   1.00   8.052e+4  1.33  2.593e+3     No
 26  1150.0   1154.5  1159.0  577.33     1057    4.5   1.00   3.860e+4  1.36  1.348e+3     No
 27  1203.0   1209.5  1210.0  604.83      553    9.9   1.00   2.114e+4  1.36  7.530e+2    Yes
 28  1210.0   1213.9  1221.0  607.02     4087    2.1   1.00   1.566e+5  1.36  4.534e+3    Yes
 29  1238.0   1244.3  1249.0  622.24      101   30.0   1.00   3.995e+3  1.53  3.190e+2    Yes
 30  1327.0   1332.0  1337.0  666.09      603    6.0   1.25   2.530e+4  1.57  7.200e+2    Yes
 31  1365.0   1368.6  1372.0  684.41       65   28.6   1.00   2.796e+3  1.59  1.500e+2    Yes
 32  1434.0   1437.7  1440.0  718.94       68   23.2   1.00   3.094e+3  1.47  1.230e+2     No
 33  1501.0   1503.3  1505.0  751.80       16   64.9   1.00   7.818e+2  1.50  4.900e+1     No
 34  1543.0   1548.1  1552.0  774.18       67   28.1   1.00   3.260e+3  1.51  1.480e+2    Yes
 35  1554.0   1556.2  1558.0  778.26       34   41.9   1.34   1.673e+3  1.52  7.700e+1     No
 36  1561.0   1567.5  1573.0  783.92     1703    2.8   1.00   8.337e+4  1.54  1.784e+3    Yes
 37  1628.0   1631.9  1636.0  816.10       64   22.9   1.00   3.266e+3  1.71  1.050e+2    Yes
 38  1648.0   1657.1  1663.0  828.73      852    4.3   1.00   4.399e+4  1.56  9.480e+2    Yes
 39  1688.0   1690.9  1694.0  845.63       25   38.8   1.00   1.341e+3  1.57  4.600e+1     No
 40  1736.0   1743.0  1750.0  871.69      430    6.5   1.03   2.330e+4  1.76  5.090e+2     No
 41  1803.0   1812.1  1816.0  906.24      230    9.2   1.00   1.297e+4  1.79  2.820e+2     No
 42  1847.0   1850.5  1853.0  925.45       23   39.5   1.00   1.340e+3  1.64  4.000e+1    Yes
 43  1925.0   1929.8  1933.0  965.12       50   22.3   1.00   3.017e+3  1.84  7.100e+1     No
 44  2295.0   2299.3  2303.0 1149.94       60   18.2   1.00   4.313e+3  1.80  7.700e+1     No
 45  2342.0   2343.8  2346.0 1172.21       17   50.6   1.32   1.284e+3  1.82  2.900e+1     No
 46  2363.0   2368.3  2373.0 1184.44      111   12.8   1.05   8.190e+3  2.02  1.310e+2     No
 47  3186.0   3193.0  3199.0 1596.96      131    9.7   1.00   1.268e+4  2.31  1.410e+2    Yes

Line   Nuclide   Isotope   Meta      DPM@ZT       DPM@CT        Atoms@ZT       Error      Accept  Comment
   Energy      DPM@ZT             Fraction   Error   StdDev

  1      RU         106            3.6420E+05    3.6380E+05    2.8170E+11      34.10        u      

   622.24      3.6408E+05            0.90    30.00     0.00
  2      I         126            1.3310E+04    1.2940E+04    3.6000E+08      26.40        u      

   387.91      1.3311E+04            1.00    26.40     0.00
   666.09      2.8229E+04            0.17     6.00     8.80
  3      LA         140            1.8040E+04    1.4500E+04    6.2870E+07       8.30        u      

   328.88      1.8036E+04            0.66    20.00     0.00
   487.12      2.2640E+04            0.80    12.60     1.60
   816.10      1.7216E+04            1.05    22.90    -0.20
   925.45      2.3724E+04            0.76    39.50     0.60
  1597.00      1.6535E+04            1.09     9.70    -0.90
  4      W         187            2.4700E+04    1.7090E+04    5.1090E+07      48.30        u      

   480.88      4.4962E+04            0.55    15.70     2.90
   684.41      1.5306E+04            1.61    28.60    -2.10
   774.18      1.1836E+05            0.21    28.10     2.80
  5      TH         227            1.5790E+06    1.5480E+06    6.1400E+10      19.70        u      

   268.03      1.5787E+06            1.00    19.70     0.00
  6      PA         231            2.8580E+07    8.3440E+06    7.1060E+17       1.90        u      

   300.21      2.8574E+07            0.99     1.60     0.00
  7      AC         227            2.9350E+06    2.9350E+06    4.8470E+13      68.70        u      

   254.47      4.4616E+06            0.09     4.30     7.90
   300.21      2.9345E+06            0.01     1.60     0.00
   328.88      2.9345E+06            0.34    20.00     0.00
  8      U         237            3.1640E+05    2.9970E+05    4.4360E+09      17.30        u      

   118.08      1.1818E+05            2.68    25.40    -6.60
   206.65      3.3147E+05            0.95     2.50     1.80


Page:5                 anlresprint.php, Ver 1.4, 25FEB2011                 Printed:Oct 17 2018 17:19:24
==============================================================================================================
SN:290_011.18 Shot: 1139 Jug: 057 Mass: 950 Ctr:  76 ROT: 290.1336 ZT: 289.5990(2018) CT: 290.1232 CL:    15
NCHAN:4096   Live:    15.0   True:    15.0   Delta: 0.5294   Rate:18489   Gain: 0.50021   Zero: -0.17000
Type:  3  User: 76  Gain:  0  Pos: 12  Shelf: 12   LP Prog/Yr/Seq:0/0/0  Timestamp: 2018-10-17 03:14:02.0
Count acc/rej: default    QAStatus: pending    QA'd by: 00    QA Time:     QA Comm:  
--------------------------------------------------------------------------------------------------------------

Line number        Energy      Efficiency      Uncertainty
        0           59.54      1.9230E-03       0.0000E+00  
        1           88.03      5.2990E-03       0.0000E+00  
        2          122.07      6.2710E-03       0.0000E+00  
        3          165.85      5.9190E-03       0.0000E+00  
        4          391.71      2.6610E-03       0.0000E+00  
        5          661.64      1.6040E-03       0.0000E+00  
        6          898.04      1.1990E-03       0.0000E+00  
        7        1,173.21      9.1810E-04       0.0000E+00  
        8        1,332.46      8.2650E-04       0.0000E+00  
        9        1,836.13      6.0620E-04       0.0000E+00  

Shape Number      Value
       0         2.5200E-01
       1         2.7880E-03
       2        -2.7670E+00
       3         2.4430E-03
       4         1.0500E+00
       5         5.0000E-01
       6         1.5820E-07


End of Printout.               anlresprint.php, Ver 1.4, 25FEB2011              Printed: Oct 17 2018 17:19:24
==============================================================================================================
