
Page: 1                 anlresprint.php, Ver 1.4, 25FEB2011                 Printed: Oct 17 2018 17:20:57
==============================================================================================================
SN:290_016.18 Shot: 1139 Jug: 057 Mass: 465 Ctr:  76 ROT: 290.2457 ZT: 289.5990(2018) CT: 290.2217 CL:    30
NCHAN:4096   Live:    30.0   True:    34.5   Delta: 0.6347   Rate:672827   Gain: 0.50021   Zero: -0.17000
Type:  3  User: 76  Gain:  0  Pos:  7  Shelf: 16   LP Prog/Yr/Seq:0/0/0  Timestamp: 2018-10-17 05:55:09.0
Count acc/rej: default    QAStatus: pending    QA'd by: 00    QA Time:     QA Comm:  
--------------------------------------------------------------------------------------------------------------

==============================================================================================================
Analysis Results:

Analysis Code: raygun  Peaks: 76  Overall QA:    0.00  Library: 9  CD: 71  Timestamp:2018-10-17 05:55:09.0 
Analysis ZT: 289.5990      AnalysisZY: 2018     Original: Yes     Comment: 

Peak    Start    Centroid     End     Energy     NetArea     Error    Gammas/Min    Identified
  1     144.0     145.9     148.0      72.80        4009       9.4    1.7110E+05         No
  2     148.0     150.0     151.0      74.88        6049       5.1    2.4040E+05        Yes
  3     169.0     169.9     172.0      84.82        3634       9.1    1.0520E+05        Yes
  4     172.0     174.3     176.0      87.01        9571       4.8    2.5970E+05         No
  5     176.0     177.1     180.0      88.40       13426       3.5    3.5260E+05         No
  6     231.0     239.1     241.0     119.42       50321       1.2    1.0590E+06         No
  7     246.0     247.9     251.0     123.81        2553      14.3    5.2970E+04         No
  8     255.0     261.3     269.0     130.54       16781       6.8    3.5100E+05         No
  9     353.0     356.4     359.0     178.10        3810      17.1    8.8080E+04         No
 10     410.0     413.1     418.0     206.46      195070       0.4    5.1530E+06         No
 11     506.0     508.8     514.0     254.31       33192       1.3    1.0580E+06         No
 12     522.0     531.2     543.0     265.52      846753       0.2    2.8060E+07         No
 13     550.0     552.1     554.0     275.98        4645       6.4    1.5940E+05         No
 14     594.0     600.2     612.0     300.04      427736       0.3    1.5830E+07        Yes
 15     655.0     657.7     660.0     328.84        3031       8.8    1.2180E+05        Yes
 16     756.0     759.8     762.0     379.88       19887       1.6    9.1030E+05         No
 17     774.0     775.7     780.0     387.86        6917       3.7    3.2260E+05        Yes
 18     794.0     796.2     803.0     398.11        8422       4.1    4.0240E+05         No
 19     873.0     873.7     876.0     436.88         675      21.8    3.5210E+04         No
 20     892.0     894.3     897.0     447.18        7723       5.0    4.1190E+05         No
 21     916.0     918.1     919.0     459.08        1006      14.5    5.4980E+04        Yes
 22     928.0     930.2     933.0     465.15        1201      15.8    6.6500E+04         No
 23     950.0     952.8     958.0     476.45         443      59.8    2.5100E+04         No
 24     958.0     961.1     964.0     480.59       22114       1.7    1.2620E+06         No
 25     964.0     967.2     972.0     483.62       23897       1.6    1.3720E+06         No
 26     972.0     974.1     978.0     487.07        6233       4.5    3.6040E+05        Yes
 27     988.0     992.5     995.0     496.30        1668      11.9    9.8170E+04        Yes
 28    1005.0    1022.0    1032.0     511.06      928461       0.3    5.6170E+07         No
 29    1032.0    1036.1    1050.0     518.10      245009       0.5    1.5020E+07         No
 30    1055.0    1056.6    1058.0     528.36         973      14.3    6.0730E+04        Yes
 31    1089.0    1092.1    1095.0     546.10        5794       3.3    3.7320E+05         No
 32    1122.0    1126.2    1130.0     563.17        2028       8.2    1.3450E+05         No
 33    1131.0    1133.9    1138.0     567.03        4717       4.1    3.1480E+05         No
 34    1139.0    1144.7    1150.0     572.44       92246       0.7    6.2120E+06         No
 35    1150.0    1154.2    1162.0     577.17       45072       1.0    3.0590E+06         No
 36    1174.0    1175.9    1178.0     588.04         822      16.3    5.6790E+04         No
 37    1202.0    1213.7    1227.0     606.94      201205       0.5    1.4320E+07         No
 38    1241.0    1243.9    1248.0     622.02        3255       4.7    2.3710E+05        Yes
 39    1326.0    1331.8    1338.0     666.02       25078       1.3    1.9480E+06        Yes
 40    1365.0    1368.9    1373.0     684.56        2939       4.8    2.3420E+05        Yes
 41    1433.0    1437.8    1443.0     719.02        3002       4.7    2.5020E+05         No
 42    1452.0    1456.1    1460.0     728.17         622      16.2    5.2400E+04        Yes
 43    1538.0    1540.6    1543.0     770.45         361      24.2    3.2020E+04         No
 44    1543.0    1548.1    1552.0     774.19        3100       5.3    2.7640E+05         No
 45    1552.0    1555.8    1560.0     778.04        2747       5.3    2.4610E+05         No
 46    1560.0    1567.3    1577.0     783.82       68320       0.7    6.1620E+06        Yes
 47    1629.0    1631.6    1634.0     815.96        1476       7.0    1.3810E+05        Yes
 48    1645.0    1656.9    1667.0     828.64       33026       1.1    3.1340E+06         No
 49    1667.0    1669.8    1678.0     835.07         820      11.5    7.8370E+04         No
 50    1687.0    1690.2    1694.0     845.28         842      10.4    8.1370E+04         No
 51    1731.0    1742.9    1747.0     871.63       18899       1.5    1.8790E+06         No
 52    1747.0    1748.9    1754.0     874.64        1459       7.4    1.4550E+05         No
 53    1806.0    1811.9    1817.0     906.18        8792       2.2    9.0600E+05         No
 54    1925.0    1930.2    1934.0     965.33        1715       5.7    1.8780E+05         No
 55    1964.0    1965.1    1966.0     982.78         127      40.1    1.4170E+04         No
 56    1966.0    1969.3    1971.0     984.91         232      22.4    2.5930E+04         No
 57    2099.0    2104.7    2106.0    1052.62         372      16.0    4.4320E+04         No
 58    2276.0    2279.6    2282.0    1140.12         296      16.4    3.7980E+04         No
 59    2293.0    2299.4    2306.0    1150.03        2857       4.2    3.7010E+05         No
 60    2333.0    2336.8    2338.0    1168.71         188      21.0    2.4750E+04         No
 61    2338.0    2342.9    2346.0    1171.77         973       8.0    1.2840E+05         No
 62    2346.0    2347.8    2351.0    1174.21         814       8.9    1.0760E+05         No
 63    2360.0    2368.5    2376.0    1184.58        4832       3.1    6.4330E+05         No
 64    2421.0    2428.0    2430.0    1214.35         458      13.6    6.2240E+04         No
 65    2461.0    2465.7    2471.0    1233.22         422      14.4    5.8130E+04         No
 66    2596.0    2598.8    2603.0    1299.76         273      17.6    3.9290E+04         No
 67    2842.0    2849.9    2852.0    1425.36         234      19.1    3.6650E+04         No
 68    2875.0    2878.3    2881.0    1439.59         152      20.0    2.4070E+04         No
 69    2927.0    2934.0    2941.0    1467.43         813       8.3    1.3110E+05         No
 70    2964.0    2967.6    2971.0    1484.23         223      16.9    3.6260E+04         No
 71    2998.0    3003.7    3006.0    1502.31         280      16.8    4.6180E+04         No
 72    3103.0    3109.3    3115.0    1555.14         553      10.7    9.4230E+04         No
 73    3117.0    3120.7    3125.0    1560.82         221      17.0    3.7870E+04         No
 74    3182.0    3192.8    3201.0    1596.90        3375       4.0    5.8990E+05        Yes
 75    3460.0    3464.1    3470.0    1732.61         281      16.4    5.3160E+04         No
 76    3527.0    3534.7    3540.0    1767.93         387      13.1    7.4560E+04         No

Line   Nuclide   Isotope   Meta      DPM@ZT       DPM@CT        Atoms@ZT       Error      Accept  Comment
   Energy      DPM@ZT             Fraction   Error   StdDev

  1      RU         103            1.1190E+05    1.1070E+05    9.1240E+09      12.00        u      

   496.00      1.1190E+05            1.00    11.90     0.00
  2      RU         106            2.3880E+06    2.3880E+06    1.5930E+17       4.90        u      

   622.00      2.3880E+06            1.00     4.80     0.00
  3      CD         115            1.8300E+05    1.5020E+05    8.4660E+08      16.50        u      

   528.00      2.6900E+05            1.00    14.30     0.00
   336.00      4.8430E+04           -1.00     0.00     0.00
  4      SB         127            8.7860E+05    7.8370E+05    7.0250E+09       4.20        u      

   685.00      7.4370E+05            1.00     4.80     0.00
   784.00      4.7640E+07            1.00     1.20     0.00
  5      TE         129            7.2600E+05    7.1660E+05    5.0670E+10      14.50        u      

   459.00      7.2350E+05            1.00    14.50     0.00
   487.00      4.8080E+06            0.19     4.50     0.00
  6      I         126            1.5480E+06    1.4960E+06    4.1850E+10       2.30        u      

   388.00      9.7850E+05            1.00     3.80     0.00
   666.00      6.0880E+06            1.00     1.60     0.00
  7      LA         140            8.3390E+05    6.4160E+05    2.9060E+09       2.80        u      

   329.00      7.6480E+05            1.00     8.80     0.00
   487.00      9.9160E+05            0.97     4.50     0.00
   816.00      7.6060E+05            1.00     7.00     0.00
  1597.00      8.0370E+05            1.00     4.00     0.00
  8      TB         161            2.4850E+06    2.3320E+06    3.5670E+10       5.40        u      

    75.00      2.6140E+06            1.00     5.10     0.00
    49.00      5.3440E+05           -1.00     0.00     0.00
    57.00      3.5150E+06           -1.00     0.00     0.00
  9      PB         212            1.2780E+09    4.7390E+08    1.1770E+12       1.00        u      

   300.00      1.2780E+09            1.00     1.00     0.00
  10      BI         212            2.7560E+10    7.8800E+05    2.4070E+12      16.30        u      

   728.00      2.7560E+10            1.00    16.20     0.00
  11      TH         228            1.0590E+07    8.6950E+06    1.5370E+13       9.20        u      

    85.00      1.0590E+07            1.00     9.10     0.00
  12      PA         231            1.9620E+09    6.6500E+08    4.8780E+19       1.00        u      

   300.00      1.9620E+09            1.00     1.00     0.00
  13      AC         227            3.2450E+10    3.2450E+10    5.3590E+17       1.00        u      

   300.00      3.2450E+10            1.00     1.00     0.00


Page:2                 anlresprint.php, Ver 1.4, 25FEB2011                 Printed:Oct 17 2018 17:20:58
==============================================================================================================
SN:290_016.18 Shot: 1139 Jug: 057 Mass: 465 Ctr:  76 ROT: 290.2457 ZT: 289.5990(2018) CT: 290.2217 CL:    30
NCHAN:4096   Live:    30.0   True:    34.5   Delta: 0.6347   Rate:672827   Gain: 0.50021   Zero: -0.17000
Type:  3  User: 76  Gain:  0  Pos:  7  Shelf: 16   LP Prog/Yr/Seq:0/0/0  Timestamp: 2018-10-17 05:55:09.0
Count acc/rej: default    QAStatus: pending    QA'd by: 00    QA Time:     QA Comm:  
--------------------------------------------------------------------------------------------------------------

==============================================================================================================
Analysis Results:

Analysis Code: specanl  Peaks: 81  Overall QA:    0.00  Library: 9  CD: 71  Timestamp:2018-10-17 05:55:09.0 
Analysis ZT: 289.5990      AnalysisZY: 2018     Original: Yes     Comment: 

Peak   Centroid    Energy     NetArea     Error     QFit    Gammas/Min      FWHM    Identified
  1     145.79      72.76        3121       9.4      1.0    1.3343E+05      0.86        No
  2     150.06      74.89        5722       5.2      1.0    2.2729E+05      0.86       Yes
  3     169.91      84.82       26274       8.4      4.7    7.6071E+05      0.99        No
  4     239.10     119.43       49086       1.1     45.5    1.0330E+06      1.00        No
  5     247.72     123.74        2728      13.5      1.0    5.6603E+04      0.82        No
  6     264.09     131.93       18980       8.9      9.4    3.9765E+05      4.08       Yes
  7     281.65     140.71        4925      26.5      1.0    1.0418E+05      3.33       Yes
  8     324.87     162.33        3414      15.4      1.0    7.3791E+04      1.07       Yes
  9     356.62     178.22        4861      14.9      1.0    1.1245E+05      1.87        No
 10     413.13     206.48      200508       0.3      6.3    5.2970E+06      1.04        No
 11     432.62     216.23        1819      21.2      1.0    5.0088E+04      1.21       Yes
 12     508.72     254.30       33661       1.2      1.0    1.0730E+06      1.08       Yes
 13     531.24     265.56      857519       0.1    106.0    2.8423E+07      1.10        No
 14     552.12     276.01        6985       5.6      1.0    2.3970E+05      1.15        No
 15     600.23     300.07      429759       0.2     30.3    1.5903E+07      1.15       Yes
 16     657.60     328.77        3933       8.5      1.5    1.5802E+05      1.14       Yes
 17     686.62     343.28        1342      18.1      1.0    5.6057E+04      1.11        No
 18     733.52     366.74         860      31.0      1.0    3.8133E+04      1.43       Yes
 19     759.73     379.85       21231       1.5      1.0    9.7170E+05      1.24        No
 20     775.77     387.88        7792       3.5      2.6    3.6343E+05      1.22        No
 21     796.38     398.19        9499       3.9     60.0    4.5398E+05      1.22       Yes
 22     865.88     432.95        1068      23.9      1.0    5.5256E+04      1.80       Yes
 23     873.82     436.92         978      17.3      1.0    5.1001E+04      1.13        No
 24     894.42     447.23        4144       4.4      1.0    2.2104E+05      1.22        No
 25     918.06     459.05        1282      13.1      1.0    7.0082E+04      1.16       Yes
 26     930.51     465.28        1444      15.5      1.0    7.9924E+04      1.54        No
 27     954.76     477.41        3545       6.0      1.0    2.0113E+05      1.40       Yes
 28     961.19     480.63       18793       1.4      7.0    1.0729E+06      1.40        No
 29     967.29     483.68       21290       1.3      8.7    1.2227E+06      1.40        No
 30     974.10     487.09        5722       3.7      6.1    3.3081E+05      1.40       Yes
 31     992.56     496.32        1658      11.7      1.0    9.7551E+04      1.42        No
 32    1022.05     511.07     1051038       0.2    157.0    6.3590E+07      2.89       Yes
 33    1035.93     518.01      121026       0.9   4971.7    7.4163E+06      2.89        No
 34    1056.77     528.44        1363      11.8      1.0    8.5079E+04      1.17       Yes
 35    1092.16     546.14        6749       3.0      1.0    4.3476E+05      1.42        No
 36    1126.20     563.17        1796       7.7      1.0    1.1908E+05      1.19       Yes
 37    1133.90     567.02        4102       4.0      1.0    2.7377E+05      1.30        No
 38    1144.69     572.42       91402       0.6      2.5    6.1553E+06      1.41        No
 39    1154.33     577.24       44783       0.7      1.2    3.0398E+06      1.41        No
 40    1176.03     588.09        1147      13.6      1.0    7.9219E+04      1.47        No
 41    1213.49     606.83      198976       0.3   1179.8    1.4160E+07      1.69        No
 42    1243.86     622.02        3505       4.4      1.0    2.5529E+05      1.36       Yes
 43    1331.83     666.02       25825       1.2      7.2    2.0063E+06      1.58       Yes
 44    1368.83     684.53        3040       4.6      1.0    2.4219E+05      1.48        No
 45    1392.73     696.49         471      19.6      1.1    3.8102E+04      1.35       Yes
 46    1424.80     712.53         471      23.0      1.0    3.8906E+04      1.81        No
 47    1437.80     719.03        3053       4.6      1.0    2.5443E+05      1.60        No
 48    1456.12     728.19         597      16.8      1.0    5.0323E+04      1.47        No
 49    1503.29     751.79         304      25.0      1.0    2.6418E+04      1.37       Yes
 50    1547.77     774.04        2249       5.6      2.3    2.0056E+05      1.73       Yes
 51    1555.78     778.05        1830       6.8      4.2    1.6392E+05      1.62       Yes
 52    1567.42     783.87       67679       0.6      9.4    6.1045E+06      1.62        No
 53    1631.61     815.98        1628       6.5      1.0    1.5237E+05      1.62       Yes
 54    1656.98     828.67       32440       1.0      1.8    3.0788E+06      1.64       Yes
 55    1669.91     835.14         724      12.6      1.0    6.9213E+04      1.64        No
 56    1690.41     845.39         978       9.3      1.0    9.4584E+04      1.79        No
 57    1710.25     855.31         282      28.2      1.0    2.7558E+04      1.91        No
 58    1742.94     871.66       20444       1.4      8.4    2.0324E+06      1.70        No
 59    1811.97     906.20        8832       2.0      1.0    9.1023E+05      1.68        No
 60    1850.49     925.46         255      25.6      1.0    2.6811E+04      1.67       Yes
 61    1930.27     965.37        1900       5.1      1.0    2.0808E+05      1.75       Yes
 62    1969.07     984.78         421      18.2      1.3    4.7005E+04      1.83        No
 63    2104.51    1052.53         466      15.1      1.3    5.5481E+04      1.82        No
 64    2279.10    1139.86         326      15.2      1.0    4.1844E+04      1.59        No
 65    2299.52    1150.07        2885       4.2      1.0    3.7374E+05      1.89        No
 66    2345.02    1172.83        1829       8.5      7.6    2.4141E+05      4.13       Yes
 67    2368.55    1184.60        5038       3.1      1.2    6.7068E+05      1.85        No
 68    2427.93    1214.30         434      13.8      1.6    5.9048E+04      1.81        No
 69    2466.46    1233.58         485      13.8      1.0    6.6769E+04      2.28        No
 70    2599.05    1299.90         285      17.0      1.0    4.0992E+04      1.85        No
 71    2849.18    1425.02         219      20.5      1.0    3.4364E+04      2.09        No
 72    2879.28    1440.08         156      21.6      1.0    2.4670E+04      1.34        No
 73    2934.37    1467.63         818       8.4      1.0    1.3189E+05      2.02        No
 74    2968.05    1484.48         213      19.0      1.0    3.4666E+04      1.87        No
 75    3002.77    1501.84         328      17.4      1.0    5.3997E+04      2.36        No
 76    3110.40    1555.68         465      12.2      1.5    7.9284E+04      1.99        No
 77    3121.50    1561.23         240      16.9      1.0    4.1071E+04      1.60        No
 78    3193.18    1597.09        3333       4.1      2.3    5.8270E+05      1.98       Yes
 79    3464.90    1733.01         292      17.5      1.0    5.5293E+04      2.40        No
 80    3535.06    1768.10         378      14.3      1.0    7.2850E+04      2.11        No
 81    3989.88    1995.61          71      32.1      1.0    1.5406E+04      2.44        No

Line   Nuclide   Isotope   Meta      DPM@ZT       DPM@CT        Atoms@ZT       Error      Accept  Comment
   Energy      DPM@ZT             Fraction   Error   StdDev

  1      BE           7            1.9520E+06    1.9360E+06    2.1610E+11       6.00        u      

   477.41      1.9520E+06            1.00     6.00     0.00
  2      CO          60            2.4170E+05    2.4170E+05    9.6660E+11       8.50        u      

  1172.83      2.4170E+05            1.00     8.50     0.00
  3      ZR          97            1.6030E+08    8.5840E+07    2.3450E+11       1.30        u      

   254.30      1.6030E+08            1.00     1.30     0.00
  4      MO          99            4.3890E+06    3.7400E+06    2.5060E+10      33.00        u      

   366.74      3.8580E+06            1.14    31.00    -0.20
   778.05      4.4230E+06            0.99     6.80     0.00
  5      TC          99       M    6.9280E+05    1.1950E+05    3.6020E+08      26.50        u      

   140.71      6.9280E+05            1.00    26.50     0.00
  6      RU         106            2.5710E+06    2.5710E+06    1.7160E+17       4.50        u      

   622.02      2.5710E+06            1.00     4.50     0.00
  7      CD         115            3.7690E+05    3.0940E+05    1.7450E+09      11.80        u      

   528.44      3.7690E+05            1.00    11.80     0.00
  8      TE         129            9.2210E+05    9.1020E+05    6.4370E+10      13.10        u      

   459.05      9.2210E+05            1.00    13.10     0.00
  9      TE         129       M    1.2910E+06    1.2740E+06    9.0120E+10      19.70        u      

   696.49      1.2910E+06            1.00    19.70     0.00
  10      TE         131       M    7.4850E+05    5.2640E+05    1.9440E+09       5.60        u      

   774.04      7.4850E+05            1.00     5.60     0.00
  11      I         126            6.2700E+06    6.0610E+06    1.6960E+11       1.30        u      

   666.02      6.2700E+06            1.00     1.30     0.00
  12      CS         134            1.4220E+06    1.4210E+06    2.2250E+12       7.70        u      

   563.17      1.4220E+06            1.00     7.70     0.00
  13      BA         140            1.2300E+06    1.1880E+06    3.2580E+10      15.40        u      

   162.33      1.2300E+06            1.00    15.40     0.00
  14      LA         140            8.5710E+05    6.5940E+05    2.9880E+09      31.80        u      

   328.77      9.9220E+05            0.86     8.50     0.50
   432.95      2.4020E+06            0.36    23.90     1.30
   487.09      9.3680E+05            0.91     3.80     0.40
   751.79      7.9860E+05            1.07    25.00    -0.10
   815.98      8.3910E+05            1.02     6.50    -0.10
   925.46      4.9570E+05            1.73    25.60    -1.40
  1597.09      7.9390E+05            1.08     4.20    -0.40
  15      TB         161            2.4720E+06    2.3190E+06    3.5480E+10       5.20        u      

    74.89      2.4720E+06            1.00     5.20     0.00
  16      TL         200            4.2730E+07    2.8510E+07    9.6490E+10       1.10        u      

   828.67      4.2730E+07            1.00     1.10     0.00
  17      PB         212            6.3710E+07    2.3620E+07    5.8670E+10       0.50        u      

   300.07      1.2850E+09            0.05     0.50     0.00
  18      BI         212            1.0300E+13    2.9440E+08    8.9950E+14       0.60        u      

   300.07      1.6650E+13            0.62     0.50     0.00
   511.07      1.0300E+13            1.00     0.60     0.00
  19      AC         227            2.5100E+06    2.5100E+06    4.1460E+13       0.50        u      

   300.07      7.5730E+08            0.00     0.50     0.00
  20      TH         228            3.6360E+06    2.9840E+06    5.2780E+12      39.40        u      

   131.93      3.7850E+08            0.01     8.90     3.30
   216.23      2.2030E+07            0.20    21.20     1.70
   965.37      4.3710E+06            1.01     5.10    -0.10
  21      PA         231            1.2250E+08    4.1510E+07    3.0460E+18       0.50        u      

   300.07      1.9720E+09            0.18     0.50     0.00
  22      PA         233            3.8780E+07    3.8150E+07    2.1750E+12       3.90        u      

   300.07      2.6070E+08            0.15     0.50     0.00
   398.19      3.8780E+07            1.00     3.90     0.00


Page:3                 anlresprint.php, Ver 1.4, 25FEB2011                 Printed:Oct 17 2018 17:20:59
==============================================================================================================
SN:290_016.18 Shot: 1139 Jug: 057 Mass: 465 Ctr:  76 ROT: 290.2457 ZT: 289.5990(2018) CT: 290.2217 CL:    30
NCHAN:4096   Live:    30.0   True:    34.5   Delta: 0.6347   Rate:672827   Gain: 0.50021   Zero: -0.17000
Type:  3  User: 76  Gain:  0  Pos:  7  Shelf: 16   LP Prog/Yr/Seq:0/0/0  Timestamp: 2018-10-17 05:55:09.0
Count acc/rej: default    QAStatus: pending    QA'd by: 00    QA Time:     QA Comm:  
--------------------------------------------------------------------------------------------------------------

==============================================================================================================
Analysis Results:

Analysis Code: unisampo  Peaks: 90  Overall QA:    0.00  Library: 9  CD: 71  Timestamp:2018-10-17 05:55:11.0 
Analysis ZT: 289.5990      AnalysisZY: 2018     Original: Yes     Comment: 

Peak  Start Centroid     End  Energy  NetArea  Error   Qfit Gammas/Min  FWHM  Integral Identified
  1   135.0    145.8   160.0   72.74     2941    8.6   1.16   1.137e+5  0.77  6.239e+4     No
  2   135.0    150.1   160.0   74.89     5110    5.0   1.16   1.835e+5  0.77  6.490e+4     No
  3   154.0    169.8   188.0   84.79     3295    7.8   2.53   8.630e+4  0.79  6.788e+4    Yes
  4   154.0    174.1   188.0   86.90     8353    3.3   2.53   2.055e+5  0.79  7.434e+4     No
  5   154.0    177.4   188.0   88.59    12284    2.4   2.53   2.911e+5  0.80  7.940e+4     No
  6   221.0    236.2   250.0  117.98    10587    3.1   4.88   2.032e+5  0.84  1.062e+5     No
  7   221.0    239.1   250.0  119.45    35949    1.1   4.88   6.837e+5  0.84  1.329e+5     No
  8   221.0    247.7   250.0  123.72     1094   33.3   4.88   2.052e+4  0.85  1.020e+5     No
  9   248.0    261.5   282.0  130.63     6037    5.6   8.13   1.141e+5  0.86  1.110e+5     No
 10   248.0    265.9   282.0  132.82     6253    5.4   8.13   1.185e+5  0.86  1.125e+5     No
 11   314.0    324.8   338.0  162.31     1588   20.3   3.94   3.102e+4  0.90  9.932e+4     No
 12   402.0    413.2   431.0  206.52   190301    0.3  51.58   4.544e+6  0.97  2.705e+5     No
 13   495.0    508.6   523.0  254.24    32558    1.0   6.23   9.378e+5  1.03  9.177e+4     No
 14   512.0    531.2   551.0  265.56   814716    0.1  93.89   2.441e+7  1.04  8.738e+5     No
 15   512.0    535.4   551.0  267.66    25448    1.2  93.89   7.678e+5  1.05  8.432e+4     No
 16   540.0    552.2   571.0  276.02     4543    5.6   3.06   1.409e+5  1.06  6.029e+4     No
 17   581.0    600.2   623.0  300.05   403136    0.2  19.27   1.348e+7  1.09  4.558e+5     No
 18   581.0    602.0   623.0  300.96    14999    2.6  19.27   5.030e+5  1.09  6.749e+4     No
 19   644.0    657.6   675.0  328.76     3483    6.7   1.32   1.265e+5  1.12  5.100e+4    Yes
 20   679.0    686.5   708.0  343.25     1097   20.1   3.90   4.141e+4  1.14  4.071e+4     No
 21   743.0    759.7   774.0  379.85    19790    1.2   2.75   8.186e+5  1.18  4.787e+4     No
 22   762.0    775.6   795.0  387.82     7081    2.7   6.85   2.984e+5  1.19  3.380e+4     No
 23   781.0    796.3   818.0  398.13     5634    3.2   1.25   2.433e+5  1.21  2.988e+4     No
 24   781.0    799.9   818.0  399.97     3429    5.0   1.25   1.488e+5  1.21  2.729e+4     No
 25   868.0    873.8   893.0  436.90     1007   15.6   4.86   4.746e+4  1.25  1.846e+4     No
 26   879.0    894.4   910.0  447.21     4310    3.6   1.08   2.077e+5  1.26  2.114e+4     No
 27   903.0    918.2   930.0  459.11     1123   12.5   2.52   5.547e+4  1.28  1.732e+4    Yes
 28   919.0    930.5   946.0  465.30     1126   12.4   1.39   5.633e+4  1.28  1.689e+4     No
 29   935.0    954.8   991.0  477.42     3358    4.3   4.89   1.722e+5  1.30  1.373e+4    Yes
 30   935.0    961.2   991.0  480.63    17899    1.1   4.89   9.235e+5  1.30  2.826e+4     No
 31   935.0    967.3   991.0  483.67    20084    1.0   4.89   1.042e+6  1.30  3.044e+4     No
 32   935.0    974.1   991.0  487.09     5108    3.0   4.89   2.669e+5  1.31  1.546e+4    Yes
 33   976.0    992.6  1008.0  496.34     1320   10.5   5.87   7.023e+4  1.32  1.710e+4     No
 34  1000.0   1021.9  1033.0  511.01   964508    0.1 175.14   5.273e+7  2.69  1.019e+6     No
 35  1030.0   1036.2  1056.0  518.13   133861    0.3  80.82   7.415e+6  1.34  1.547e+5     No
 36  1048.0   1056.7  1083.0  528.42     1245   10.6   1.60   7.024e+4  1.35  1.411e+4     No
 37  1048.0   1082.2  1083.0  541.16      699   19.0   1.60   4.036e+4  1.37  1.104e+4     No
 38  1083.0   1092.1  1115.0  546.11     6211    2.3   1.38   3.616e+5  1.37  1.668e+4     No
 39  1107.0   1126.2  1140.0  563.15     1947    6.3   2.75   1.167e+5  1.39  1.248e+4    Yes
 40  1107.0   1133.9  1140.0  567.02     4513    3.2   2.75   2.722e+5  1.39  1.536e+4     No
 41  1136.0   1144.7  1175.0  572.42    91741    0.4  11.19   5.584e+6  1.40  1.022e+5     No
 42  1136.0   1154.3  1175.0  577.24    45054    0.6  11.19   2.764e+6  1.40  5.531e+4     No
 43  1161.0   1176.0  1202.0  588.09     1007   10.8   0.99   6.289e+4  1.42  1.042e+4     No
 44  1190.0   1209.3  1241.0  604.75    34344    0.7  15.66   2.202e+6  1.43  4.323e+4    Yes
 45  1190.0   1213.7  1241.0  606.93   163170    0.3  15.66   1.050e+7  1.44  1.720e+5     No
 46  1227.0   1243.8  1262.0  622.02     3407    3.3   1.16   2.243e+5  1.45  1.123e+4    Yes
 47  1311.0   1331.8  1353.0  666.04    24528    0.7   4.74   1.722e+6  1.50  3.019e+4     No
 48  1351.0   1368.8  1388.0  684.55     3004    3.2   1.36   2.163e+5  1.52  7.967e+3     No
 49  1375.0   1392.7  1409.0  696.45      440   17.1   0.96   3.221e+4  1.53  4.919e+3     No
 50  1417.0   1424.8  1456.0  712.51      446   17.2   2.30   3.328e+4  1.55  4.304e+3     No
 51  1417.0   1437.8  1456.0  719.03     2878    3.1   2.30   2.168e+5  1.55  6.667e+3     No
 52  1440.0   1456.0  1477.0  728.16      519   13.3   2.96   3.952e+4  1.56  4.093e+3     No
 53  1485.0   1503.2  1524.0  751.74      299   20.9   1.19   2.347e+4  1.59  3.413e+3    Yes
 54  1529.0   1547.8  1593.0  774.08     2587    3.1  10.25   2.085e+5  1.61  5.720e+3     No
 55  1529.0   1555.8  1593.0  778.08     2405    3.3  10.25   1.947e+5  1.61  5.496e+3     No
 56  1529.0   1567.4  1593.0  783.87    67377    0.4  10.25   5.493e+6  1.62  7.041e+4     No
 57  1621.0   1631.6  1650.0  815.97     1577    4.5   3.91   1.333e+5  1.65  3.906e+3    Yes
 58  1634.0   1656.9  1669.0  828.65    31539    0.6   7.02   2.705e+6  1.66  3.411e+4     No
 59  1664.0   1670.0  1689.0  835.17      706    9.9   4.49   6.100e+4  1.67  3.013e+3     No
 60  1671.0   1690.3  1709.0  845.37      833    6.9   2.76   7.281e+4  1.68  2.848e+3     No
 61  1692.0   1710.2  1729.0  855.28      206   24.1   2.18   1.822e+4  1.69  2.113e+3     No
 62  1715.0   1742.9  1773.0  871.64    18779    0.8   2.70   1.687e+6  1.70  2.061e+4     No
 63  1715.0   1749.0  1773.0  874.73     1723    3.7   2.70   1.553e+5  1.71  3.530e+3     No
 64  1791.0   1811.9  1825.0  906.15     8944    1.2   2.30   8.331e+5  1.74  1.049e+4     No
 65  1830.0   1850.5  1871.0  925.46      256   17.7   1.04   2.434e+4  1.76  1.762e+3    Yes
 66  1907.0   1930.2  1951.0  965.37     1841    3.2   0.96   1.822e+5  1.80  3.075e+3     No
 67  1946.0   1969.5  1990.0  984.98      280   14.8   1.56   2.822e+4  1.81  1.442e+3     No
 68  2077.0   2104.6  2124.0 1052.57      331   10.9   1.52   3.558e+4  1.88  1.089e+3     No
 69  2256.0   2278.8  2296.0 1139.73      302   11.1   3.48   3.501e+4  1.96  8.890e+2     No
 70  2287.0   2299.4  2324.0 1150.02     2923    2.2   1.67   3.423e+5  1.97  3.481e+3     No
 71  2314.0   2342.8  2364.0 1171.76      901    4.9   2.95   1.075e+5  1.99  1.512e+3     No
 72  2314.0   2347.6  2364.0 1174.13      789    5.5   2.95   9.424e+4  1.99  1.416e+3     No
 73  2351.0   2368.4  2394.0 1184.56     4769    1.6   2.34   5.737e+5  2.00  5.334e+3     No
 74  2401.0   2427.9  2449.0 1214.31      458    7.4   1.33   5.627e+4  2.03  9.730e+2     No
 75  2441.0   2466.2  2490.0 1233.47      439    7.4   0.74   5.467e+4  2.05  9.080e+2     No
 76  2575.0   2598.9  2627.0 1299.83      286   10.1   1.02   3.725e+4  2.11  7.010e+2     No
 77  2825.0   2849.1  2873.0 1424.99      207   11.7   1.27   2.938e+4  2.22  4.780e+2     No
 78  2853.0   2878.8  2902.0 1439.82      176   13.4   1.05   2.517e+4  2.23  4.370e+2     No
 79  2906.0   2934.0  2961.0 1467.48      841    4.1   1.09   1.225e+5  2.25  1.052e+3     No
 80  2945.0   2967.8  2994.0 1484.35      201   11.2   1.51   2.965e+4  2.27  4.070e+2     No
 81  2975.0   3002.6  3030.0 1501.77      313    7.7   1.27   4.662e+4  2.28  4.990e+2     No
 82  3040.0   3064.2  3088.0 1532.61       62   30.1   0.84   9.448e+3  2.31  2.320e+2     No
 83  3085.0   3109.9  3149.0 1555.43      535    5.2   0.85   8.247e+4  2.33  6.830e+2     No
 84  3085.0   3120.9  3149.0 1560.97      271    8.1   0.85   4.183e+4  2.34  4.160e+2     No
 85  3159.0   3170.7  3221.0 1585.87      140   12.9   1.11   2.191e+4  2.36  2.810e+2     No
 86  3159.0   3192.6  3221.0 1596.84     3390    1.8   1.11   5.356e+5  2.37  3.541e+3    Yes
 87  3436.0   3464.4  3491.0 1732.80      304    7.7   1.04   5.202e+4  2.49  3.820e+2     No
 88  3505.0   3534.4  3561.0 1767.79      385    6.0   0.86   6.700e+4  2.52  4.640e+2     No
 89  3893.0   3919.9  3946.0 1960.61       85   17.9   0.61   1.642e+4  2.68  1.230e+2     No
 90  3962.0   3990.1  4022.0 1995.74       92   12.8   0.47   1.806e+4  2.71  1.200e+2     No

Line   Nuclide   Isotope   Meta      DPM@ZT       DPM@CT        Atoms@ZT       Error      Accept  Comment
   Energy      DPM@ZT             Fraction   Error   StdDev

  1      BE           7            1.6710E+06    1.6570E+06    1.8500E+11       4.29        u      

   477.42      1.6710E+06          100.00     4.29   100.00
  2      RU         106            2.2620E+06    2.2590E+06    1.7500E+12       3.34        u      

   622.02      2.2620E+06          100.00     3.34   100.00
  3      TE         129            7.2970E+05    7.2040E+05    5.0940E+10      12.40        u      

   459.11      7.2990E+05           99.98    12.52   100.00
   487.09      1.9040E+07            3.83     2.97   100.00
  4      CS         134            2.2300E+06    2.2280E+06    3.4880E+12       0.70        u      

   563.15      1.3930E+06          160.07     6.30   100.00
   604.75      2.2570E+06           98.78     0.71   100.00
  5      LA         140            7.2710E+05    5.6220E+05    2.5350E+09       1.44        u      

   328.76      7.9430E+05           91.54     6.73   100.00
   487.09      7.5580E+05           96.20     2.97   100.00
   751.74      7.0930E+05          102.50    20.90   100.00
   815.97      7.3440E+05           99.01     4.47   100.00
   925.46      4.4990E+05          161.60    17.71   100.00
  1596.84      7.2960E+05           99.65     1.81   100.00
  6      TH         228            3.9920E+07    7.3670E+06    2.1180E+10       7.85        u      

    84.79      3.9920E+07          100.00     7.85   100.00
  7      TH         231            1.3080E+06    1.3080E+06    6.9810E+20       7.85        u      

    84.79      1.3080E+06          100.00     7.85   100.00


Page:4                 anlresprint.php, Ver 1.4, 25FEB2011                 Printed:Oct 17 2018 17:20:59
==============================================================================================================
SN:290_016.18 Shot: 1139 Jug: 057 Mass: 465 Ctr:  76 ROT: 290.2457 ZT: 289.5990(2018) CT: 290.2217 CL:    30
NCHAN:4096   Live:    30.0   True:    34.5   Delta: 0.6347   Rate:672827   Gain: 0.50021   Zero: -0.17000
Type:  3  User: 76  Gain:  0  Pos:  7  Shelf: 16   LP Prog/Yr/Seq:0/0/0  Timestamp: 2018-10-17 05:55:09.0
Count acc/rej: default    QAStatus: pending    QA'd by: 00    QA Time:     QA Comm:  
--------------------------------------------------------------------------------------------------------------

==============================================================================================================
Analysis Results:

Analysis Code: gamanal  Peaks: 122  Overall QA:    0.00  Library: 9  CD: 71  Timestamp:2018-10-17 05:55:17.0 
Analysis ZT: 289.5990      AnalysisZY: 2018     Original: Yes     Comment: 

Peak  Start Centroid     End  Energy  NetArea  Error   Qfit Gammas/Min  FWHM  Integral Identified
  1   143.0    145.8   147.0   72.75     3002   17.0   1.00   1.239e+5  0.80  1.169e+5    Yes
  2   147.0    150.1   152.0   74.89     5384    9.7   1.00   2.063e+5  0.80  1.420e+5    Yes
  3   164.0    169.8   171.0   84.78     3981   14.6   1.00   1.113e+5  0.82  1.939e+5    Yes
  4   171.0    174.1   175.0   86.90     9070    8.5   2.05   2.382e+5  0.82  1.315e+5    Yes
  5   175.0    177.4   180.0   88.58    13159    7.0   2.95   3.329e+5  0.82  1.646e+5     No
  6   230.0    236.2   237.0  117.97    11066   13.8   1.00   2.267e+5  0.88  2.773e+5    Yes
  7   237.0    239.1   245.0  119.45    38250    5.1   2.32   7.764e+5  0.88  3.475e+5    Yes
  8   245.0    247.8   251.0  123.75     2308   34.7   1.00   4.621e+4  0.89  2.441e+5     No
  9   254.0    261.5   263.0  130.63     7180   23.5   4.88   1.449e+5  0.90  3.635e+5    Yes
 10   263.0    265.5   266.0  132.65     6504   26.0   4.83   1.316e+5  0.90  1.523e+5     No
 11   266.0    267.6   276.0  133.69     3383   41.6   3.45   6.851e+4  0.90  4.102e+5     No
 12   323.0    324.9   327.0  162.33     1760   35.5   1.00   3.670e+4  0.86  1.600e+5     No
 13   336.0    338.5   342.0  169.14     1213   62.4   1.00   2.583e+4  0.87  2.216e+5     No
 14   352.0    356.5   360.0  178.17     2718   33.5   1.00   6.065e+4  0.98  2.941e+5     No
 15   407.0    413.1   415.0  206.47   197956    1.1   1.69   5.044e+6  1.02  4.159e+5    Yes
 16   415.0    416.4   419.0  208.10     2611   41.9   1.00   6.702e+4  1.02  1.291e+5    Yes
 17   430.0    432.5   436.0  216.19     1492   47.0   1.00   3.965e+4  1.04  1.491e+5     No
 18   505.0    508.7   516.0  254.30    34454    2.7   1.09   1.059e+6  1.09  2.358e+5    Yes
 19   519.0    531.2   533.0  265.55   824880    0.8  27.39   2.637e+7  1.07  1.067e+6     No
 20   533.0    534.3   536.0  267.11    14835   20.6  11.35   4.768e+5  1.07  1.482e+5     No
 21   534.0    536.1   538.0  268.01    18502   14.6   7.36   5.965e+5  1.07  1.158e+5    Yes
 22   536.0    538.9   544.0  269.40     2539    1.5   4.57   8.224e+4  1.07  1.634e+5     No
 23   549.0    552.1   555.0  276.00     4811   11.9   1.00   1.593e+5  1.02  1.125e+5     No
 24   592.0    600.2   603.0  300.06   419110    0.6   7.80   1.496e+7  1.13  5.893e+5    Yes
 25   600.0    604.0   606.0  301.93     6614    0.7  12.53   2.374e+5  1.13  4.217e+5     No
 26   606.0    608.7   612.0  304.31     2517   54.9   3.31   9.101e+4  1.13  1.009e+5     No
 27   654.0    657.6   661.0  328.76     3339   16.6   1.00   1.294e+5  1.19  1.034e+5    Yes
 28   675.0    678.6   683.0  339.28      776   67.8   1.00   3.096e+4  1.21  1.011e+5     No
 29   684.0    686.6   689.0  343.28     1405   32.5   1.00   5.663e+4  1.10  6.208e+4     No
 30   731.0    733.6   737.0  366.79      844   45.8   1.00   3.614e+4  1.24  5.362e+4     No
 31   755.0    759.7   763.0  379.85    20106    2.5   1.00   8.877e+5  1.19  8.255e+4    Yes
 32   772.0    775.8   783.0  387.87     7296    7.9   1.31   3.282e+5  1.21  8.538e+4    Yes
 33   793.0    796.3   798.0  398.13     5657    9.8   1.00   2.608e+5  1.16  4.125e+4     No
 34   798.0    800.0   805.0  399.96     3496   15.7   1.00   1.619e+5  1.16  4.991e+4     No
 35   863.0    865.7   870.0  432.87      712   49.1   1.00   3.555e+4  1.32  3.497e+4     No
 36   872.0    874.0   877.0  437.00      859   30.8   1.00   4.327e+4  1.20  2.550e+4     No
 37   891.0    894.4   898.0  447.22     4046    8.4   1.00   2.082e+5  1.21  3.559e+4    Yes
 38   914.0    918.0   921.0  459.02     1313   23.9   1.00   6.924e+4  1.35  3.086e+4    Yes
 39   926.0    930.5   934.0  465.26     1234   26.0   1.00   6.592e+4  1.36  3.372e+4     No
 40   947.0    954.8   956.0  477.40     3223   10.2   1.00   1.764e+5  1.28  3.840e+4    Yes
 41   956.0    961.2   963.0  480.62    17703    2.3   1.00   9.749e+5  1.28  4.645e+4    Yes
 42   963.0    967.2   969.0  483.62    19207    2.1   1.00   1.064e+6  1.28  4.607e+4     No
 43   967.0    969.8   970.0  484.94     2267   16.0   1.00   1.260e+5  1.28  2.918e+4     No
 44   970.0    974.2   979.0  487.13     5163    6.2   1.00   2.880e+5  1.28  4.125e+4    Yes
 45   987.0    992.6   996.0  496.31     1682   20.7   1.00   9.553e+4  1.39  3.612e+4    Yes
 46  1007.0   1013.2  1013.0  506.64     2869   34.8   1.85   1.661e+5  1.32  3.203e+4     No
 47  1013.0   1016.0  1016.0  508.02    11086   28.8   3.63   6.434e+5  1.32  3.901e+4     No
 48  1016.0   1022.0  1025.0  511.06   980306    7.7   1.84   5.721e+7  1.32  9.482e+5     No
 49  1025.0   1027.9  1030.0  513.98    11731   28.1   1.00   6.884e+5  1.32  1.858e+5    Yes
 50  1027.0   1030.0  1030.0  515.05     5250    1.2   1.00   3.087e+5  1.32  6.061e+4     No
 51  1030.0   1036.2  1039.0  518.14   136452   27.2   1.00   8.068e+6  1.32  1.841e+5     No
 52  1036.0   1039.9  1044.0  519.99     1041   53.8   1.00   6.176e+4  1.32  1.315e+5     No
 53  1053.0   1056.6  1059.0  528.36     1307   19.4   1.02   7.877e+4  1.43  2.082e+4    Yes
 54  1085.0   1092.2  1097.0  546.13     6439    5.5   1.00   4.002e+5  1.41  3.562e+4     No
 55  1120.0   1126.2  1129.0  563.15     2281   12.9   1.00   1.460e+5  1.39  2.398e+4     No
 56  1129.0   1133.9  1136.0  566.99     4942    6.3   1.00   3.182e+5  1.39  2.256e+4     No
 57  1136.0   1144.7  1148.0  572.41    92279    0.7   1.92   5.994e+6  1.39  1.207e+5     No
 58  1148.0   1154.3  1163.0  577.23    45238    0.9   1.60   2.962e+6  1.39  8.081e+4     No
 59  1172.0   1176.0  1179.0  588.07     1010   23.0   1.00   6.733e+4  1.49  1.663e+4     No
 60  1201.0   1209.5  1210.0  604.80    35448    1.5   2.18   2.426e+6  1.41  5.219e+4    Yes
 61  1210.0   1213.7  1217.0  606.92   160457    0.3   1.00   1.102e+7  1.41  1.905e+5    Yes
 62  1213.0   1217.3  1226.0  608.73     1927    0.8   1.00   1.327e+5  1.41  1.577e+5     No
 63  1240.0   1243.9  1249.0  622.01     3322    7.3   1.00   2.335e+5  1.38  1.908e+4    Yes
 64  1265.0   1267.9  1270.0  634.06      221   70.4   1.00   1.586e+4  1.39  8.617e+3     No
 65  1325.0   1331.8  1335.0  666.00    24333    1.4   1.00   1.824e+6  1.49  3.685e+4    Yes
 66  1331.0   1335.8  1340.0  667.97     1043    1.1   1.00   7.838e+4  1.49  3.151e+4     No
 67  1364.0   1368.8  1374.0  684.53     2898    7.1   1.00   2.228e+5  1.44  1.360e+4    Yes
 68  1389.0   1392.6  1395.0  696.42      451   31.1   1.00   3.526e+4  1.45  6.398e+3    Yes
 69  1422.0   1424.9  1428.0  712.57      438   29.5   1.00   3.496e+4  1.56  5.534e+3     No
 70  1432.0   1437.8  1444.0  719.02     2913    7.0   1.00   2.342e+5  1.55  1.217e+4     No
 71  1453.0   1456.2  1462.0  728.22      564   26.8   1.00   4.590e+4  1.48  7.187e+3    Yes
 72  1500.0   1503.3  1506.0  751.77      289   40.5   1.00   2.426e+4  1.50  4.291e+3    Yes
 73  1542.0   1547.8  1552.0  774.07     2429    7.2   1.27   2.090e+5  1.67  9.176e+3    Yes
 74  1551.0   1555.9  1561.0  778.09     2185    7.6   1.00   1.888e+5  1.63  9.078e+3    Yes
 75  1560.0   1567.4  1571.0  783.85    66848    1.1   6.23   5.816e+6  1.58  7.401e+4    Yes
 76  1567.0   1571.6  1578.0  785.97     1221    0.8   3.57   1.065e+5  1.58  5.538e+4     No
 77  1625.0   1631.6  1636.0  815.98     1670    8.7   1.00   1.508e+5  1.64  6.458e+3    Yes
 78  1644.0   1657.0  1661.0  828.66    32081    1.2   1.35   2.937e+6  1.61  3.958e+4    Yes
 79  1661.0   1662.9  1663.0  831.60      575   32.0   2.10   5.283e+4  1.61  1.644e+3     No
 80  1663.0   1669.9  1674.0  835.11      833   20.2   1.00   7.683e+4  1.61  5.799e+3     No
 81  1685.0   1690.4  1695.0  845.36      914   14.0   1.00   8.524e+4  1.74  4.620e+3     No
 82  1707.0   1710.3  1714.0  855.33      233   41.6   1.00   2.199e+4  1.75  2.832e+3     No
 83  1730.0   1742.9  1746.0  871.64    18853    1.9   1.22   1.808e+6  1.65  2.450e+4     No
 84  1746.0   1749.1  1759.0  874.72     1807   15.4   1.51   1.739e+5  1.65  6.678e+3    Yes
 85  1786.0   1789.8  1792.0  895.11      144   54.9   1.00   1.418e+4  1.61  2.081e+3     No
 86  1804.0   1812.0  1822.0  906.19     8947    2.2   1.00   8.894e+5  1.68  1.399e+4     No
 87  1847.0   1850.6  1855.0  925.51      273   33.7   1.00   2.776e+4  1.81  2.499e+3    Yes
 88  1861.0   1862.8  1865.0  931.61       88   67.9   1.00   9.061e+3  1.64  1.278e+3     No
 89  1923.0   1930.3  1935.0  965.36     1771    6.6   1.00   1.872e+5  1.67  4.478e+3    Yes
 90  1963.0   1969.1  1972.0  984.75      288   29.0   1.00   3.109e+4  1.68  2.208e+3     No
 91  2038.0   2042.3  2046.0 1021.37      163   43.8   1.00   1.820e+4  1.89  1.518e+3     No
 92  2071.0   2076.9  2081.0 1038.71      197   36.9   1.00   2.241e+4  1.90  1.608e+3     No
 93  2096.0   2104.0  2107.0 1052.25      349   23.4   1.16   4.013e+4  1.91  1.822e+3     No
 94  2198.0   2202.8  2206.0 1101.66      163   35.4   1.00   1.960e+4  1.95  1.033e+3     No
 95  2275.0   2279.1  2283.0 1139.86      325   18.2   1.00   4.034e+4  1.79  1.063e+3     No
 96  2292.0   2299.6  2306.0 1150.06     2851    3.5   1.00   3.564e+5  1.85  4.163e+3     No
 97  2332.0   2336.3  2338.0 1168.45      198   24.8   1.00   2.517e+4  2.01  7.450e+2     No
 98  2338.0   2343.0  2345.0 1171.80     1001    7.7   1.55   1.274e+5  2.01  1.685e+3     No
 99  2345.0   2347.9  2353.0 1174.23      901    7.8   1.31   1.149e+5  2.01  1.657e+3     No
100  2360.0   2368.6  2376.0 1184.60     4744    2.7   1.53   6.092e+5  1.82  6.231e+3     No
101  2421.0   2427.8  2432.0 1214.22      451   15.9   1.40   5.913e+4  2.04  1.427e+3     No
102  2459.0   2466.6  2472.0 1233.60      455   15.1   1.00   6.048e+4  2.05  1.387e+3     No
103  2552.0   2554.4  2557.0 1277.55       61   59.9   1.00   8.409e+3  1.89  4.290e+2     No
104  2595.0   2599.2  2604.0 1299.94      282   17.9   1.00   3.922e+4  1.90  8.480e+2     No
105  2637.0   2643.1  2647.0 1321.89      119   42.5   1.00   1.688e+4  2.12  7.640e+2     No
106  2842.0   2849.1  2853.0 1424.95      196   24.0   1.00   2.968e+4  2.19  6.360e+2     No
107  2873.0   2879.0  2882.0 1439.91      161   26.0   1.00   2.458e+4  1.99  4.970e+2     No
108  2926.0   2934.4  2943.0 1467.60      851    7.0   1.00   1.324e+5  2.22  1.324e+3     No
109  2958.0   2960.7  2963.0 1480.78       41   60.0   1.00   6.470e+3  2.02  1.830e+2     No
110  2963.0   2968.0  2972.0 1484.40      207   17.7   1.00   3.256e+4  2.24  4.390e+2     No
111  2986.0   2989.6  2992.0 1495.25       55   49.3   1.00   8.720e+3  2.03  2.280e+2     No
112  2996.0   3002.8  3007.0 1501.84      308   13.2   1.00   4.905e+4  2.25  6.100e+2     No
113  3059.0   3064.3  3067.0 1532.61       58   49.3   1.00   9.481e+3  2.05  2.470e+2     No
114  3098.0   3102.0  3104.0 1551.44       43   52.2   1.00   7.146e+3  2.06  1.860e+2     No
115  3103.0   3110.4  3117.0 1555.65      557    7.9   1.06   9.168e+4  2.28  8.460e+2     No
116  3116.0   3121.4  3129.0 1561.16      279   13.6   1.00   4.615e+4  2.29  5.180e+2     No
117  3166.0   3171.2  3175.0 1586.09      115   27.2   1.00   1.938e+4  2.09  3.080e+2     No
118  3180.0   3193.2  3202.0 1597.06     3349    3.5   2.72   5.648e+5  2.09  3.848e+3    Yes
119  3458.0   3465.1  3474.0 1733.07      308   11.5   1.00   5.621e+4  2.40  4.840e+2     No
120  3526.0   3535.0  3540.0 1768.02      382    9.0   1.00   7.119e+4  2.42  5.260e+2     No
121  3914.0   3921.1  3931.0 1961.14       77   30.1   1.00   1.589e+4  2.54  1.710e+2     No
122  3986.0   3991.8  3997.0 1996.54       83   19.7   1.00   1.754e+4  2.57  1.240e+2     No

Line   Nuclide   Isotope   Meta      DPM@ZT       DPM@CT        Atoms@ZT       Error      Accept  Comment
   Energy      DPM@ZT             Fraction   Error   StdDev

  1      BR          82            3.0460E+05    2.2590E+05    9.3070E+08       7.60        u      

   778.09      3.0454E+05            1.00     7.60     0.00
   828.66      7.3211E+06            0.02     1.20    80.80
   554.35      2.5870E+04           13.05   100.00   -10.80
  2      KR          85            2.3190E+08    2.3190E+08    1.8920E+15       1.20        u      

   513.98      2.3184E+08            1.00    28.10     0.00
  3      RU         103            1.0890E+05    1.0770E+05    8.8790E+09      20.70        u      

   496.31      1.0889E+05            1.00    20.70     0.00
   606.92      5.9667E+07            0.00     0.30   131.70
  4      RU         106            2.3540E+07    2.3510E+07    1.8210E+13       7.30        u      

   622.01      2.3534E+07            1.00     7.30     0.00
  5      SB         127            8.8090E+05    7.8580E+05    7.0440E+09      39.00        u      

   254.30      1.1775E+06            0.06     2.70     9.30
   447.22      3.4814E+06            0.16     8.40     8.80
   477.40      8.0028E+05            1.10    10.20    -1.00
   604.80      8.8073E+05            0.01     1.50     0.00
   684.53      3.8297E+05            1.25     7.10   -18.30
   783.85      9.1485E+05            0.02     1.10     4.60
  6      TE         129            9.1590E+05    9.0390E+05    6.3910E+10      23.50        u      

   459.02      9.1093E+05            1.01    23.90     0.00
   487.13      9.2289E+05            0.04     6.20     0.10
  7      TE         129       M    1.1950E+06    1.1790E+06    8.3380E+10      31.10        u      

   696.42      1.1945E+06            1.00    31.10     0.00
   728.21      3.2202E+05            0.18    26.80   -10.10
  8      I         126            5.9430E+06    5.7460E+06    1.6070E+11       1.10        u      

   387.87      1.6733E+06            5.97     7.90   -32.30
   666.00      5.9421E+06            1.00     1.40     0.00
  9      I         130            4.6500E+06    1.9790E+06    4.9740E+09       1.10        u      

   666.00      4.6490E+06            1.00     1.40     0.00
   684.53      2.0215E+06            0.09     7.10   -18.30
   536.10      2.7767E+05          153.07   100.00   -15.70
  10      LA         140            7.7270E+05    5.9450E+05    2.6930E+09       2.90        u      

   328.76      6.9198E+04            0.95    16.60   -61.10
   487.13      7.7868E+05            0.95     6.20     0.10
   751.77      7.3322E+05            1.05    40.50    -0.10
   815.98      8.3023E+05            0.93     8.70     0.80
   925.51      5.1303E+05            1.51    33.70    -1.50
  1597.10      7.6928E+05            1.00     3.50    -0.10
  11      TB         160            5.3720E+05    5.3400E+05    8.0670E+10      26.30        u      

    86.89      1.6228E+06            0.30     8.50     7.90
   300.06      5.2249E+05            0.01     0.60    -3.80
   874.72      5.8687E+05            0.92    15.40     0.60
   965.36      5.4094E+05            0.99     6.60     0.10
  12      TB         161            1.9590E+06    1.8380E+06    2.8120E+10      23.60        u      

    74.89      2.2429E+06            0.87     9.70     1.30
    48.93      4.8941E+05            4.00   100.00    -3.00
    57.21      3.2100E+06            0.61   100.00     0.40
  13      W         187            7.2560E+06    4.6650E+06    1.5010E+10       3.50        u      

    72.75      2.2376E+06            4.06    17.00   -13.20
   480.62      7.1851E+06            1.01     2.30    -0.40
   684.53      3.1545E+06            5.53     7.10   -18.30
   774.07      8.1645E+06            0.89     7.20     1.50
  14      PB         212            1.2330E+09    4.5690E+08    1.1350E+12       2.40        u      

   300.06      1.1988E+09            1.00     0.60    -3.80
   728.21      3.3224E+08          731.37    26.80   -10.10
   783.85      1.2801E+09            0.94     1.10     4.60
  15      RA         223            1.2130E+07    1.1670E+07    2.8800E+11       1.50        u      

   268.01      1.2127E+07            1.00    14.60     0.00
  16      AC         227            4.4600E+08    4.4600E+08    7.3660E+15       4.70        u      

   206.47      4.4632E+08            1.00     1.10     0.10
   254.30      5.9615E+08            0.66     2.70     9.30
   300.06      4.3380E+08            0.01     0.60    -3.80
   328.76      3.9940E+07            2.19    16.60   -61.10
  17      TH         228            1.1530E+07    9.4650E+06    1.6730E+13      55.30        u      

    84.78      1.1207E+07            1.03    14.60    -0.20
   130.63      1.3788E+08            0.08    23.50     3.90
  18      U         237            3.2520E+05    3.0460E+05    4.5590E+09      41.90        u      

   117.97      1.5174E+06            0.04    13.80     5.70
   208.10      3.2509E+05            1.00    41.90     0.00


Page:5                 anlresprint.php, Ver 1.4, 25FEB2011                 Printed:Oct 17 2018 17:21:00
==============================================================================================================
SN:290_016.18 Shot: 1139 Jug: 057 Mass: 465 Ctr:  76 ROT: 290.2457 ZT: 289.5990(2018) CT: 290.2217 CL:    30
NCHAN:4096   Live:    30.0   True:    34.5   Delta: 0.6347   Rate:672827   Gain: 0.50021   Zero: -0.17000
Type:  3  User: 76  Gain:  0  Pos:  7  Shelf: 16   LP Prog/Yr/Seq:0/0/0  Timestamp: 2018-10-17 05:55:09.0
Count acc/rej: default    QAStatus: pending    QA'd by: 00    QA Time:     QA Comm:  
--------------------------------------------------------------------------------------------------------------

Line number        Energy      Efficiency      Uncertainty
        0           59.54      5.1840E-04       0.0000E+00  
        1           88.03      1.4000E-03       0.0000E+00  
        2          122.07      1.7810E-03       0.0000E+00  
        3          165.85      1.7010E-03       0.0000E+00  
        4          391.71      7.8380E-04       0.0000E+00  
        5          661.64      4.7760E-04       0.0000E+00  
        6          898.04      3.6100E-04       0.0000E+00  
        7        1,173.21      2.7930E-04       0.0000E+00  
        8        1,332.46      2.5110E-04       0.0000E+00  
        9        1,836.13      1.8450E-04       0.0000E+00  

Shape Number      Value
       0         2.5200E-01
       1         2.7880E-03
       2        -2.7670E+00
       3         2.4430E-03
       4         1.0500E+00
       5         5.0000E-01
       6         1.5820E-07


End of Printout.               anlresprint.php, Ver 1.4, 25FEB2011              Printed: Oct 17 2018 17:21:00
==============================================================================================================
