
Page: 1                 anlresprint.php, Ver 1.4, 25FEB2011                 Printed: Oct 17 2018 17:22:18
==============================================================================================================
SN:290_024.18 Shot: 1139 Jug: 057 Mass: 190 Ctr:  76 ROT: 290.4112 ZT: 289.5990(2018) CT: 290.3888 CL:    30
NCHAN:4096   Live:    30.0   True:    32.2   Delta: 0.8010   Rate:331871   Gain: 0.50021   Zero: -0.17000
Type:  3  User: 76  Gain:  0  Pos:  4  Shelf: 18   LP Prog/Yr/Seq:0/0/0  Timestamp: 2018-10-17 09:54:02.0
Count acc/rej: default    QAStatus: pending    QA'd by: 00    QA Time:     QA Comm:  
--------------------------------------------------------------------------------------------------------------

==============================================================================================================
Analysis Results:

Analysis Code: raygun  Peaks: 129  Overall QA:    0.00  Library: 9  CD: 71  Timestamp:2018-10-17 09:54:02.0 
Analysis ZT: 289.5990      AnalysisZY: 2018     Original: Yes     Comment: 

Peak    Start    Centroid     End     Energy     NetArea     Error    Gammas/Min    Identified
  1     113.0     117.0     120.0      58.34       10837       2.2    1.6970E+06         No
  2     144.0     145.8     148.0      72.77        1311      13.9    1.1750E+05         No
  3     148.0     150.0     151.0      74.88        2849       7.4    2.3740E+05        Yes
  4     168.0     169.9     172.0      84.82        1871      13.4    1.1380E+05        Yes
  5     172.0     176.0     179.0      87.88       14220       2.3    7.9080E+05         No
  6     192.0     194.8     196.0      97.26        4879       5.5    2.5180E+05        Yes
  7     235.0     239.1     243.0     119.45        6305       5.9    2.8140E+05         No
  8     247.0     247.9     249.0     123.82        3094       7.5    1.3610E+05        Yes
  9     260.0     261.8     264.0     130.81       46063       0.9    2.0310E+06         No
 10     307.0     311.2     313.0     155.47       10743       3.0    4.7720E+05         No
 11     355.0     357.4     360.0     178.58        2615      10.7    1.2440E+05         No
 12     362.0     364.7     369.0     182.24       66982       0.7    3.2440E+06         No
 13     379.0     380.6     381.0     190.19        1800      13.8    9.0530E+04         No
 14     384.0     386.0     387.0     192.90        3748       6.3    1.9090E+05         No
 15     411.0     413.1     417.0     206.49       25890       1.3    1.4010E+06         No
 16     431.0     433.9     436.0     216.88        5127       6.1    2.8970E+05         No
 17     497.0     498.3     500.0     249.07        2451       9.2    1.5660E+05        Yes
 18     504.0     503.4     504.0     251.66         769      21.7    4.9560E+04         No
 19     507.0     510.0     511.0     254.94       18090       7.0    1.1800E+06         No
 20     521.0     523.1     524.0     261.47        2932       7.0    1.9560E+05         No
 21     527.0     531.2     534.0     265.53      113588       0.6    7.6800E+06         No
 22     534.0     536.1     541.0     267.98        5962       4.9    4.0640E+05         No
 23     549.0     552.1     555.0     276.02        3961       6.3    2.7720E+05         No
 24     555.0     557.9     560.0     278.89       15894       1.8    1.1220E+06         No
 25     578.0     580.4     584.0     290.13       10253       3.1    7.4990E+05         No
 26     594.0     600.2     603.0     300.04       57945       0.9    4.3660E+06        Yes
 27     603.0     604.9     607.0     302.43       10318       3.1    7.8290E+05        Yes
 28     610.0     614.8     616.0     307.35        2153      15.3    1.6570E+05         No
 29     656.0     658.1     663.0     329.01        2165      12.0    1.7700E+05        Yes
 30     691.0     693.0     695.0     346.50        4942       4.0    4.2310E+05         No
 31     727.0     728.6     730.0     364.27        1049      13.3    9.3870E+04        Yes
 32     742.0     744.0     749.0     372.00        5059       4.0    4.6120E+05         No
 33     757.0     759.7     762.0     379.84        2061       7.3    1.9140E+05         No
 34     794.0     796.1     798.0     398.06         876      16.1    8.4840E+04         No
 35     807.0     809.8     812.0     404.91        1772       8.1    1.7450E+05         No
 36     820.0     823.1     826.0     411.54        3447       5.5    3.4460E+05        Yes
 37     859.0     865.3     868.0     432.65        4196       4.3    4.3960E+05        Yes
 38     885.0     888.7     892.0     444.35        2782       6.9    2.9890E+05        Yes
 39     892.0     894.6     896.0     447.31        1258      10.7    1.3600E+05         No
 40     901.0     906.5     909.0     453.29        1053      14.0    1.1530E+05         No
 41     917.0     921.4     923.0     460.73         645      22.0    7.1730E+04         No
 42     923.0     929.3     936.0     464.67      117156       0.5    1.3130E+07         No
 43     948.0     954.8     958.0     477.42       48051       0.9    5.5220E+06        Yes
 44     958.0     960.6     964.0     480.35        6761       3.3    7.8150E+05        Yes
 45     964.0     967.1     972.0     483.60        3221       5.8    3.7460E+05         No
 46     972.0     974.1     977.0     487.06        1807       7.2    2.1160E+05        Yes
 47     988.0     992.7     996.0     496.40        2997       6.6    3.5720E+05        Yes
 48     996.0     997.8    1001.0     498.92         788      13.7    9.4430E+04         No
 49    1004.0    1021.9    1030.0     511.02      512532       0.3    6.2790E+07         No
 50    1030.0    1031.5    1034.0     515.79       17727       2.2    2.1910E+06         No
 51    1034.0    1036.2    1043.0     518.14       36182       1.4    4.4900E+06         No
 52    1043.0    1047.6    1051.0     523.86        3532       4.5    4.4290E+05         No
 53    1076.0    1081.2    1086.0     540.64       12672       1.8    1.6370E+06         No
 54    1088.0    1092.5    1095.0     546.33         894      12.5    1.1660E+05         No
 55    1126.0    1134.3    1141.0     567.23       21405       1.5    2.8920E+06         No
 56    1141.0    1144.8    1150.0     572.45       13625       1.9    1.8570E+06         No
 57    1150.0    1154.2    1159.0     577.18        6256       2.6    8.5920E+05         No
 58    1160.0    1161.7    1165.0     580.93         558      22.0    7.7070E+04         No
 59    1167.0    1169.8    1172.0     584.96         537      14.2    7.4650E+04         No
 60    1190.0    1192.0    1196.0     596.08        1461       7.8    2.0690E+05         No
 61    1202.0    1209.7    1211.0     604.95        6292       2.8    9.0310E+05         No
 62    1211.0    1214.0    1218.0     607.08       22154       1.3    3.1900E+06        Yes
 63    1221.0    1223.7    1226.0     611.96        1799       6.4    2.6100E+05         No
 64    1233.0    1236.2    1239.0     618.21        4258       3.5    6.2370E+05        Yes
 65    1241.0    1243.6    1247.0     621.87        2489       5.1    3.6660E+05         No
 66    1259.0    1265.6    1270.0     632.92        3259       4.3    4.8800E+05         No
 67    1286.0    1289.7    1295.0     644.94        1801       6.5    2.7450E+05         No
 68    1303.0    1307.9    1311.0     654.04         610      17.5    9.4180E+04         No
 69    1322.0    1326.3    1330.0     663.23       10480       2.1    1.6400E+06         No
 70    1330.0    1331.8    1339.0     666.03        3807       4.1    5.9790E+05         No
 71    1352.0    1356.2    1362.0     678.22         579      20.5    9.2400E+04         No
 72    1366.0    1368.9    1372.0     684.54         511      15.8    8.2330E+04        Yes
 73    1375.0    1379.0    1383.0     689.62        3250       4.2    5.2710E+05         No
 74    1392.0    1395.3    1402.0     697.78        1073      10.3    1.7580E+05        Yes
 75    1433.0    1436.8    1439.0     718.52         432      26.5    7.2720E+04        Yes
 76    1562.0    1568.1    1574.0     784.19       14981       1.8    2.7320E+06        Yes
 77    1629.0    1632.0    1637.0     816.17         924      11.5    1.7480E+05        Yes
 78    1637.0    1639.5    1643.0     819.93         554      13.6    1.0520E+05         No
 79    1649.0    1657.0    1663.0     828.67        5170       3.1    9.9140E+05         No
 80    1688.0    1692.7    1695.0     846.53        1128       8.2    2.2060E+05         No
 81    1714.0    1717.2    1722.0     858.80         921       9.6    1.8240E+05         No
 82    1732.0    1734.4    1736.0     867.41         217      24.8    4.3400E+04        Yes
 83    1738.0    1743.1    1747.0     871.72        2489       4.6    4.9990E+05         No
 84    1747.0    1748.4    1751.0     874.42         282      21.9    5.6860E+04         No
 85    1759.0    1763.3    1766.0     881.85         704      10.6    1.4300E+05         No
 86    1772.0    1775.5    1777.0     887.96         267      24.6    5.4580E+04         No
 87    1792.0    1798.8    1805.0     899.59        3857       3.6    7.9720E+05         No
 88    1808.0    1812.1    1815.0     906.27        1397       7.0    2.9080E+05         No
 89    1897.0    1902.1    1904.0     951.30         650      10.7    1.4180E+05         No
 90    1942.0    1944.8    1947.0     972.63         392      17.0    8.7230E+04         No
 91    1966.0    1968.0    1970.0     984.23         435      15.4    9.7960E+04         No
 92    1977.0    1980.1    1985.0     990.29        1207       7.4    2.7320E+05         No
 93    2042.0    2043.5    2045.0    1022.01         221      22.8    5.1500E+04         No
 94    2053.0    2063.6    2067.0    1032.07        5648       3.0    1.3300E+06         No
 95    2086.0    2093.2    2098.0    1046.89        2675       4.8    6.3860E+05        Yes
 96    2180.0    2184.1    2188.0    1092.36         524      14.4    1.3030E+05         No
 97    2198.0    2200.7    2203.0    1100.62         223      23.6    5.5710E+04         No
 98    2254.0    2257.5    2259.0    1129.07         236      25.5    6.0480E+04         No
 99    2295.0    2301.5    2304.0    1151.08         711      17.2    1.8580E+05         No
100    2305.0    2309.3    2312.0    1154.95         464      19.1    1.2170E+05         No
101    2341.0    2344.3    2350.0    1172.48         403      17.8    1.0720E+05        Yes
102    2361.0    2367.8    2374.0    1184.23        1009       9.4    2.7030E+05         No
103    2389.0    2391.0    2392.0    1195.84         185      22.9    5.0020E+04         No
104    2392.0    2399.7    2405.0    1200.20        1010      10.5    2.7340E+05         No
105    2411.0    2416.3    2420.0    1208.47         359      20.6    9.7750E+04         No
106    2420.0    2439.8    2430.0    1220.26         573      10.7    1.5720E+05         No
107    2439.0    2442.4    2446.0    1221.53        1643       5.9    4.5130E+05         No
108    2463.0    2467.6    2470.0    1234.14         232      23.6    6.4160E+04        Yes
109    2514.0    2515.6    2519.0    1258.18         232      23.5    6.5090E+04         No
110    2721.0    2725.5    2729.0    1363.17         306      20.8    9.1840E+04         No
111    2749.0    2754.2    2758.0    1377.52         605      12.5    1.8380E+05        Yes
112    2860.0    2865.1    2867.0    1432.96         381      16.0    1.2000E+05         No
113    2926.0    2932.5    2938.0    1466.72         341      24.3    1.0980E+05         No
114    2984.0    2989.8    2995.0    1495.38        1197       7.3    3.9310E+05         No
115    2995.0    3000.9    3006.0    1500.93        1776       6.3    5.8540E+05         No
116    3048.0    3054.6    3056.0    1527.79         658      10.9    2.2050E+05         No
117    3063.0    3067.2    3072.0    1534.08         677      11.3    2.2800E+05         No
118    3158.0    3169.4    3176.0    1585.22        1215      10.5    4.2170E+05         No
119    3185.0    3193.1    3196.0    1597.04        1279       8.1    4.4730E+05        Yes
120    3202.0    3207.6    3213.0    1604.31        1564       6.7    5.4930E+05         No
121    3437.0    3440.1    3446.0    1720.61         358      16.9    1.3460E+05         No
122    3534.0    3539.1    3545.0    1770.10         326      18.5    1.2600E+05         No
123    3559.0    3564.2    3567.0    1782.68         225      19.0    8.7330E+04         No
124    3643.0    3648.3    3653.0    1824.73         277      17.7    1.0990E+05         No
125    3771.0    3774.9    3779.0    1888.08         216      21.4    8.8510E+04         No
126    3809.0    3820.1    3827.0    1910.66        3590       4.2    1.4900E+06         No
127    3968.0    3973.0    3976.0    1987.16         349      14.7    1.5030E+05         No
128    4008.0    4014.3    4015.0    2007.81         121      24.5    5.2570E+04         No
129    4015.0    4020.1    4023.0    2010.70         380      17.0    1.6560E+05         No

Line   Nuclide   Isotope   Meta      DPM@ZT       DPM@CT        Atoms@ZT       Error      Accept  Comment
   Energy      DPM@ZT             Fraction   Error   StdDev

  1      BE           7            5.3710E+07    5.3150E+07    5.9440E+12       1.50        u      

   477.00      5.3710E+07            1.00     1.30     0.00
  2      CO          60            5.1800E+04    5.1790E+04    2.0710E+11      23.30        u      

  1172.00      1.0730E+05            1.00    17.80     0.00
  1333.00      1.5500E+04           -1.00     0.00     0.00
  3      RU         103            4.0850E+05    4.0270E+05    3.3300E+10       6.80        u      

   496.00      4.0850E+05            1.00     6.70     0.00
  4      SB         127            4.2280E+05    3.6600E+05    3.3810E+09       9.40        u      

   412.00      3.5490E+05            0.03     5.50     0.00
   685.00      2.6940E+05            1.00    15.80     0.00
   698.00      5.8200E+06            1.00    10.30     0.00
   784.00      2.1760E+07            1.00     2.00     0.00
   474.00      1.1190E+05           -1.00     0.00     0.00
  5      I         124            1.2640E+07    1.1070E+07    1.0980E+11      12.50        u      

  1378.00      1.2640E+07            1.00    12.50     0.00
  6      I         131            1.2390E+05    1.1560E+05    2.0680E+09      13.30        u      

   364.00      1.2390E+05            1.00    13.30     0.00
  7      XE         135            7.8290E+05    1.8120E+05    6.1680E+08       8.90        u      

   249.00      7.5180E+05            1.00     9.20     0.00
   607.00      4.7550E+08            1.00     1.60     0.00
  8      CS         136            7.2910E+05    6.9900E+05    1.9930E+10       5.10        u      

  1047.00      8.3570E+05            1.00     4.90     0.00
  1234.00      3.3800E+05            1.00    23.60     0.00
  9      LA         140            7.1150E+05    5.1100E+05    2.4800E+09       4.60        u      

   329.00      7.3460E+05            0.62    12.00     0.00
   433.00      2.0470E+07            1.00     4.30     0.00
   487.00      6.4170E+05            1.00     7.20     0.00
   816.00      1.0310E+06            1.00    11.50     0.00
   867.00      1.0810E+06            1.00    24.80     0.00
  1597.00      6.5280E+05            1.00     8.10     0.00
  10      PM         151            4.4060E+05    2.7560E+05    1.0830E+09      49.40        u      

   719.00      2.9070E+06            1.00    26.50     0.00
   340.00      2.2690E+05           -1.00     0.00     0.00
  11      TB         161            2.5300E+06    2.3340E+06    3.6300E+10       7.60        u      

    75.00      2.6250E+06            1.00     7.40     0.00
    49.00      8.3820E+05           -1.00     0.00     0.00
  12      W         187            7.6560E+06    4.3840E+06    1.5840E+10       2.80        u      

   480.00      6.4680E+06            1.00     3.40     0.00
   618.00      1.7940E+07            1.00     3.60     0.00
  13      AU         198            4.2600E+05    3.4670E+05    2.3830E+09       6.10        u      

   412.00      4.2600E+05            0.96     5.50     0.00
  14      PB         212            3.3580E+08    9.5980E+07    3.0920E+11       0.00        u      

   300.00      3.3770E+08            0.74     1.30     0.00
  15      TH         227            5.0390E+08    4.8920E+08    1.9590E+13       7.00        u      

   444.00      5.0390E+08            1.00     6.90     0.00
  16      TH         228            1.0620E+07    9.4070E+06    1.5420E+13      13.40        u      

    85.00      1.0620E+07            1.00    13.30     0.00
  17      PA         231            1.1260E+08    4.5790E+07    2.7990E+18       3.30        u      

   300.00      4.4550E+08            0.99     1.30     0.00
   302.00      1.1250E+08            1.00     3.20     0.00
  18      TH         232            3.1650E+08    3.1650E+08    3.3730E+24       7.60        u      

   124.00      3.1650E+08            1.00     7.50     0.00
  19      U         237            1.7090E+06    1.5740E+06    2.3960E+10       5.70        u      

    97.00      1.7090E+06            1.00     5.60     0.00


Page:2                 anlresprint.php, Ver 1.4, 25FEB2011                 Printed:Oct 17 2018 17:22:20
==============================================================================================================
SN:290_024.18 Shot: 1139 Jug: 057 Mass: 190 Ctr:  76 ROT: 290.4112 ZT: 289.5990(2018) CT: 290.3888 CL:    30
NCHAN:4096   Live:    30.0   True:    32.2   Delta: 0.8010   Rate:331871   Gain: 0.50021   Zero: -0.17000
Type:  3  User: 76  Gain:  0  Pos:  4  Shelf: 18   LP Prog/Yr/Seq:0/0/0  Timestamp: 2018-10-17 09:54:02.0
Count acc/rej: default    QAStatus: pending    QA'd by: 00    QA Time:     QA Comm:  
--------------------------------------------------------------------------------------------------------------

==============================================================================================================
Analysis Results:

Analysis Code: specanl  Peaks: 136  Overall QA:    0.00  Library: 9  CD: 71  Timestamp:2018-10-17 09:54:02.0 
Analysis ZT: 289.5990      AnalysisZY: 2018     Original: Yes     Comment: 

Peak   Centroid    Energy     NetArea     Error     QFit    Gammas/Min      FWHM    Identified
  1     145.73      72.73        1276      15.0      1.0    1.1448E+05      0.85        No
  2     150.09      74.91        2776       6.9      1.0    2.3113E+05      0.85       Yes
  3     169.75      84.74        1710      15.6      1.0    1.0424E+05      1.06       Yes
  4     176.03      87.88       13223       2.2     10.1    7.3526E+05      1.06        No
  5     194.72      97.23        5300       5.1      1.0    2.7356E+05      0.96       Yes
  6     239.19     119.47        6828       5.7      5.5    3.0476E+05      1.08        No
  7     247.80     123.78        3287       6.9      1.0    1.4458E+05      0.79       Yes
  8     261.77     130.77       47296       0.7      1.3    2.0853E+06      0.90        No
  9     311.21     155.50       10815       2.7      1.0    4.8042E+05      0.99        No
 10     357.38     178.59        3250       8.3      1.0    1.5461E+05      0.96        No
 11     364.61     182.21       70866       0.6      3.3    3.4313E+06      0.96        No
 12     380.45     190.14        2130      11.6      1.0    1.0709E+05      0.92        No
 13     385.99     192.91        4316       5.8      1.0    2.1984E+05      0.92        No
 14     413.21     206.52       27911       1.1      1.0    1.5102E+06      1.00        No
 15     433.76     216.80        5269       5.9      2.0    2.9765E+05      1.28        No
 16     498.34     249.10        2741       7.9      1.0    1.7514E+05      1.05        No
 17     503.42     251.65        1124      20.2      1.2    7.2491E+04      1.06        No
 18     508.82     254.35       10328       2.5      1.0    6.7213E+05      1.06        No
 19     523.03     261.45        3274       7.3      2.2    2.1836E+05      1.06        No
 20     531.32     265.60      122149       0.3      4.2    8.2607E+06      1.06        No
 21     552.14     276.02        3579       6.1      1.0    2.5043E+05      1.05        No
 22     557.85     278.87       15901       1.6      1.0    1.1229E+06      1.05        No
 23     580.55     290.23       10056       3.3     12.2    7.3566E+05      1.42        No
 24     588.63     294.27         637      24.3      1.0    4.7170E+04      0.66        No
 25     600.31     300.11       70748       0.6      7.7    5.3318E+06      1.13       Yes
 26     614.42     307.17        2210      11.9      8.5    1.7005E+05      1.13        No
 27     658.58     329.26        2904      12.5      2.1    2.3761E+05      1.88       Yes
 28     678.06     339.00        3608      13.3      1.0    3.0290E+05      1.90       Yes
 29     693.07     346.51        5926       3.6      1.0    5.0729E+05      1.18        No
 30     728.61     364.29        1279      11.0      1.0    1.1443E+05      0.95       Yes
 31     744.17     372.07        5861       3.8      6.2    5.3439E+05      1.29        No
 32     759.70     379.84        2465       6.4      1.0    2.2896E+05      1.05        No
 33     776.83     388.41        1392      26.0      1.4    1.3188E+05      2.95        No
 34     796.28     398.14        1764      12.3      1.0    1.7093E+05      1.47       Yes
 35     809.86     404.93        2074       7.6      1.0    2.0421E+05      1.19        No
 36     822.90     411.45        4014       5.0      2.2    4.0117E+05      1.56       Yes
 37     846.87     423.44        1713      19.0      1.5    1.7584E+05      3.02       Yes
 38     865.31     432.67        4024       3.8      1.0    4.2164E+05      1.28        No
 39     888.47     444.25        2354       6.7      1.0    2.5283E+05      1.43        No
 40     894.39     447.21        1219      12.3      1.2    1.3175E+05      1.43        No
 41     906.61     453.32         861      11.9      1.0    9.4262E+04      0.91        No
 42     929.34     464.69      116144       0.4      4.8    1.3014E+07      1.28        No
 43     944.23     472.14         285      30.6      1.0    3.2404E+04      0.91        No
 44     954.60     477.33       45193       0.9     57.2    5.1930E+06      1.47       Yes
 45     960.72     480.39        7442       2.6     37.9    8.6023E+05      1.47        No
 46     967.23     483.65        3350       5.0      1.8    3.8976E+05      1.47        No
 47     973.95     487.01        2199       7.2      2.1    2.5748E+05      1.47       Yes
 48     992.56     496.32        2945       7.5      1.4    3.5104E+05      1.73        No
 49    1022.01     511.05      538235       0.3    126.5    6.5940E+07      2.95        No
 50    1035.00     517.55       27145       1.4    430.6    3.3653E+06      2.95        No
 51    1047.36     523.73        3870       6.7     30.6    4.8514E+05      2.95        No
 52    1081.26     540.69       12750       1.6      2.9    1.6469E+06      1.55        No
 53    1092.47     546.29        1219      11.3      1.0    1.5893E+05      1.48        No
 54    1112.42     556.27         353      26.0      1.7    4.6869E+04      1.36        No
 55    1120.96     560.55         320      19.7      1.0    4.2780E+04      0.73        No
 56    1134.42     567.28       22064       1.0     16.2    2.9814E+06      1.46        No
 57    1144.72     572.43       11774       1.6      1.2    1.6045E+06      1.35        No
 58    1154.31     577.23        5857       2.2      1.0    8.0452E+05      1.35        No
 59    1162.28     581.22         474      21.9      1.0    6.5591E+04      1.54        No
 60    1169.82     584.98         882      12.9      1.0    1.2274E+05      1.09        No
 61    1192.17     596.17        1421       7.9      1.6    2.0116E+05      1.49        No
 62    1213.55     606.86       26903       1.3     88.6    3.8730E+06      1.65       Yes
 63    1223.75     611.96        1871       5.7      1.9    2.7143E+05      1.37        No
 64    1236.25     618.22        4355       3.1      1.0    6.3792E+05      1.51        No
 65    1243.56     621.87        2658       4.8      1.0    3.9157E+05      1.51       Yes
 66    1265.64     632.91        3902       4.0      1.4    5.8434E+05      1.61        No
 67    1289.70     644.95        2005       6.1      1.0    3.0556E+05      1.61        No
 68    1307.90     654.05         775      15.3      1.0    1.1964E+05      1.94        No
 69    1326.37     663.29       10347       1.7      1.0    1.6192E+06      1.56        No
 70    1331.95     666.08        3863       3.5      7.3    6.0684E+05      1.56       Yes
 71    1356.37     678.30         704      19.6      1.0    1.1251E+05      2.45        No
 72    1368.77     684.50         607      14.2      1.0    9.7708E+04      1.48        No
 73    1378.95     689.60        3291       3.8      1.0    5.3367E+05      1.58        No
 74    1395.33     697.79        1240       9.7      1.0    2.0319E+05      2.13        No
 75    1423.33     711.79         341      23.9      1.0    5.6999E+04      1.63        No
 76    1481.50     740.89         218      28.0      1.0    3.7817E+04      1.00        No
 77    1547.87     774.09         257      32.0      1.0    4.6339E+04      1.80       Yes
 78    1556.22     778.27         346      23.0      1.0    6.2691E+04      1.60       Yes
 79    1568.12     784.22       15093       1.6      1.5    2.7521E+06      1.98        No
 80    1632.16     816.25         848      11.0      1.0    1.6038E+05      1.88       Yes
 81    1639.36     819.85         455      18.2      1.2    8.6470E+04      1.88        No
 82    1657.12     828.74        4870       2.9      2.2    9.3404E+05      1.69       Yes
 83    1669.84     835.10         417      16.9      1.0    8.0543E+04      1.64        No
 84    1683.07     841.72         296      26.8      1.0    5.7660E+04      1.86        No
 85    1692.16     846.26        1249       7.8      1.9    2.4409E+05      1.86        No
 86    1717.30     858.84        1247       8.8      1.0    2.4703E+05      1.70        No
 87    1734.58     867.48         293      27.5      1.0    5.8574E+04      1.65       Yes
 88    1742.98     871.69        2938       4.2      1.3    5.9006E+05      1.65        No
 89    1763.24     881.82         782       9.5      1.0    1.5878E+05      1.64        No
 90    1775.28     887.84         261      24.2      1.0    5.3241E+04      1.71        No
 91    1798.93     899.67        3921       3.4      1.6    8.1065E+05      1.70        No
 92    1811.99     906.21        1512       6.1      1.0    3.1474E+05      1.78        No
 93    1824.32     912.37         280      28.2      1.0    5.8681E+04      2.10        No
 94    1902.04     951.25         729      10.4      1.7    1.5897E+05      1.79        No
 95    1944.73     972.61         410      15.6      1.0    9.1183E+04      1.46        No
 96    1967.91     984.20         435      13.9      1.0    9.7951E+04      1.53        No
 97    1980.24     990.36        1382       6.7      1.0    3.1306E+05      1.79        No
 98    2033.33    1016.92         227      31.3      1.0    5.2798E+04      2.07        No
 99    2044.77    1022.65         419      19.7      1.0    9.7766E+04      2.40        No
100    2063.69    1032.11        5731       2.9      1.0    1.3498E+06      1.84        No
101    2093.12    1046.83        2738       4.5      1.0    6.5366E+05      2.07        No
102    2161.60    1081.09         209      32.5      1.0    5.1458E+04      2.15        No
103    2183.83    1092.20         562      14.9      1.0    1.3970E+05      2.31        No
104    2201.16    1100.87         448      20.9      1.4    1.1206E+05      2.93        No
105    2219.35    1109.97         150      46.6      1.0    3.7949E+04      2.42        No
106    2258.44    1129.52         384      22.1      1.0    9.8410E+04      2.80        No
107    2300.57    1150.60         577      20.8      1.0    1.5073E+05      3.65        No
108    2345.46    1173.05         428      23.1      1.0    1.1386E+05      2.91       Yes
109    2367.73    1184.19         983       9.2      1.0    2.6341E+05      2.07        No
110    2392.39    1196.52         283      23.7      1.2    7.6519E+04      1.93        No
111    2400.08    1200.37         696      11.4      1.4    1.8845E+05      1.93        No
112    2442.77    1221.73        1640       6.1      1.2    4.5040E+05      1.84        No
113    2467.46    1234.08         246      21.2      1.0    6.8000E+04      1.57        No
114    2516.42    1258.57         251      28.1      1.0    7.0531E+04      1.98        No
115    2575.70    1288.22         227      19.4      1.0    6.4918E+04      1.99        No
116    2725.67    1363.24         311      24.2      1.0    9.3613E+04      2.50        No
117    2754.27    1377.54         736      12.1      1.2    2.2335E+05      2.64        No
118    2864.97    1432.92         418      14.9      1.0    1.3167E+05      1.94        No
119    2931.20    1466.04         404      20.1      1.0    1.3033E+05      2.89        No
120    2944.24    1472.57         104      35.2      1.0    3.3497E+04      2.12        No
121    2990.08    1495.50        1165       8.2      2.6    3.8244E+05      2.15        No
122    3001.10    1501.01        1790       6.1      1.0    5.8978E+05      2.15        No
123    3042.11    1521.53         173      32.8      1.0    5.7870E+04      2.04        No
124    3053.91    1527.43         723      10.3      1.5    2.4239E+05      1.87        No
125    3068.01    1534.48         716      11.2      1.0    2.4104E+05      2.23        No
126    3167.77    1584.38        1159      10.9      1.9    4.0222E+05      4.26        No
127    3193.06    1597.03        1201       7.9      1.5    4.2007E+05      1.96       Yes
128    3208.61    1604.81        1601       6.7      1.0    5.6242E+05      2.02        No
129    3441.18    1721.14         376      19.0      1.0    1.4108E+05      2.01        No
130    3465.26    1733.19         124      44.1      1.2    4.6760E+04      2.12        No
131    3565.63    1783.39         246      24.1      1.0    9.5757E+04      1.36        No
132    3704.93    1853.07         173      35.2      1.0    6.9666E+04      2.72        No
133    3774.79    1888.02         254      20.1    340.0    1.0421E+05      2.37        No
134    3821.11    1911.19        3658       5.1      2.8    1.5189E+06      2.05        No
135    4036.98    2019.17         366      14.0    221.2    1.6026E+05      2.45        No
136    4083.70    2042.54         694      15.7      2.2    3.0724E+05      5.44        No

Line   Nuclide   Isotope   Meta      DPM@ZT       DPM@CT        Atoms@ZT       Error      Accept  Comment
   Energy      DPM@ZT             Fraction   Error   StdDev

  1      BE           7            5.0500E+07    4.9980E+07    5.5910E+12       1.00        u      

   477.33      5.0500E+07            1.00     1.00     0.00
  2      CO          60            1.1400E+05    1.1400E+05    4.5590E+11      23.10        u      

  1173.05      1.1400E+05            1.00    23.10     0.00
  3      MO          99            1.7640E+06    1.4410E+06    1.0070E+10      23.00        u      

   778.27      1.7640E+06            1.00    23.00     0.00
  4      RU         106            3.9430E+06    3.9430E+06    2.6310E+17       4.80        u      

   621.87      3.9430E+06            1.00     4.80     0.00
  5      SB         125            7.7190E+07    7.7150E+07    1.5990E+14       1.40        u      

   606.86      7.7190E+07            1.00     1.40     0.00
  6      TE         129            2.3390E+06    2.3000E+06    1.6320E+11       7.20        u      

   487.01      1.8430E+07            0.13     7.20     0.00
  7      TE         131       M    1.8960E+05    1.2160E+05    4.9240E+08      32.00        u      

   774.09      1.8960E+05            1.00    32.00     0.00
  8      I         126            1.9130E+06    1.8330E+06    5.1750E+10       3.60        u      

   666.08      1.9130E+06            1.00     3.60     0.00
  9      I         131            1.5100E+05    1.4090E+05    2.5220E+09      11.00        u      

   364.29      1.5100E+05            1.00    11.00     0.00
  10      BA         140            5.8870E+06    5.6360E+06    1.5590E+11      19.00        u      

   423.44      5.8870E+06            1.00    19.00     0.00
  11      LA         140            6.8190E+05    4.8980E+05    2.3770E+09      34.10        u      

   329.26      1.5980E+06            0.43    12.50     0.00
   487.01      7.8100E+05            0.87     7.20     0.00
   816.25      9.4610E+05            0.72    11.00     0.80
   867.48      1.4590E+06            0.47    27.50     1.00
  1597.03      6.1300E+05            1.11     7.90    -0.40
  12      TB         161            2.5560E+06    2.3590E+06    3.6690E+10       7.00        u      

    74.91      2.5560E+06            1.00     7.00     0.00
  13      AU         198            5.1620E+05    4.2010E+05    2.8890E+09       5.00        u      

   411.45      5.1620E+05            1.00     5.00     0.00
  14      TL         200            1.4410E+07    8.6490E+06    3.2550E+10       2.90        u      

   828.74      1.4410E+07            1.00     2.90     0.00
  15      PB         212            4.5280E+08    1.2940E+08    4.1700E+11       0.80        u      

   300.11      5.5850E+08            0.81     0.80     0.00
  16      BI         212            2.9240E+03    5.3980E-03    2.5540E+05       0.80        u      

   300.11      8.6480E+13            0.00     0.80     0.00
  17      TH         228            2.7850E+06    2.4660E+06    4.0430E+12      33.50        u      

    84.74      9.7300E+06            0.32    15.60     1.70
   339.00      2.7590E+06            1.14    13.30    -0.40
  18      TH         232            3.3620E+08    3.3620E+08    3.5850E+24       6.90        u      

   123.78      3.3620E+08            1.00     6.90     0.00
  19      PA         231            4.9900E+06    2.0300E+06    1.2410E+17      12.50        u      

   300.11      5.5070E+08            0.02     0.80     0.00
   329.26      2.1390E+07            0.57    12.50     0.00
  20      PA         233            1.4660E+07    1.4360E+07    8.2250E+11      12.30        u      

   300.11      8.7780E+07            0.17     0.80     0.00
   398.14      1.4660E+07            1.00    12.30     0.00
  21      U         237            1.8560E+06    1.7100E+06    2.6030E+10       5.20        u      

    97.23      1.8560E+06            1.00     5.20     0.00


Page:3                 anlresprint.php, Ver 1.4, 25FEB2011                 Printed:Oct 17 2018 17:22:21
==============================================================================================================
SN:290_024.18 Shot: 1139 Jug: 057 Mass: 190 Ctr:  76 ROT: 290.4112 ZT: 289.5990(2018) CT: 290.3888 CL:    30
NCHAN:4096   Live:    30.0   True:    32.2   Delta: 0.8010   Rate:331871   Gain: 0.50021   Zero: -0.17000
Type:  3  User: 76  Gain:  0  Pos:  4  Shelf: 18   LP Prog/Yr/Seq:0/0/0  Timestamp: 2018-10-17 09:54:02.0
Count acc/rej: default    QAStatus: pending    QA'd by: 00    QA Time:     QA Comm:  
--------------------------------------------------------------------------------------------------------------

==============================================================================================================
Analysis Results:

Analysis Code: unisampo  Peaks: 153  Overall QA:    0.00  Library: 9  CD: 71  Timestamp:2018-10-17 09:54:04.0 
Analysis ZT: 289.5990      AnalysisZY: 2018     Original: Yes     Comment: 

Peak  Start Centroid     End  Energy  NetArea  Error   Qfit Gammas/Min  FWHM  Integral Identified
  1   105.0    117.0   130.0   58.36     9964    2.0   2.30   1.481e+6  0.75  3.857e+4     No
  2   136.0    145.7   160.0   72.72     1382   12.9   0.79   1.178e+5  0.77  3.044e+4     No
  3   136.0    150.1   160.0   74.90     2683    6.7   0.79   2.123e+5  0.77  3.190e+4     No
  4   161.0    169.8   187.0   84.77     1157   16.0   7.93   6.695e+4  0.79  3.304e+4    Yes
  5   161.0    176.0   187.0   87.89    10520    2.0   7.93   5.557e+5  0.79  4.353e+4     No
  6   183.0    194.7   200.0   97.23     4146    5.2   1.85   2.033e+5  0.81  4.025e+4     No
  7   228.0    239.2   247.0  119.49     4158    5.6   4.82   1.763e+5  0.84  5.103e+4     No
  8   240.0    247.8   256.0  123.80     2869    8.2   7.79   1.199e+5  0.85  5.033e+4     No
  9   248.0    261.8   271.0  130.76    45337    0.7  10.86   1.899e+6  0.86  9.418e+4     No
 10   296.0    311.3   328.0  155.54    10035    2.4   1.62   4.235e+5  0.90  5.756e+4     No
 11   345.0    357.4   362.0  178.63     2526    9.9   1.24   1.142e+5  0.93  5.100e+4     No
 12   358.0    364.6   380.0  182.20    66629    0.5   7.26   3.065e+6  0.93  1.141e+5     No
 13   368.0    380.5   403.0  190.15     2245    9.9   0.54   1.072e+5  0.94  4.670e+4     No
 14   368.0    386.0   403.0  192.90     4283    5.2   0.54   2.073e+5  0.95  4.800e+4     No
 15   400.0    413.3   430.0  206.58    25694    1.0   5.42   1.321e+6  0.97  6.585e+4     No
 16   420.0    433.8   445.0  216.84     4569    4.6   2.55   2.452e+5  0.98  4.218e+4     No
 17   486.0    498.3   522.0  249.10     2626    7.3   2.86   1.594e+5  1.02  3.390e+4     No
 18   486.0    503.4   522.0  251.66      933   19.7   2.86   5.713e+4  1.03  3.202e+4     No
 19   486.0    508.8   522.0  254.35     9517    2.2   2.86   5.885e+5  1.03  4.040e+4     No
 20   511.0    523.1   529.0  261.51     2029   10.0  41.55   1.286e+5  1.04  3.373e+4     No
 21   524.0    531.3   551.0  265.60   113432    0.4  10.12   7.288e+6  1.04  1.438e+5     No
 22   524.0    536.4   551.0  268.16     6161    3.3  10.12   3.993e+5  1.05  3.626e+4     No
 23   539.0    552.2   572.0  276.03     3693    5.1   2.01   2.455e+5  1.06  3.292e+4     No
 24   539.0    557.8   572.0  278.87    15991    1.4   2.01   1.073e+6  1.06  4.510e+4     No
 25   572.0    580.4   589.0  290.16     8364    2.5   9.45   5.812e+5  1.07  3.788e+4     No
 26   583.0    600.3   612.0  300.11    56754    0.6   7.07   4.064e+6  1.09  8.589e+4    Yes
 27   583.0    605.0   612.0  302.45     9658    2.2   7.07   6.963e+5  1.09  3.861e+4    Yes
 28   607.0    614.8   631.0  307.38     1063   17.3   4.50   7.776e+4  1.10  2.914e+4     No
 29   644.0    658.5   675.0  329.22     2048    8.4   1.96   1.592e+5  1.12  2.798e+4    Yes
 30   665.0    678.3   692.0  339.14     1674    9.9   9.96   1.336e+5  1.13  2.536e+4     No
 31   682.0    693.1   708.0  346.51     5430    3.2   1.85   4.416e+5  1.14  2.585e+4     No
 32   716.0    728.5   742.0  364.26     1215   11.6   1.48   1.033e+5  1.17  1.792e+4    Yes
 33   730.0    744.0   759.0  372.01     4786    3.2   6.65   4.146e+5  1.17  2.053e+4     No
 34   747.0    759.6   775.0  379.79     2199    6.2   3.50   1.940e+5  1.18  1.672e+4     No
 35   761.0    775.9   789.0  387.96      795   15.8   3.12   7.146e+4  1.19  1.442e+4     No
 36   780.0    796.2   809.0  398.08     1063   11.5   5.31   9.788e+4  1.20  1.342e+4     No
 37   800.0    809.8   818.0  404.89     1895    6.7   2.41   1.772e+5  1.21  1.337e+4     No
 38   811.0    823.0   843.0  411.51     3169    4.0   2.58   3.010e+5  1.22  1.420e+4    Yes
 39   832.0    838.8   860.0  419.39      496   23.8   2.01   4.794e+4  1.23  1.078e+4     No
 40   832.0    846.2   860.0  423.12      720   15.4   2.01   7.019e+4  1.23  1.081e+4     No
 41   849.0    865.3   881.0  432.67     4071    3.0   1.92   4.052e+5  1.25  1.370e+4    Yes
 42   872.0    888.5   902.0  444.29     2280    5.0   2.06   2.327e+5  1.26  1.146e+4     No
 43   893.0    894.3   918.0  447.19     1227   10.8   1.83   1.260e+5  1.26  1.030e+4     No
 44   893.0    906.6   918.0  453.33     1073   10.1   1.83   1.116e+5  1.27  9.976e+3     No
 45   912.0    929.3   939.0  464.70   116634    0.3  11.65   1.242e+7  1.28  1.254e+5     No
 46   935.0    954.6   990.0  477.34    41729    0.6  18.31   4.556e+6  1.30  4.173e+4    Yes
 47   935.0    960.8   990.0  480.42     6085    2.1  18.31   6.684e+5  1.30  6.085e+3     No
 48   935.0    967.2   990.0  483.66     2427    4.5  18.31   2.682e+5  1.30  2.427e+3     No
 49   935.0    974.0   990.0  487.04     1469    7.1  18.31   1.634e+5  1.31  1.469e+3    Yes
 50   975.0    992.6  1009.0  496.35     2169    5.0   6.08   2.457e+5  1.32  1.035e+4     No
 51   995.0    997.5  1046.0  498.77        0    0.0  69.35   0.000e+0  1.32  0.000e+0     No
 52   995.0   1022.0  1046.0  511.05   523164    0.1  69.35   6.090e+7  2.69  5.232e+5     No
 53   995.0   1031.8  1046.0  515.96     8200    1.7  69.35   9.631e+5  1.34  8.200e+3     No
 54   995.0   1036.2  1046.0  518.17    18282    0.9  69.35   2.156e+6  1.34  1.828e+4     No
 55  1039.0   1047.7  1064.0  523.90     2678    3.9   3.70   3.191e+5  1.35  8.517e+3     No
 56  1071.0   1081.1  1091.0  540.62    12046    1.2  12.51   1.478e+6  1.37  1.695e+4     No
 57  1084.0   1092.4  1128.0  546.29      805   10.6   7.20   9.974e+4  1.37  8.050e+2     No
 58  1084.0   1098.0  1128.0  549.08      115   66.8   7.20   1.432e+4  1.37  1.150e+2     No
 59  1084.0   1107.1  1128.0  553.61       64  116.1   7.20   7.992e+3  1.38  6.400e+1     No
 60  1084.0   1112.5  1128.0  556.30      211   35.8   7.20   2.665e+4  1.38  2.110e+2     No
 61  1084.0   1120.8  1128.0  560.45      279   29.0   7.20   3.538e+4  1.39  2.790e+2     No
 62  1121.0   1134.4  1142.0  567.30    19848    0.9  12.74   2.548e+6  1.39  2.527e+4     No
 63  1137.0   1144.7  1191.0  572.43    12339    1.2  12.42   1.598e+6  1.40  1.234e+4     No
 64  1137.0   1154.3  1191.0  577.22     5905    1.9  12.42   7.705e+5  1.40  5.905e+3     No
 65  1137.0   1162.2  1191.0  581.19      203   35.3  12.42   2.671e+4  1.41  2.030e+2     No
 66  1137.0   1169.8  1191.0  585.00      445   16.3  12.42   5.878e+4  1.41  4.450e+2     No
 67  1137.0   1176.0  1191.0  588.07      187   37.4  12.42   2.480e+4  1.42  1.870e+2     No
 68  1176.0   1192.0  1203.0  596.07     1250    6.3   3.40   1.682e+5  1.43  5.107e+3     No
 69  1195.0   1209.4  1234.0  604.78     5544    2.0   6.32   7.559e+5  1.43  9.353e+3    Yes
 70  1195.0   1213.7  1234.0  606.94    22122    0.8   6.32   3.026e+6  1.44  2.592e+4     No
 71  1195.0   1223.7  1234.0  611.96     1827    4.6   6.32   2.519e+5  1.44  5.589e+3     No
 72  1225.0   1236.2  1261.0  618.22     4305    2.3   6.22   5.992e+5  1.45  7.927e+3     No
 73  1225.0   1243.5  1261.0  621.87     2519    3.3   6.22   3.525e+5  1.45  6.028e+3    Yes
 74  1246.0   1265.7  1278.0  632.97     3130    2.8   2.80   4.453e+5  1.46  6.325e+3     No
 75  1271.0   1289.7  1306.0  644.94     1828    4.1   1.17   2.647e+5  1.48  4.836e+3     No
 76  1292.0   1307.8  1323.0  654.04      530   12.1   3.77   7.778e+4  1.49  3.515e+3     No
 77  1309.0   1326.4  1354.0  663.29     9870    1.2   5.55   1.467e+6  1.50  1.282e+4     No
 78  1309.0   1331.9  1354.0  666.06     3674    2.3   5.55   5.484e+5  1.50  6.606e+3     No
 79  1338.0   1356.4  1368.0  678.30      438   14.3   2.05   6.653e+4  1.51  3.280e+3     No
 80  1358.0   1368.8  1393.0  684.52      578   11.2   2.61   8.851e+4  1.52  3.318e+3     No
 81  1358.0   1378.9  1393.0  689.60     3240    2.6   2.61   4.991e+5  1.52  5.878e+3     No
 82  1388.0   1395.4  1417.0  697.84     1001    6.9   1.79   1.558e+5  1.53  3.503e+3     No
 83  1388.0   1414.8  1417.0  707.56      229   30.9   1.79   3.610e+4  1.54  2.586e+3     No
 84  1418.0   1423.3  1437.0  711.77      375   17.2   1.44   5.949e+4  1.55  2.597e+3     No
 85  1538.0   1556.3  1593.0  778.32      307   17.2   9.89   5.282e+4  1.61  2.414e+3     No
 86  1538.0   1568.2  1593.0  784.24    14465    0.9   9.89   2.506e+6  1.62  1.649e+4     No
 87  1621.0   1632.2  1650.0  816.31      800    7.3   2.19   1.437e+5  1.65  2.687e+3    Yes
 88  1621.0   1639.4  1650.0  819.86      500   11.0   2.19   9.014e+4  1.65  2.354e+3     No
 89  1641.0   1657.1  1676.0  828.73     4911    1.8   2.47   8.948e+5  1.66  6.672e+3     No
 90  1641.0   1669.8  1676.0  835.11      390   14.4   2.47   7.153e+4  1.67  2.059e+3     No
 91  1677.0   1683.2  1712.0  841.76      250   22.7   1.21   4.625e+4  1.68  1.963e+3     No
 92  1677.0   1692.1  1712.0  846.27     1151    5.2   1.21   2.138e+5  1.68  2.819e+3     No
 93  1698.0   1717.2  1734.0  858.82     1032    5.5   1.05   1.943e+5  1.69  2.635e+3     No
 94  1698.0   1724.5  1734.0  862.46      353   14.5   1.05   6.677e+4  1.70  1.965e+3     No
 95  1735.0   1742.9  1752.0  871.68     2396    3.2   3.99   4.571e+5  1.71  4.159e+3     No
 96  1749.0   1763.1  1795.0  881.78      654    8.1   2.61   1.262e+5  1.71  2.241e+3     No
 97  1774.0   1775.4  1809.0  887.92      307   17.5   1.83   5.963e+4  1.72  1.689e+3     No
 98  1774.0   1798.9  1809.0  899.66     3738    2.1   1.83   7.342e+5  1.73  5.204e+3     No
 99  1802.0   1811.9  1846.0  906.19     1384    4.4   2.83   2.737e+5  1.74  2.838e+3     No
100  1802.0   1824.4  1846.0  912.43      173   25.4   2.83   3.449e+4  1.74  1.620e+3     No
101  1879.0   1888.1  1900.0  944.29      218   22.0   3.47   4.475e+4  1.78  1.612e+3     No
102  1889.0   1902.1  1924.0  951.30      683    7.3   1.55   1.415e+5  1.78  1.975e+3     No
103  1934.0   1944.7  1966.0  972.58      399   12.4   1.72   8.440e+4  1.80  1.830e+3     No
104  1960.0   1967.9  2004.0  984.20      506   10.4   1.35   1.083e+5  1.81  1.839e+3     No
105  1960.0   1980.2  2004.0  990.35     1387    4.1   1.35   2.985e+5  1.82  2.715e+3     No
106  2024.0   2044.7  2056.0 1022.60      271   16.1   2.18   6.009e+4  1.85  1.481e+3     No
107  2046.0   2063.6  2089.0 1032.10     5524    1.6   2.20   1.236e+6  1.86  6.725e+3     No
108  2046.0   2074.6  2089.0 1037.58      149   28.2   2.20   3.342e+4  1.86  1.381e+3     No
109  2075.0   2093.2  2116.0 1046.87     2469    2.6   1.11   5.600e+5  1.87  3.641e+3     No
110  2100.0   2122.6  2142.0 1061.58      215   18.3   0.61   4.949e+4  1.89  1.299e+3     No
111  2141.0   2161.4  2182.0 1081.02      157   24.9   1.50   3.666e+4  1.90  1.280e+3     No
112  2172.0   2183.9  2206.0 1092.23      488    9.3   1.27   1.151e+5  1.92  1.563e+3     No
113  2172.0   2200.6  2206.0 1100.63      267   17.9   1.27   6.339e+4  1.92  1.317e+3     No
114  2235.0   2258.8  2280.0 1129.69      311   12.4   1.04   7.570e+4  1.95  1.281e+3     No
115  2276.0   2299.3  2315.0 1149.97      388   10.8   3.33   9.625e+4  1.97  1.445e+3     No
116  2323.0   2345.3  2361.0 1172.97      375   10.8   1.41   9.474e+4  1.99  1.365e+3    Yes
117  2347.0   2367.7  2413.0 1184.17      913    5.3   1.71   2.324e+5  2.00  9.130e+2     No
118  2347.0   2380.5  2413.0 1190.60      257   15.1   1.71   6.565e+4  2.01  2.570e+2     No
119  2347.0   2392.4  2413.0 1196.55      341   12.0   1.71   8.744e+4  2.01  3.410e+2     No
120  2347.0   2399.9  2413.0 1200.32      777    6.2   1.71   1.999e+5  2.02  7.770e+2     No
121  2403.0   2425.8  2439.0 1213.26      324   13.3   2.69   8.407e+4  2.03  1.460e+3     No
122  2427.0   2442.5  2460.0 1221.62     1747    3.4   1.97   4.557e+5  2.03  2.783e+3     No
123  2447.0   2467.2  2488.0 1233.96      229   17.2   1.20   6.030e+4  2.05  1.256e+3     No
124  2493.0   2515.9  2539.0 1258.32      224   17.7   1.69   5.972e+4  2.07  1.283e+3     No
125  2659.0   2685.8  2707.0 1343.29      184   19.5   1.03   5.191e+4  2.14  1.074e+3     No
126  2702.0   2725.3  2749.0 1363.08      279   13.1   0.80   7.963e+4  2.16  1.116e+3     No
127  2727.0   2754.3  2767.0 1377.57      607    7.0   1.28   1.750e+5  2.18  1.412e+3     No
128  2766.0   2795.2  2820.0 1398.02      190   18.1   1.22   5.546e+4  2.19  1.000e+3     No
129  2838.0   2864.8  2877.0 1432.86      385   10.1   1.09   1.152e+5  2.22  1.123e+3     No
130  2905.0   2931.1  2967.0 1466.00      354    9.8   1.23   1.082e+5  2.25  1.005e+3     No
131  2905.0   2944.5  2967.0 1472.71      127   24.2   1.23   3.891e+4  2.26  7.620e+2     No
132  2963.0   2989.8  3026.0 1495.38     1184    4.0   1.18   3.693e+5  2.28  1.859e+3     No
133  2963.0   3000.8  3026.0 1500.89     1827    2.9   1.18   5.721e+5  2.28  2.491e+3     No
134  3017.0   3041.7  3093.0 1521.33      256   12.8   0.93   8.127e+4  2.30  8.770e+2     No
135  3017.0   3053.4  3093.0 1527.18      821    5.0   0.93   2.614e+5  2.31  1.444e+3     No
136  3017.0   3067.6  3093.0 1534.31      753    5.4   0.93   2.407e+5  2.31  1.378e+3     No
137  3124.0   3147.4  3161.0 1574.22      104   31.2   1.36   3.398e+4  2.35  7.490e+2     No
138  3148.0   3168.4  3181.0 1584.72      825    5.3   4.30   2.722e+5  2.36  1.540e+3     No
139  3172.0   3192.5  3234.0 1596.75     1214    4.0   2.21   4.033e+5  2.37  1.919e+3    Yes
140  3172.0   3208.1  3234.0 1604.57     1639    3.2   2.21   5.469e+5  2.37  2.313e+3     No
141  3303.0   3328.1  3353.0 1664.57      158   19.7   1.22   5.477e+4  2.43  7.890e+2     No
142  3409.0   3440.3  3463.0 1720.74      370    9.1   1.07   1.319e+5  2.48  9.200e+2     No
143  3442.0   3464.4  3492.0 1732.79      127   23.0   1.69   4.560e+4  2.49  6.690e+2     No
144  3483.0   3510.3  3535.0 1755.72       83   31.8   1.27   3.016e+4  2.51  5.440e+2     No
145  3511.0   3539.1  3566.0 1770.14      293   10.5   1.05   1.073e+5  2.52  7.610e+2     No
146  3511.0   3564.8  3566.0 1783.00      221   16.4   1.05   8.161e+4  2.53  6.850e+2     No
147  3619.0   3649.0  3677.0 1825.10      253   11.2   1.08   9.544e+4  2.56  6.620e+2     No
148  3758.0   3774.7  3802.0 1888.01      279   10.6   1.43   1.088e+5  2.62  6.330e+2     No
149  3784.0   3820.0  3851.0 1910.65     3641    1.8   0.97   1.436e+6  2.64  3.988e+3     No
150  3784.0   3842.7  3851.0 1922.01      162   17.6   0.97   6.418e+4  2.65  4.900e+2     No
151  3964.0   3995.0  4029.0 1998.20      166   17.1   0.70   6.825e+4  2.71  4.010e+2     No
152  4006.0   4036.7  4065.0 2019.03      356    7.6   1.09   1.481e+5  2.73  5.830e+2     No
153  4045.0   4081.6  4094.0 2041.52      279   10.1   1.70   1.171e+5  2.75  5.700e+2     No

Line   Nuclide   Isotope   Meta      DPM@ZT       DPM@CT        Atoms@ZT       Error      Accept  Comment
   Energy      DPM@ZT             Fraction   Error   StdDev

  1      BE           7            4.4310E+07    4.3860E+07    4.9050E+12       0.56        u      

   477.34      4.4310E+07          100.00     0.56   100.00
  2      CO          60            9.4860E+04    9.4840E+04    3.7940E+11      10.82        u      

  1172.97      9.4860E+04          100.00    10.82   100.00
  3      RU         106            3.5560E+06    3.5500E+06    2.7520E+12       3.33        u      

   621.87      3.5560E+06          100.00     3.33   100.00
  4      I         131            1.3630E+05    1.2730E+05    2.2760E+09      11.64        u      

   364.26      1.3630E+05          100.00    11.64   100.00
  5      CS         134            7.7510E+05    7.7450E+05    1.2130E+12       2.01        u      

   604.78      7.7510E+05          100.00     2.01   100.00
  6      LA         140            6.2430E+05    4.5050E+05    2.1760E+09       2.93        u      

   329.22      1.0710E+06           58.30     8.43   100.00
   432.67      1.8870E+07            3.31     3.04   100.00
   487.04      4.9560E+05          125.97     7.13   100.00
   816.31      8.4780E+05           73.63     7.34   100.00
  1596.75      5.8860E+05          106.07     3.99   100.00
  7      AU         198            3.8730E+05    3.1600E+05    2.1670E+09       4.00        u      

   411.51      3.8730E+05          100.00     4.00   100.00
  8      TH         228            4.8640E+07    5.7030E+06    2.5810E+10      15.97        u      

    84.77      4.8640E+07          100.00    15.97   100.00
  9      TH         231            1.0140E+06    1.0140E+06    5.4160E+20      15.97        u      

    84.77      1.0140E+06          100.00    15.97   100.00
  10      PA         231            1.0410E+08    1.0410E+08    5.5560E+22       0.63        u      

   300.11      1.7070E+08           60.94     0.55   100.00
   302.45      4.0720E+07          255.56     2.25   100.00


Page:4                 anlresprint.php, Ver 1.4, 25FEB2011                 Printed:Oct 17 2018 17:22:21
==============================================================================================================
SN:290_024.18 Shot: 1139 Jug: 057 Mass: 190 Ctr:  76 ROT: 290.4112 ZT: 289.5990(2018) CT: 290.3888 CL:    30
NCHAN:4096   Live:    30.0   True:    32.2   Delta: 0.8010   Rate:331871   Gain: 0.50021   Zero: -0.17000
Type:  3  User: 76  Gain:  0  Pos:  4  Shelf: 18   LP Prog/Yr/Seq:0/0/0  Timestamp: 2018-10-17 09:54:02.0
Count acc/rej: default    QAStatus: pending    QA'd by: 00    QA Time:     QA Comm:  
--------------------------------------------------------------------------------------------------------------

==============================================================================================================
Analysis Results:

Analysis Code: gamanal  Peaks: 184  Overall QA:    0.00  Library: 9  CD: 71  Timestamp:2018-10-17 09:54:07.0 
Analysis ZT: 289.5990      AnalysisZY: 2018     Original: Yes     Comment: 

Peak  Start Centroid     End  Energy  NetArea  Error   Qfit Gammas/Min  FWHM  Integral Identified
  1   112.0    116.9   122.0   58.33    10720    6.3   1.00   1.648e+6  0.76  1.338e+5    Yes
  2   148.0    150.1   152.0   74.93     2512   14.6   1.00   2.052e+5  0.80  5.833e+4    Yes
  3   172.0    176.1   180.0   87.90    11146   11.4   9.13   6.082e+5  0.82  1.225e+5     No
  4   192.0    194.7   197.0   97.22     4396   10.1   1.00   2.228e+5  0.84  8.273e+4    Yes
  5   234.0    239.2   244.0  119.49     4916   21.3   1.95   2.154e+5  0.88  1.845e+5     No
  6   244.0    247.8   250.0  123.78     3423   15.9   1.00   1.478e+5  0.80  1.171e+5     No
  7   257.0    261.8   270.0  130.77    47480    2.2   1.24   2.055e+6  0.90  2.807e+5    Yes
  8   305.0    311.2   314.0  155.50    10462    6.9   1.00   4.562e+5  0.94  1.676e+5    Yes
  9   353.0    357.4   358.0  178.57     2603   24.2   1.00   1.216e+5  0.94  9.478e+4     No
 10   358.0    364.6   370.0  182.21    68830    1.3   1.14   3.272e+6  0.94  2.620e+5    Yes
 11   377.0    380.5   382.0  190.14     2231   20.4   1.00   1.102e+5  0.91  8.589e+4     No
 12   382.0    386.0   388.0  192.89     4316   10.6   1.00   2.158e+5  0.91  9.979e+4     No
 13   410.0    413.2   420.0  206.52    26600    2.8   1.00   1.413e+6  0.98  1.595e+5    Yes
 14   427.0    433.8   439.0  216.84     5008   16.8   2.21   2.778e+5  1.04  1.522e+5    Yes
 15   452.0    457.2   459.0  228.53      664   71.5   1.00   3.859e+4  0.95  8.292e+4    Yes
 16   496.0    498.3   501.0  249.10     2564   16.9   1.00   1.608e+5  0.98  5.635e+4    Yes
 17   506.0    508.8   516.0  254.35     9672    6.2   1.00   6.180e+5  1.03  1.060e+5     No
 18   520.0    523.1   526.0  261.49     3656   11.3   1.00   2.394e+5  1.05  6.338e+4    Yes
 19   526.0    531.3   534.0  265.60   115414    0.8   3.76   7.662e+6  1.05  1.904e+5     No
 20   534.0    536.4   543.0  268.16     6859    8.6   2.77   4.592e+5  1.05  9.108e+4    Yes
 21   546.0    552.1   554.0  276.01     3734   11.7   1.00   2.565e+5  1.04  7.700e+4    Yes
 22   554.0    557.8   561.0  278.87    16196    2.9   1.00   1.123e+6  1.04  8.048e+4    Yes
 23   577.0    580.5   585.0  290.20     8950    9.7   5.60   6.427e+5  1.14  8.180e+4     No
 24   594.0    600.3   602.0  300.10    57511    1.1   1.00   4.255e+6  1.09  1.282e+5    Yes
 25   602.0    605.0   608.0  302.45    10123    4.2   1.00   7.541e+5  1.09  6.888e+4     No
 26   609.0    612.4   617.0  306.16     1125   57.1   4.01   8.475e+4  1.16  6.957e+4     No
 27   655.0    658.5   664.0  329.19     1980   27.6   2.26   1.591e+5  1.19  7.039e+4    Yes
 28   664.0    667.8   670.0  333.84      619   58.1   1.00   5.039e+4  1.11  4.660e+4     No
 29   674.0    678.3   681.0  339.12     1588   24.0   1.00   1.310e+5  1.21  5.142e+4    Yes
 30   689.0    693.1   697.0  346.50     5785    6.7   1.00   4.862e+5  1.15  5.233e+4     No
 31   726.0    728.6   731.0  364.29     1247   23.1   1.00   1.096e+5  1.12  2.624e+4    Yes
 32   740.0    744.2   751.0  372.06     5051   10.8   3.21   4.521e+5  1.23  5.191e+4     No
 33   756.0    759.7   763.0  379.83     2333   13.5   1.00   2.127e+5  1.14  3.069e+4    Yes
 34   773.0    776.1   782.0  388.02      726   44.0   1.00   6.749e+4  1.27  3.435e+4    Yes
 35   792.0    796.2   801.0  398.12     1417   22.7   1.00   1.348e+5  1.28  3.110e+4     No
 36   806.0    809.8   814.0  404.92     2007   14.8   1.00   1.940e+5  1.29  2.676e+4     No
 37   819.0    823.0   827.0  411.50     3376    8.4   1.00   3.313e+5  1.30  2.707e+4    Yes
 38   837.0    838.9   841.0  419.45      365   50.2   1.00   3.651e+4  1.18  1.266e+4     No
 39   859.0    865.3   869.0  432.66     4055    7.6   1.00   4.171e+5  1.25  2.943e+4    Yes
 40   884.0    888.5   891.0  444.28     2681   10.5   1.75   2.828e+5  1.33  1.966e+4    Yes
 41   891.0    894.3   899.0  447.16     1601   14.5   1.00   1.699e+5  1.33  2.028e+4     No
 42   905.0    906.9   910.0  453.44      808   28.9   2.07   8.690e+4  1.22  1.334e+4     No
 43   916.0    929.3   936.0  464.69   117459    0.7   3.59   1.292e+7  1.27  1.595e+5     No
 44   942.0    944.1   946.0  472.08      298   55.8   1.00   3.333e+4  1.24  9.983e+3     No
 45   947.0    951.4   951.0  475.72     2928    8.9   1.19   3.293e+5  1.27  1.223e+4    Yes
 46   951.0    954.7   958.0  477.35    40462    1.1   1.00   4.564e+6  1.27  5.920e+4    Yes
 47   958.0    958.8   959.0  479.42     3018    9.4   1.00   3.419e+5  1.27  6.117e+3    Yes
 48   959.0    961.3   964.0  480.68     5004    5.7   1.00   5.682e+5  1.27  1.799e+4     No
 49   964.0    967.3   970.0  483.66     2511   10.2   1.00   2.868e+5  1.27  1.570e+4     No
 50   970.0    974.1   979.0  487.05     1719   13.5   1.00   1.976e+5  1.27  1.942e+4    Yes
 51   987.0    992.6   995.0  496.32     2449   13.4   1.07   2.866e+5  1.39  1.864e+4    Yes
 52   995.0    997.4  1000.0  498.74      806   39.5   1.04   9.482e+4  1.39  1.181e+4     No
 53  1007.0   1015.8  1016.0  507.91     4076   32.9   1.00   4.875e+5  1.27  3.290e+4     No
 54  1016.0   1022.0  1027.0  511.04   511614    3.8  15.25   6.153e+7  1.27  5.341e+5     No
 55  1027.0   1028.0  1029.0  514.02     5097   34.2   5.06   6.164e+5  1.27  2.417e+4     No
 56  1029.0   1031.9  1033.0  515.97     5858   32.3   2.68   7.110e+5  1.27  2.012e+4     No
 57  1033.0   1036.3  1040.0  518.19    17235   31.5   1.63   2.100e+6  1.27  3.262e+4     No
 58  1043.0   1047.6  1052.0  523.86     2880    7.4   1.00   3.546e+5  1.29  1.514e+4    Yes
 59  1052.0   1055.9  1058.0  527.97      272   56.6   1.00   3.378e+4  1.43  8.211e+3    Yes
 60  1068.0   1070.8  1075.0  535.43      363   44.2   1.00   4.566e+4  1.40  8.642e+3     No
 61  1075.0   1081.3  1087.0  540.68    12602    3.2   4.34   1.598e+6  1.44  2.590e+4     No
 62  1088.0   1092.4  1096.0  546.26      876   20.9   1.00   1.123e+5  1.45  9.854e+3     No
 63  1105.0   1107.1  1109.0  553.60      206   56.1   1.00   2.676e+4  1.32  4.935e+3     No
 64  1110.0   1112.5  1115.0  556.30      370   35.2   1.00   4.831e+4  1.32  5.957e+3     No
 65  1117.0   1120.7  1123.0  560.39      383   37.9   1.00   5.028e+4  1.46  6.861e+3     No
 66  1123.0   1130.8  1131.0  565.46     1559   16.4   1.00   2.063e+5  1.36  1.052e+4     No
 67  1131.0   1134.5  1137.0  567.30    20066    1.5   1.00   2.662e+6  1.36  2.758e+4     No
 68  1137.0   1138.3  1138.0  569.22      712   36.1   1.00   9.486e+4  1.36  2.971e+3     No
 69  1138.0   1144.7  1150.0  572.42    12640    2.2   1.08   1.691e+6  1.36  2.522e+4     No
 70  1149.0   1154.3  1159.0  577.21     6474    3.1   1.00   8.730e+5  1.42  1.568e+4     No
 71  1158.0   1162.2  1168.0  581.16      613   29.0   1.00   8.321e+4  1.48  9.689e+3     No
 72  1167.0   1169.9  1172.0  585.00      712   18.4   1.00   9.721e+4  1.35  5.479e+3     No
 73  1172.0   1175.9  1179.0  588.01      369   34.9   1.00   5.072e+4  1.35  6.736e+3     No
 74  1189.0   1192.2  1197.0  596.18     1353   12.2   1.26   1.882e+5  1.46  8.347e+3     No
 75  1201.0   1209.5  1211.0  604.83     5953    5.6   1.62   8.387e+5  1.42  1.596e+4    Yes
 76  1211.0   1213.7  1221.0  606.94    22313    2.0   1.07   3.154e+6  1.42  3.082e+4    Yes
 77  1220.0   1223.8  1228.0  611.95     2309    6.6   1.00   3.290e+5  1.52  8.460e+3     No
 78  1228.0   1230.2  1232.0  615.20      259   38.4   1.00   3.713e+4  1.38  3.717e+3     No
 79  1232.0   1236.3  1240.0  618.21     4729    3.5   1.00   6.801e+5  1.52  1.084e+4    Yes
 80  1240.0   1243.6  1251.0  621.86     2796    6.9   1.00   4.044e+5  1.53  1.089e+4    Yes
 81  1257.0   1265.7  1271.0  632.91     3330    8.5   1.17   4.896e+5  1.52  1.302e+4     No
 82  1285.0   1289.7  1297.0  644.95     1908    9.7   1.00   2.856e+5  1.55  9.612e+3     No
 83  1301.0   1307.9  1312.0  654.04      643   25.2   1.00   9.754e+4  1.56  7.560e+3     No
 84  1321.0   1326.4  1329.0  663.28     9949    2.0   1.00   1.528e+6  1.50  1.515e+4    Yes
 85  1329.0   1331.8  1334.0  665.98     3559    4.6   1.00   5.488e+5  1.50  7.398e+3    Yes
 86  1334.0   1335.6  1340.0  667.89      832   17.9   1.00   1.286e+5  1.50  4.952e+3    Yes
 87  1351.0   1356.4  1363.0  678.29      560   29.9   1.00   8.780e+4  1.58  7.620e+3     No
 88  1364.0   1368.8  1372.0  684.50      646   22.3   1.00   1.022e+5  1.59  5.314e+3    Yes
 89  1372.0   1379.0  1385.0  689.59     3434    4.6   1.00   5.467e+5  1.59  1.039e+4     No
 90  1390.0   1395.3  1403.0  697.78     1145   17.0   1.33   1.843e+5  1.60  7.762e+3     No
 91  1413.0   1415.1  1418.0  707.67      219   44.8   1.23   3.579e+4  1.46  2.809e+3     No
 92  1420.0   1423.4  1428.0  711.83      305   38.8   1.00   4.998e+4  1.62  4.186e+3     No
 93  1431.0   1437.1  1440.0  718.68      351   34.5   1.00   5.806e+4  1.62  4.676e+3     No
 94  1479.0   1481.6  1485.0  740.91      164   59.5   1.00   2.800e+4  1.49  2.890e+3     No
 95  1499.0   1503.4  1506.0  751.81      223   44.4   1.00   3.848e+4  1.50  3.353e+3     No
 96  1544.0   1547.8  1552.0  774.05      241   46.1   1.00   4.278e+4  1.67  3.661e+3     No
 97  1553.0   1556.2  1559.0  778.26      268   35.7   1.00   4.771e+4  1.52  2.964e+3     No
 98  1559.0   1567.5  1569.0  783.89     9083   11.6   1.09   1.625e+6  1.68  1.643e+4    Yes
 99  1567.0   1569.2  1575.0  784.72     6194    1.2   1.00   1.110e+6  1.68  1.556e+4     No
100  1616.0   1621.2  1627.0  810.75      334   35.8   1.00   6.165e+4  1.71  4.170e+3    Yes
101  1627.0   1632.2  1635.0  816.27     1023   11.4   1.29   1.901e+5  1.71  3.812e+3    Yes
102  1635.0   1639.3  1644.0  819.80      671   15.4   1.00   1.252e+5  1.71  3.850e+3    Yes
103  1649.0   1657.1  1665.0  828.72     4922    4.0   1.53   9.266e+5  1.69  1.030e+4    Yes
104  1665.0   1669.8  1673.0  835.05      424   23.4   1.00   8.050e+4  1.73  2.998e+3     No
105  1679.0   1683.1  1686.0  841.72      307   31.3   1.00   5.868e+4  1.74  2.633e+3     No
106  1686.0   1692.2  1696.0  846.26     1223    8.7   1.14   2.349e+5  1.74  4.425e+3     No
107  1713.0   1717.4  1721.0  858.86     1102    9.0   1.00   2.145e+5  1.75  3.551e+3     No
108  1721.0   1724.7  1730.0  862.51      506   18.6   1.00   9.897e+4  1.75  3.120e+3     No
109  1731.0   1734.7  1738.0  867.51      322   27.2   1.00   6.326e+4  1.59  2.426e+3    Yes
110  1737.0   1743.0  1746.0  871.67     2554    4.6   1.00   5.036e+5  1.60  5.278e+3     No
111  1746.0   1749.1  1756.0  874.75      349   28.7   1.00   6.918e+4  1.60  3.494e+3     No
112  1758.0   1763.1  1766.0  881.73      718   14.1   1.25   1.432e+5  1.77  3.066e+3     No
113  1771.0   1775.1  1778.0  887.76      257   33.2   1.00   5.154e+4  1.78  2.203e+3     No
114  1789.0   1798.9  1806.0  899.66     3859    4.4   1.04   7.833e+5  1.69  8.144e+3     No
115  1806.0   1812.0  1816.0  906.19     1508    7.4   1.00   3.083e+5  1.79  3.974e+3     No
116  1821.0   1824.3  1830.0  912.35      206   44.1   1.00   4.246e+4  1.63  2.606e+3     No
117  1858.0   1861.6  1865.0  930.98      164   49.2   1.00   3.442e+4  1.81  2.026e+3     No
118  1879.0   1887.7  1891.0  944.04      326   34.8   1.00   6.945e+4  1.72  3.270e+3     No
119  1895.0   1902.1  1908.0  951.24      741   15.6   1.00   1.587e+5  1.83  3.664e+3     No
120  1925.0   1931.1  1938.0  965.77      296   39.6   1.00   6.442e+4  1.84  3.618e+3     No
121  1940.0   1944.6  1948.0  972.50      443   20.5   1.00   9.693e+4  1.85  2.462e+3     No
122  1965.0   1968.0  1971.0  984.22      453   17.1   1.00   1.003e+5  1.68  1.967e+3     No
123  1974.0   1980.2  1987.0  990.34     1348    9.2   1.00   2.998e+5  1.86  4.445e+3     No
124  2030.0   2033.3  2037.0 1016.91      185   39.9   1.00   4.232e+4  1.71  1.716e+3     No
125  2041.0   2044.7  2049.0 1022.58      302   26.6   1.00   6.941e+4  1.89  1.994e+3     No
126  2053.0   2063.8  2068.0 1032.12     5453    2.7   1.00   1.261e+6  1.76  8.538e+3     No
127  2070.0   2074.8  2080.0 1037.66      186   50.2   1.00   4.327e+4  1.72  2.227e+3     No
128  2084.0   2093.2  2099.0 1046.84     2542    5.3   1.00   5.958e+5  1.91  5.479e+3    Yes
129  2118.0   2122.7  2126.0 1061.60      206   37.8   1.00   4.902e+4  1.74  1.713e+3     No
130  2158.0   2161.7  2166.0 1081.12      186   40.8   1.00   4.517e+4  1.88  1.685e+3     No
131  2178.0   2183.9  2189.0 1092.23      505   18.3   1.00   1.234e+5  1.95  2.468e+3     No
132  2197.0   2200.9  2207.0 1100.72      315   26.2   1.00   7.760e+4  1.95  2.015e+3     No
133  2215.0   2219.5  2223.0 1110.01       99   71.3   1.00   2.474e+4  1.96  1.421e+3     No
134  2253.0   2258.7  2263.0 1129.63      334   24.2   1.00   8.437e+4  1.98  1.947e+3     No
135  2294.0   2300.3  2304.0 1150.42      557   19.0   1.71   1.429e+5  1.99  2.188e+3     No
136  2304.0   2309.3  2315.0 1154.94      361   26.4   1.83   9.298e+4  1.99  2.176e+3     No
137  2339.0   2345.5  2353.0 1173.03      419   25.2   1.15   1.096e+5  2.01  2.638e+3     No
138  2360.0   2367.7  2373.0 1184.18      955   10.6   1.00   2.513e+5  2.02  3.023e+3     No
139  2378.0   2381.1  2385.0 1190.84      218   31.5   1.00   5.771e+4  1.83  1.398e+3     No
140  2388.0   2392.6  2395.0 1196.62      371   20.4   1.00   9.850e+4  2.03  1.548e+3     No
141  2395.0   2400.1  2406.0 1200.36      834    9.5   1.00   2.218e+5  2.03  2.553e+3     No
142  2409.0   2413.0  2415.0 1206.80      101   62.3   1.00   2.714e+4  1.84  1.168e+3    Yes
143  2415.0   2425.6  2431.0 1213.14      396   31.7   1.00   1.062e+5  2.04  3.249e+3     No
144  2434.0   2442.8  2447.0 1221.71     1747    6.2   1.00   4.711e+5  1.85  3.813e+3     No
145  2464.0   2467.4  2470.0 1234.02      205   30.9   1.00   5.585e+4  1.86  1.236e+3     No
146  2512.0   2516.5  2521.0 1258.58      240   31.9   1.00   6.629e+4  1.88  1.728e+3     No
147  2570.0   2575.8  2579.0 1288.23      242   32.1   1.00   6.830e+4  1.90  1.607e+3     No
148  2616.0   2618.6  2621.0 1309.63       77   67.3   1.00   2.208e+4  1.91  8.500e+2     No
149  2680.0   2685.7  2688.0 1343.21      149   44.0   1.00   4.361e+4  1.93  1.270e+3     No
150  2720.0   2725.8  2730.0 1363.26      278   26.7   1.00   8.232e+4  2.15  1.524e+3     No
151  2747.0   2754.5  2759.0 1377.61      625   13.4   1.00   1.864e+5  2.16  2.034e+3     No
152  2792.0   2796.0  2801.0 1398.38      170   39.2   1.02   5.149e+4  1.97  1.268e+3     No
153  2813.0   2815.2  2817.0 1407.97       88   59.0   1.60   2.694e+4  1.98  6.370e+2     No
154  2859.0   2864.8  2868.0 1432.80      382   17.7   1.00   1.183e+5  2.20  1.338e+3     No
155  2874.0   2880.3  2885.0 1440.58      196   36.1   1.00   6.103e+4  2.21  1.345e+3     No
156  2924.0   2931.3  2939.0 1466.08      376   22.4   1.00   1.190e+5  2.22  1.762e+3     No
157  2941.0   2944.9  2949.0 1472.89      114   48.4   1.00   3.637e+4  2.02  8.530e+2     No
158  2983.0   2990.1  2994.0 1495.49     1150    8.4   1.96   3.708e+5  2.24  2.265e+3     No
159  2994.0   3001.1  3007.0 1501.00     1793    4.8   1.00   5.801e+5  2.24  3.064e+3     No
160  3037.0   3042.3  3047.0 1521.59      197   33.6   1.00   6.473e+4  2.26  1.156e+3     No
161  3047.0   3053.8  3059.0 1527.34      766   10.8   1.04   2.523e+5  2.27  1.860e+3     No
162  3062.0   3068.1  3073.0 1534.49      735   10.3   1.00   2.431e+5  2.27  1.670e+3     No
163  3107.0   3114.4  3121.0 1557.67      125   60.3   1.00   4.220e+4  2.29  1.387e+3     No
164  3157.0   3168.9  3177.0 1584.90      944   18.0   3.69   3.218e+5  2.30  2.905e+3     No
165  3182.0   3192.9  3197.0 1596.90     1149    9.1   1.63   3.944e+5  2.31  2.690e+3    Yes
166  3201.0   3208.6  3214.0 1604.75     1626    6.4   1.40   5.610e+5  2.32  2.757e+3     No
167  3269.0   3273.6  3276.0 1637.29       68   72.6   1.00   2.424e+4  2.12  6.930e+2     No
168  3324.0   3328.6  3332.0 1664.81      147   37.6   1.00   5.259e+4  2.13  8.270e+2     No
169  3436.0   3441.5  3448.0 1721.25      369   17.9   1.00   1.363e+5  2.39  1.221e+3     No
170  3461.0   3465.8  3470.0 1733.44      144   35.9   1.00   5.378e+4  2.17  7.680e+2     No
171  3507.0   3511.1  3513.0 1756.07       61   63.7   1.00   2.296e+4  2.19  4.510e+2     No
172  3532.0   3539.7  3544.0 1770.38      277   22.1   1.00   1.051e+5  2.43  1.020e+3     No
173  3559.0   3564.9  3568.0 1782.99      187   27.5   1.00   7.154e+4  2.43  7.250e+2     No
174  3598.0   3602.9  3604.0 1802.03       63   77.2   1.00   2.456e+4  2.21  4.220e+2     No
175  3604.0   3608.7  3613.0 1804.90      131   38.0   1.00   5.081e+4  2.21  6.110e+2     No
176  3643.0   3649.6  3654.0 1825.36      253   21.2   1.00   9.903e+4  2.46  8.130e+2     No
177  3700.0   3705.3  3712.0 1853.24      164   32.6   1.00   6.521e+4  2.48  7.440e+2     No
178  3748.0   3754.9  3761.0 1878.05      103   52.4   1.00   4.146e+4  2.49  7.320e+2     No
179  3770.0   3776.2  3784.0 1888.67      250   23.8   1.00   1.010e+5  2.50  8.940e+2     No
180  3807.0   3820.9  3827.0 1911.05     3612    4.5   4.56   1.472e+6  2.51  4.483e+3     No
181  3837.0   3843.7  3848.0 1922.45      136   36.0   1.00   5.594e+4  2.52  5.990e+2     No
182  3990.0   3997.2  4006.0 1999.22      156   32.5   1.00   6.658e+4  2.57  6.210e+2     No
183  4030.0   4037.5  4041.0 2019.40      336   15.0   1.83   1.446e+5  2.58  6.280e+2     No
184  4074.0   4083.9  4092.0 2042.61      346   18.1   1.00   1.504e+5  2.59  9.460e+2     No

Line   Nuclide   Isotope   Meta      DPM@ZT       DPM@CT        Atoms@ZT       Error      Accept  Comment
   Energy      DPM@ZT             Fraction   Error   StdDev

  1      BE           7            4.4390E+07    4.3930E+07    4.9130E+12       1.10        u      

   477.35      4.4380E+07            1.00     1.10     0.00
  2      MO          99            6.5960E+07    5.3900E+07    3.7650E+11       1.30        u      

   182.21      6.5950E+07            1.00     1.30     0.00
   739.51      4.6120E+06          447.43   100.00   -13.30
  3      RU         103            3.2770E+05    3.2310E+05    2.6720E+10      13.40        u      

   496.32      3.2765E+05            1.00    13.40     0.00
   606.94      2.6253E+07            0.01     2.10    48.10
  4      RU         106            3.9070E+07    3.9010E+07    3.0230E+13       7.20        u      

   621.86      3.9058E+07            0.96     6.90     0.00
  5      CD         115            1.0720E+05    8.3530E+04    4.9590E+08      52.80        u      

   261.49      1.3794E+07            0.01    11.30     8.80
   527.97      1.5757E+05            0.68    56.60     0.60
   336.26      7.3164E+04            1.46   100.00    -0.50
  6      SB         127            6.6160E+06    5.7280E+06    5.2910E+10      14.20        u      

   411.50      6.6147E+06            0.64     8.40     0.00
   444.28      6.6147E+06            0.84    10.50     0.00
   475.72      3.3766E+06            4.30     8.90   -10.80
   604.83      6.6147E+06            0.29     5.60     0.00
   684.50      1.2625E+06           19.78    22.30   -19.00
   783.89      6.6147E+06            0.30    11.60     0.00
  7      I         126            1.7300E+06    1.6580E+06    4.6790E+10       4.60        u      

   388.02      2.6170E+05            8.38    43.90   -12.80
   665.98      1.7298E+06            1.00     4.60     0.00
  8      I         131            1.4460E+05    1.3490E+05    2.4140E+09      23.10        u      

   364.29      1.4455E+05            1.00    23.10     0.00
  9      I         132            1.5260E+05    1.2830E+05    1.0150E+09      31.60        u      

   523.86      2.3996E+06            0.06     7.40    12.70
   667.89      1.5496E+05            0.98    17.90     0.10
   810.75      1.3089E+06            0.12    35.80     2.50
   954.62      8.7777E+04            1.74   100.00    -0.70
  10      XE         135            7.7230E+05    1.7870E+05    6.0840E+08      16.90        u      

   249.10      7.7210E+05            1.00    16.90     0.00
   606.94      6.1864E+07            0.00     2.10    48.10
  11      CS         136            1.3100E+05    1.2560E+05    3.5800E+09      15.40        u      

   155.50      2.3490E+05            0.02     6.90     6.40
   276.01      9.0261E+05            0.06    11.70     7.30
   819.80      1.3093E+05            1.00    15.40     0.00
  1046.80      3.4340E+05            0.17     5.40    11.60
  12      LA         140            6.4870E+05    4.6600E+05    2.2610E+09      16.80        u      

   329.19      7.7228E+04            0.61    27.60   -26.80
   432.66      1.8981E+07            0.03     7.60    12.80
   487.05      5.9930E+05            1.08    13.50    -0.60
   816.27      1.1212E+06            0.58    11.40     3.70
   867.51      1.5750E+06            0.41    27.20     2.20
  1596.90      5.7550E+05            1.13     9.10    -1.40
  13      W         187            2.8300E+06    1.6200E+06    5.8520E+09       9.40        u      

   130.77      2.8289E+06            0.07     2.20     0.00
   479.42      2.8289E+06            1.00     9.40     0.00
   618.21      8.8176E+06            0.14     3.50    19.60
   621.86      2.8289E+06            0.04     6.90     0.00
   684.50      5.3995E+05            4.19    22.30   -19.00
  14      AU         198            1.5360E+05    1.2500E+05    8.5930E+08      36.70        u      

   411.50      1.5354E+05            0.36     8.40     0.00
  15      TL         200            1.5130E+05    9.0790E+04    3.4160E+08      62.30        u      

   828.72      4.0468E+06            0.01     4.00    24.40
  1206.80      1.5127E+05            1.00    62.30     0.00
  16      PB         212            5.4480E+08    1.5570E+08    5.0160E+11       6.50        u      

   300.10      4.8980E+08            1.22     1.10   -10.20
   783.89      5.4468E+08            0.70    11.60     0.00
   727.25      4.4284E+07          782.88   100.00   -11.30
  17      TH         227            7.4070E+07    7.1900E+07    2.8800E+12       9.30        u      

   155.50      1.3284E+08            0.42     6.90     6.40
   268.16      7.2274E+07            1.02     8.60    -0.30
   339.12      1.0085E+08            0.73    24.10     1.10
   444.28      7.4049E+07            0.16    10.50     0.00
  18      TH         228            1.6910E+09    1.4970E+09    2.4540E+15       2.50        u      

   130.77      1.6904E+09            0.93     2.20     0.00
   216.84      4.4850E+08           14.93    16.80   -16.50
  19      U         237            5.5990E+06    5.1570E+06    7.8490E+10       4.20        u      

    58.33      5.3607E+06            1.03     6.30    -0.70
    97.22      2.7492E+06            3.70    10.00   -10.30
   206.52      5.6586E+06            0.80     2.80     0.40
  20      NP         239            1.0030E+07    7.9240E+06    4.9060E+10       4.00        u      

   206.52      1.0138E+07            0.19     2.80     0.40
   228.53      8.0324E+05           21.97    71.50   -16.10
   278.87      1.0006E+07            1.00     2.90    -0.10


Page:5                 anlresprint.php, Ver 1.4, 25FEB2011                 Printed:Oct 17 2018 17:22:22
==============================================================================================================
SN:290_024.18 Shot: 1139 Jug: 057 Mass: 190 Ctr:  76 ROT: 290.4112 ZT: 289.5990(2018) CT: 290.3888 CL:    30
NCHAN:4096   Live:    30.0   True:    32.2   Delta: 0.8010   Rate:331871   Gain: 0.50021   Zero: -0.17000
Type:  3  User: 76  Gain:  0  Pos:  4  Shelf: 18   LP Prog/Yr/Seq:0/0/0  Timestamp: 2018-10-17 09:54:02.0
Count acc/rej: default    QAStatus: pending    QA'd by: 00    QA Time:     QA Comm:  
--------------------------------------------------------------------------------------------------------------

Line number        Energy      Efficiency      Uncertainty
        0           59.54      2.3590E-04       0.0000E+00  
        1           88.03      6.3360E-04       0.0000E+00  
        2          122.07      7.9810E-04       0.0000E+00  
        3          165.85      7.8760E-04       0.0000E+00  
        4          391.71      3.6760E-04       0.0000E+00  
        5          661.64      2.2470E-04       0.0000E+00  
        6          898.04      1.7000E-04       0.0000E+00  
        7        1,173.21      1.3190E-04       0.0000E+00  
        8        1,332.46      1.1930E-04       0.0000E+00  
        9        1,836.13      8.7800E-05       0.0000E+00  

Shape Number      Value
       0         2.5200E-01
       1         2.7880E-03
       2        -2.7670E+00
       3         2.4430E-03
       4         1.0500E+00
       5         5.0000E-01
       6         1.5820E-07


End of Printout.               anlresprint.php, Ver 1.4, 25FEB2011              Printed: Oct 17 2018 17:22:22
==============================================================================================================
