
Page: 1                 anlresprint.php, Ver 1.4, 25FEB2011                 Printed: Oct 17 2018 17:23:00
==============================================================================================================
SN:290_030.18 Shot: 1139 Jug: 057 Mass: 561 Ctr:  76 ROT: 290.5104 ZT: 289.5990(2018) CT: 290.4868 CL:    30
NCHAN:4096   Live:    30.0   True:    33.9   Delta: 0.8996   Rate:599503   Gain: 0.50021   Zero: -0.17000
Type:  3  User: 76  Gain:  0  Pos:  8  Shelf: 16   LP Prog/Yr/Seq:0/0/0  Timestamp: 2018-10-17 12:17:02.0
Count acc/rej: default    QAStatus: pending    QA'd by: 00    QA Time:     QA Comm:  
--------------------------------------------------------------------------------------------------------------

==============================================================================================================
Analysis Results:

Analysis Code: raygun  Peaks: 72  Overall QA:    0.00  Library: 9  CD: 71  Timestamp:2018-10-17 12:17:02.0 
Analysis ZT: 289.5990      AnalysisZY: 2018     Original: Yes     Comment: 

Peak    Start    Centroid     End     Energy     NetArea     Error    Gammas/Min    Identified
  1     142.0     145.9     148.0      72.83        3205       9.0    1.3520E+05         No
  2     148.0     150.1     152.0      74.90        5979       5.1    2.3490E+05        Yes
  3     167.0     169.9     172.0      84.83        3748      11.5    1.0740E+05         No
  4     172.0     174.1     176.0      86.92       11802       4.0    3.1770E+05         No
  5     176.0     177.7     181.0      88.70       15012       3.2    3.8910E+05         No
  6     232.0     239.1     243.0     119.43       58238       1.1    1.2130E+06         No
  7     261.0     266.1     270.0     132.92        7306       9.2    1.5160E+05        Yes
  8     337.0     338.5     339.0     169.16        1510      20.1    3.2990E+04         No
  9     355.0     356.3     359.0     178.05        2804      20.8    6.4140E+04         No
 10     409.0     413.1     418.0     206.47      226456       0.3    5.9190E+06         No
 11     505.0     508.8     511.0     254.33       33201       1.2    1.0470E+06         No
 12     524.0     531.2     541.0     265.54      981655       0.2    3.2190E+07         No
 13     551.0     552.1     553.0     275.99        4979       5.3    1.6910E+05         No
 14     594.0     600.2     614.0     300.06      492937       0.2    1.8050E+07        Yes
 15     655.0     657.6     660.0     328.77        3137       8.6    1.2470E+05        Yes
 16     756.0     759.8     762.0     379.90       22549       1.4    1.0210E+06         No
 17     772.0     775.9     778.0     387.94        7936       3.1    3.6630E+05        Yes
 18     793.0     796.2     798.0     398.08        7190       3.8    3.3990E+05         No
 19     798.0     799.9     804.0     399.97        4147       6.0    1.9690E+05         No
 20     889.0     894.4     899.0     447.23        3608       5.1    1.9040E+05         No
 21     916.0     918.2     920.0     459.14        1193      12.6    6.4570E+04        Yes
 22     928.0     930.4     933.0     465.23        1095      15.7    6.0010E+04         No
 23     954.0     961.1     964.0     480.60       22100       1.5    1.2480E+06         No
 24     964.0     967.2     972.0     483.62       23990       1.4    1.3630E+06         No
 25     972.0     974.0     978.0     487.03        4834       4.5    2.7650E+05        Yes
 26    1005.0    1022.1    1031.0     511.07      423404       0.4    2.5350E+07         No
 27    1031.0    1036.1    1043.0     518.12      254795       0.5    1.5450E+07         No
 28    1055.0    1057.1    1061.0     528.62        1165      13.2    7.1990E+04        Yes
 29    1089.0    1092.1    1095.0     546.12        6912       2.8    4.4050E+05         No
 30    1122.0    1126.2    1130.0     563.15        2023       7.9    1.3280E+05         No
 31    1130.0    1133.9    1137.0     567.02        5924       3.6    3.9120E+05         No
 32    1137.0    1144.8    1150.0     572.46      108188       0.6    7.2100E+06         No
 33    1150.0    1154.2    1164.0     577.19       52487       0.9    3.5250E+06         No
 34    1173.0    1175.9    1178.0     588.01        1180      10.1    8.0640E+04         No
 35    1202.0    1213.7    1226.0     606.96      220994       0.4    1.5560E+07         No
 36    1241.0    1243.9    1249.0     622.05        3830       4.4    2.7610E+05        Yes
 37    1324.0    1331.8    1339.0     666.03       28385       1.2    2.1820E+06        Yes
 38    1364.0    1368.8    1372.0     684.53        3056       4.4    2.4090E+05        Yes
 39    1433.0    1437.8    1442.0     719.05        3401       3.9    2.8040E+05         No
 40    1452.0    1456.8    1460.0     728.54         942      12.7    7.8640E+04         No
 41    1540.0    1547.9    1552.0     774.12        3643       4.6    3.2140E+05        Yes
 42    1552.0    1556.0    1559.0     778.15        2914       4.8    2.5830E+05         No
 43    1559.0    1567.3    1578.0     783.81       79604       0.7    7.1040E+06        Yes
 44    1627.0    1631.8    1636.0     816.06        1535       6.2    1.4220E+05        Yes
 45    1647.0    1657.0    1667.0     828.68       37580       1.0    3.5290E+06         No
 46    1667.0    1670.0    1672.0     835.20         902       9.3    8.5280E+04         No
 47    1687.0    1690.2    1693.0     845.28         932       9.1    8.9100E+04         No
 48    1732.0    1742.9    1747.0     871.67       22433       1.4    2.2070E+06         No
 49    1747.0    1749.2    1754.0     874.78        1918       5.7    1.8930E+05         No
 50    1787.0    1789.8    1792.0     895.13         291      19.7    2.9380E+04         No
 51    1804.0    1812.0    1818.0     906.20       10325       2.0    1.0530E+06         No
 52    1849.0    1850.2    1852.0     925.32         261      16.7    2.7180E+04        Yes
 53    1925.0    1930.0    1935.0     965.22        2092       5.2    2.2670E+05         No
 54    1966.0    1968.7    1973.0     984.58         385      15.5    4.2490E+04         No
 55    2101.0    2103.8    2106.0    1052.19         324      15.6    3.8180E+04         No
 56    2276.0    2279.2    2281.0    1139.91         384      12.5    4.8840E+04         No
 57    2294.0    2299.3    2305.0    1149.96        3150       3.9    4.0370E+05         No
 58    2337.0    2342.8    2346.0    1171.74         993       7.8    1.2950E+05         No
 59    2346.0    2348.0    2351.0    1174.32        1005       7.7    1.3140E+05         No
 60    2356.0    2359.9    2362.0    1180.28         240      23.8    3.1460E+04         No
 61    2362.0    2368.4    2376.0    1184.53        5227       2.9    6.8850E+05         No
 62    2420.0    2428.8    2433.0    1214.76         578      11.9    7.7700E+04         No
 63    2459.0    2466.7    2470.0    1233.69         457      12.1    6.2280E+04         No
 64    2592.0    2598.9    2601.0    1299.83         331      13.5    4.7190E+04         No
 65    2873.0    2878.9    2884.0    1439.91         227      19.2    3.5560E+04         No
 66    2926.0    2933.9    2939.0    1467.38         858       7.8    1.3690E+05         No
 67    2999.0    3002.4    3007.0    1501.66         184      18.6    3.0080E+04         No
 68    3104.0    3110.1    3114.0    1555.52         207      17.1    3.4900E+04         No
 69    3116.0    3121.6    3126.0    1561.28         271      13.0    4.5880E+04         No
 70    3183.0    3192.9    3200.0    1596.93        3226       4.1    5.5800E+05        Yes
 71    3460.0    3464.1    3466.0    1732.61         112      22.2    2.1010E+04         No
 72    3527.0    3535.8    3540.0    1768.46         398      12.6    7.6010E+04         No

Line   Nuclide   Isotope   Meta      DPM@ZT       DPM@CT        Atoms@ZT       Error      Accept  Comment
   Energy      DPM@ZT             Fraction   Error   StdDev

  1      RU         106            2.7800E+06    2.7800E+06    1.8550E+17       4.60        u      

   622.00      2.7800E+06            1.00     4.50     0.00
  2      CD         115            1.9610E+05    1.4830E+05    9.0760E+08      16.50        u      

   529.00      3.4630E+05            1.00    13.20     0.00
   336.00      4.5840E+04           -1.00     0.00     0.00
  3      SB         127            7.0490E+05    5.9950E+05    5.6370E+09       4.50        u      

   685.00      8.0250E+05            1.00     4.50     0.00
   784.00      5.7610E+07            1.00     1.20     0.00
   474.00      6.4040E+04           -1.00     0.00     0.00
  4      TE         129            8.5440E+05    8.3860E+05    5.9620E+10      12.60        u      

   459.00      8.5430E+05            1.00    12.60     0.00
   487.00      9.4340E+05            0.05     4.60     0.00
  5      I         126            1.6640E+06    1.5860E+06    4.5000E+10       2.10        u      

   388.00      1.1270E+06            1.00     3.20     0.00
   666.00      6.9160E+06            1.00     1.50     0.00
  6      LA         140            8.3430E+05    5.7540E+05    2.9080E+09       2.70        u      

   329.00      8.7370E+05            1.00     8.60     0.00
   487.00      8.3580E+05            0.96     4.60     0.00
   816.00      8.7340E+05            1.00     6.20     0.00
   925.00      5.6060E+05            1.00    16.60     0.00
  1597.00      8.4810E+05            1.00     4.20     0.00
  7      CE         144            1.3690E+06    1.3660E+06    8.1020E+11       9.30        u      

   133.00      1.3690E+06            1.00     9.20     0.00
  8      TB         161            2.4870E+06    2.2730E+06    3.5700E+10       5.40        u      

    75.00      2.6240E+06            1.00     5.10     0.00
    49.00      5.2490E+05           -1.00     0.00     0.00
    57.00      3.4380E+06           -1.00     0.00     0.00
  9      W         187            1.5100E+07    8.0760E+06    3.1240E+10       4.80        u      

   774.00      1.5100E+07            1.00     4.70     0.00
  10      PA         231            1.7090E+09    7.5840E+08    4.2490E+19       1.00        u      

   300.00      1.7090E+09            1.00     1.00     0.00
  11      AC         227            2.6240E+10    2.6230E+10    4.3330E+17       1.00        u      

   300.00      2.6240E+10            1.00     1.00     0.00


Page:2                 anlresprint.php, Ver 1.4, 25FEB2011                 Printed:Oct 17 2018 17:23:01
==============================================================================================================
SN:290_030.18 Shot: 1139 Jug: 057 Mass: 561 Ctr:  76 ROT: 290.5104 ZT: 289.5990(2018) CT: 290.4868 CL:    30
NCHAN:4096   Live:    30.0   True:    33.9   Delta: 0.8996   Rate:599503   Gain: 0.50021   Zero: -0.17000
Type:  3  User: 76  Gain:  0  Pos:  8  Shelf: 16   LP Prog/Yr/Seq:0/0/0  Timestamp: 2018-10-17 12:17:02.0
Count acc/rej: default    QAStatus: pending    QA'd by: 00    QA Time:     QA Comm:  
--------------------------------------------------------------------------------------------------------------

==============================================================================================================
Analysis Results:

Analysis Code: specanl  Peaks: 81  Overall QA:    0.00  Library: 9  CD: 71  Timestamp:2018-10-17 12:17:02.0 
Analysis ZT: 289.5990      AnalysisZY: 2018     Original: Yes     Comment: 

Peak   Centroid    Energy     NetArea     Error     QFit    Gammas/Min      FWHM    Identified
  1     117.80      58.75        1273      27.8      1.0    9.2685E+04      1.20       Yes
  2     145.85      72.78        3477       8.7      1.0    1.4696E+05      0.90        No
  3     150.12      74.92        6414       4.8      1.0    2.5187E+05      0.90       Yes
  4     169.65      84.69       29807      11.0     40.1    8.5724E+05      0.78       Yes
  5     239.12     119.44       62977       1.0    112.3    1.3113E+06      1.07        No
  6     265.69     132.73       23747       8.3      4.9    4.9276E+05      4.01        No
  7     294.16     146.97        3263      45.9      1.4    6.8742E+04      4.35       Yes
  8     324.82     162.31        1747      20.2      1.0    3.7357E+04      0.83       Yes
  9     338.52     169.16        2244      14.7      1.0    4.9005E+04      0.80        No
 10     357.43     178.62        4007      19.1      1.1    9.1912E+04      2.00        No
 11     401.59     200.71        1293      15.8      1.0    3.2939E+04      0.59       Yes
 12     413.16     206.50      235896       0.2     10.5    6.1670E+06      1.03        No
 13     442.11     220.98        1289      21.1      1.0    3.5821E+04      0.95        No
 14     508.73     254.30       34746       1.1      1.0    1.0959E+06      1.07       Yes
 15     531.27     265.58      989768       0.1    131.8    3.2464E+07      1.09        No
 16     552.13     276.01        6121       4.7      1.5    2.0786E+05      1.04        No
 17     600.26     300.09      484456       0.2     29.4    1.7740E+07      1.13       Yes
 18     657.54     328.74        3603       8.2      1.0    1.4322E+05      1.23       Yes
 19     686.16     343.05        1583      16.8      1.0    6.5395E+04      1.09        No
 20     759.79     379.89       24994       1.3      1.0    1.1320E+06      1.23        No
 21     775.88     387.93        8739       2.8      1.0    4.0335E+05      1.23        No
 22     796.33     398.16       12592       3.1     92.6    5.9544E+05      1.22       Yes
 23     866.21     433.11         583      43.7      1.0    2.9843E+04      1.98       Yes
 24     894.42     447.23        4266       4.2      1.0    2.2515E+05      1.24        No
 25     918.24     459.14        1238      11.6      1.0    6.6978E+04      1.14       Yes
 26     930.64     465.35        1725      13.3      1.0    9.4543E+04      1.62        No
 27     961.21     480.64       21265       1.2      7.2    1.2013E+06      1.34        No
 28     967.30     483.69       24253       1.1     12.0    1.3784E+06      1.34        No
 29     974.02     487.05        4996       3.7     10.7    2.8579E+05      1.34       Yes
 30     992.04     496.06         536      28.9      1.0    3.1215E+04      1.29        No
 31    1022.10     511.09      538050       0.3    356.0    3.2213E+07      2.62       Yes
 32    1036.09     518.09      139178       0.8   6041.1    8.4404E+06      2.62        No
 33    1057.03     528.57        1178      12.8      1.0    7.2815E+04      1.36        No
 34    1092.17     546.14        7122       2.5      1.0    4.5401E+05      1.37        No
 35    1126.16     563.14        1631       8.3      1.0    1.0705E+05      1.28       Yes
 36    1133.86     567.00        4902       3.4      1.0    3.2372E+05      1.28        No
 37    1144.73     572.44      106137       0.5      3.6    7.0729E+06      1.40        No
 38    1154.37     577.26       52093       0.6      1.3    3.4991E+06      1.40        No
 39    1175.89     588.02        1461       8.9      1.0    9.9880E+04      1.26        No
 40    1213.60     606.89      220746       0.4    481.1    1.5546E+07      1.60        No
 41    1243.95     622.06        3960       4.1      1.0    2.8544E+05      1.47       Yes
 42    1331.83     666.02       28527       1.1      3.4    2.1931E+06      1.54       Yes
 43    1368.90     684.57        3319       4.2      1.0    2.6167E+05      1.48        No
 44    1437.81     719.04        3677       3.7      2.2    3.0326E+05      1.51        No
 45    1456.26     728.26        1038      12.5      1.0    8.6620E+04      2.13        No
 46    1477.24     738.76         427      16.3      1.3    3.6065E+04      1.25        No
 47    1547.86     774.08        2783       4.8      1.0    2.4552E+05      1.70       Yes
 48    1555.99     778.15        2043       5.0      1.0    1.8114E+05      1.42       Yes
 49    1567.46     783.89       77999       0.5      8.8    6.9618E+06      1.60        No
 50    1631.77     816.06        1606       6.2      1.1    1.4873E+05      1.52       Yes
 51    1657.04     828.70       37106       0.9      1.7    3.4850E+06      1.62       Yes
 52    1670.13     835.24         918       9.7      1.0    8.6808E+04      1.62        No
 53    1690.30     845.34         943       8.3      1.0    9.0199E+04      1.58        No
 54    1743.02     871.70       24473       1.3     13.9    2.4075E+06      1.74        No
 55    1812.00     906.21       10453       1.9      1.0    1.0659E+06      1.71        No
 56    1850.70     925.57         465      16.2      1.4    4.8406E+04      1.49       Yes
 57    1867.63     934.04         283      27.4      1.0    2.9710E+04      2.37       Yes
 58    1930.06     965.27        2544       4.6      1.0    2.7561E+05      1.92       Yes
 59    1968.83     984.66         390      14.7      1.0    4.3069E+04      1.56        No
 60    2076.96    1038.75         166      25.2      1.0    1.9347E+04      1.13        No
 61    2104.11    1052.33         328      15.4      1.1    3.8664E+04      1.71        No
 62    2203.38    1101.98         158      30.8      1.0    1.9492E+04      2.36        No
 63    2279.33    1139.97         443      10.5      1.0    5.6286E+04      1.62        No
 64    2299.54    1150.08        3251       3.8      1.0    4.1675E+05      1.89        No
 65    2342.79    1171.72        1015       7.6      1.0    1.3242E+05      1.93        No
 66    2348.09    1174.37        1033       7.4      1.0    1.3509E+05      1.93        No
 67    2368.61    1184.63        5094       3.0      1.6    6.7101E+05      1.80        No
 68    2428.14    1214.41         538      12.9      1.2    7.2311E+04      2.32        No
 69    2466.49    1233.59         504      11.1      1.0    6.8727E+04      1.91        No
 70    2598.76    1299.76         328      13.3      1.0    4.6632E+04      1.67        No
 71    2785.37    1393.10          54      26.6     16.6    8.1389E+03      2.06        No
 72    2849.21    1425.03         123      27.0      1.0    1.9135E+04      1.86        No
 73    2879.41    1440.14         247      19.2      1.0    3.8660E+04      2.62        No
 74    2934.49    1467.69         827       7.7      1.4    1.3197E+05      1.83        No
 75    2968.04    1484.47          99      29.8      1.0    1.6004E+04      2.14        No
 76    3003.59    1502.26         161      23.9      1.0    2.6245E+04      1.86        No
 77    3110.79    1555.88         206      19.6      1.0    3.4673E+04      1.75        No
 78    3121.53    1561.25         268      12.9      2.0    4.5296E+04      2.17        No
 79    3193.33    1597.17        3190       4.2      2.8    5.5177E+05      2.04       Yes
 80    3465.54    1733.33         143      23.1      1.0    2.6724E+04      2.03        No
 81    3534.95    1768.05         390      14.0      1.3    7.4402E+04      2.19        No

Line   Nuclide   Isotope   Meta      DPM@ZT       DPM@CT        Atoms@ZT       Error      Accept  Comment
   Energy      DPM@ZT             Fraction   Error   StdDev

  1      ZR          97            2.1250E+08    8.7670E+07    3.1090E+11       1.20        u      

   254.30      2.1250E+08            1.00     1.20     0.00
  2      MO          99            5.2250E+06    4.1640E+06    2.9830E+10       5.00        u      

   778.15      5.2250E+06            1.00     5.00     0.00
  3      RU         106            2.8740E+06    2.8740E+06    1.9180E+17       4.10        u      

   622.06      2.8740E+06            1.00     4.10     0.00
  4      CD         115       M    1.5060E+06    1.4850E+06    1.3960E+11      27.40        u      

   934.04      1.5060E+06            1.00    27.40     0.00
  5      TE         129            8.8610E+05    8.6980E+05    6.1860E+10      11.60        u      

   459.14      8.8610E+05            1.00    11.60     0.00
  6      TE         131       M    1.0040E+06    6.0950E+05    2.6060E+09      21.10        u      

   200.71      7.1940E+05            1.40    15.80    -1.00
   774.08      1.0610E+06            0.95     4.80     0.20
  7      I         126            6.9510E+06    6.6260E+06    1.8800E+11       1.20        u      

   666.02      6.9510E+06            1.00     1.20     0.00
  8      CS         134            1.2780E+06    1.2770E+06    2.0000E+12       8.30        u      

   563.14      1.2780E+06            1.00     8.30     0.00
  9      BA         140            6.3170E+05    6.0160E+05    1.6730E+10      20.30        u      

   162.31      6.3170E+05            1.00    20.30     0.00
  10      LA         140            8.9020E+05    6.1390E+05    3.1030E+09      46.10        u      

   328.74      1.0030E+06            0.89     8.20     0.40
   433.11      1.4470E+06            0.62    43.70     0.60
   487.05      9.0280E+05            0.99     3.80     0.10
   816.06      9.1380E+05            0.97     6.20     0.10
   925.57      9.9850E+05            0.89    16.20     0.30
  1597.17      8.3870E+05            1.06     4.30    -0.30
  11      TB         161            2.8130E+06    2.5700E+06    4.0380E+10       4.80        u      

    74.92      2.8130E+06            1.00     4.80     0.00
  12      TL         200            5.7270E+07    3.2270E+07    1.2930E+11       1.00        u      

   828.70      5.7270E+07            1.00     1.00     0.00
  13      BI         212            4.1060E+14    1.4910E+08    3.5870E+16       0.60        u      

   300.09      1.4620E+15            0.28     0.50     0.00
   511.09      4.1060E+14            1.00     0.60     0.00
  14      AC         227            1.4040E+10    1.4040E+10    2.3190E+17      46.40        u      

   146.97      8.2830E+08            0.56    45.90     0.70
   300.09      8.4480E+08            0.54     0.50     0.00
  15      TH         228            4.8100E+06    4.3870E+06    6.9820E+12      24.00        u      

    84.69      7.7680E+07            0.07    11.00     2.80
   965.27      5.2100E+06            1.01     4.70    -0.10
  16      TH         232            4.8780E+07    4.8780E+07    5.2010E+23      27.80        u      

    58.75      4.8780E+07            1.00    27.80     0.00
  17      PA         233            5.1190E+07    5.0020E+07    2.8710E+12       3.10        u      

   300.09      2.9280E+08            0.17     0.50     0.00
   398.16      5.1210E+07            1.00     3.10     0.00


Page:3                 anlresprint.php, Ver 1.4, 25FEB2011                 Printed:Oct 17 2018 17:23:02
==============================================================================================================
SN:290_030.18 Shot: 1139 Jug: 057 Mass: 561 Ctr:  76 ROT: 290.5104 ZT: 289.5990(2018) CT: 290.4868 CL:    30
NCHAN:4096   Live:    30.0   True:    33.9   Delta: 0.8996   Rate:599503   Gain: 0.50021   Zero: -0.17000
Type:  3  User: 76  Gain:  0  Pos:  8  Shelf: 16   LP Prog/Yr/Seq:0/0/0  Timestamp: 2018-10-17 12:17:02.0
Count acc/rej: default    QAStatus: pending    QA'd by: 00    QA Time:     QA Comm:  
--------------------------------------------------------------------------------------------------------------

==============================================================================================================
Analysis Results:

Analysis Code: unisampo  Peaks: 82  Overall QA:    0.00  Library: 9  CD: 71  Timestamp:2018-10-17 12:17:03.0 
Analysis ZT: 289.5990      AnalysisZY: 2018     Original: Yes     Comment: 

Peak  Start Centroid     End  Energy  NetArea  Error   Qfit Gammas/Min  FWHM  Integral Identified
  1   134.0    145.8   161.0   72.78     2836    8.4   1.49   1.095e+5  0.77  5.684e+4     No
  2   134.0    150.1   161.0   74.93     5169    4.7   1.49   1.853e+5  0.77  5.962e+4     No
  3   159.0    174.1   188.0   86.90     9216    2.9   5.98   2.268e+5  0.79  7.014e+4     No
  4   159.0    177.5   188.0   88.62    13029    2.2   5.98   3.087e+5  0.80  7.504e+4     No
  5   221.0    236.3   252.0  118.02    13312    2.4   9.19   2.554e+5  0.84  1.026e+5     No
  6   221.0    239.2   252.0  119.47    41627    0.9   9.19   7.915e+5  0.84  1.321e+5     No
  7   249.0    266.1   283.0  132.96     6886    4.7  14.21   1.305e+5  0.86  1.072e+5    Yes
  8   331.0    338.5   347.0  169.13     1314   24.1   3.66   2.621e+4  0.91  8.952e+4     No
  9   399.0    413.1   431.0  206.49   223155    0.2  20.72   5.328e+6  0.97  2.930e+5     No
 10   431.0    442.2   454.0  221.05     1101   22.7   1.77   2.795e+4  0.99  5.839e+4     No
 11   499.0    508.6   525.0  254.25    32638    0.9   6.22   9.401e+5  1.03  8.243e+4     No
 12   513.0    531.3   551.0  265.58   944955    0.1  94.73   2.831e+7  1.04  9.949e+5     No
 13   513.0    535.4   551.0  267.64    26935    1.1  94.73   8.126e+5  1.05  7.646e+4     No
 14   540.0    552.1   571.0  276.02     5402    4.4   3.22   1.676e+5  1.06  5.141e+4     No
 15   582.0    600.2   623.0  300.08   475589    0.2  21.17   1.591e+7  1.09  5.178e+5     No
 16   582.0    602.8   623.0  301.35     9848    2.8  21.17   3.306e+5  1.09  5.188e+4     No
 17   642.0    657.5   679.0  328.73     3279    6.2   1.35   1.191e+5  1.12  3.940e+4    Yes
 18   673.0    686.2   708.0  343.10     1047   18.0   1.89   3.951e+4  1.14  3.262e+4     No
 19   744.0    759.8   774.0  379.88    22918    1.0   3.59   9.481e+5  1.18  4.666e+4     No
 20   762.0    775.9   795.0  387.94     8018    2.3  11.76   3.380e+5  1.19  3.087e+4     No
 21   781.0    796.2   819.0  398.11     6978    2.5   1.14   3.013e+5  1.21  2.778e+4     No
 22   781.0    800.2   819.0  400.11     4013    4.1   1.14   1.741e+5  1.21  2.444e+4     No
 23   879.0    894.4   912.0  447.23     3997    3.6   1.13   1.926e+5  1.26  1.806e+4     No
 24   903.0    918.2   930.0  459.13     1230   10.5   2.38   6.076e+4  1.28  1.470e+4    Yes
 25   919.0    930.6   952.0  465.35     1065   11.9   2.15   5.331e+4  1.28  1.422e+4     No
 26   940.0    961.2   992.0  480.63    21410    0.9   7.66   1.105e+6  1.30  3.404e+4     No
 27   940.0    967.3   992.0  483.68    23808    0.8   7.66   1.236e+6  1.30  3.636e+4     No
 28   940.0    974.0   992.0  487.04     4732    2.9   7.66   2.473e+5  1.31  1.720e+4    Yes
 29   995.0   1022.0  1033.0  511.02   481915    0.2  74.34   2.635e+7  2.69  5.199e+5     No
 30  1030.0   1036.2  1057.0  518.15   157229    0.3  55.41   8.710e+6  1.34  1.717e+5     No
 31  1046.0   1057.0  1084.0  528.57     1247    9.4   1.83   7.039e+4  1.35  1.167e+4     No
 32  1075.0   1092.1  1109.0  546.12     7206    1.9   1.33   4.195e+5  1.37  1.620e+4     No
 33  1107.0   1126.2  1140.0  563.16     1576    7.3   2.69   9.443e+4  1.39  1.093e+4     No
 34  1107.0   1133.9  1140.0  567.01     5206    2.8   2.69   3.140e+5  1.39  1.489e+4     No
 35  1136.0   1144.7  1175.0  572.44   106505    0.3  16.37   6.483e+6  1.40  1.159e+5     No
 36  1136.0   1154.4  1175.0  577.26    52437    0.5  16.37   3.217e+6  1.40  6.168e+4     No
 37  1161.0   1175.8  1192.0  588.00     1380    7.7   1.07   8.617e+4  1.42  9.842e+3     No
 38  1185.0   1213.8  1233.0  607.01   190589    0.2 438.63   1.226e+7  1.44  1.994e+5     No
 39  1228.0   1243.9  1263.0  622.07     3840    2.9   1.56   2.529e+5  1.45  1.078e+4    Yes
 40  1310.0   1331.9  1358.0  666.05    28110    0.7   3.52   1.974e+6  1.50  3.302e+4     No
 41  1350.0   1368.9  1387.0  684.58     3291    2.8   0.78   2.370e+5  1.52  7.482e+3     No
 42  1419.0   1437.8  1455.0  719.06     3284    2.7   2.79   2.473e+5  1.55  6.540e+3     No
 43  1441.0   1456.5  1477.0  728.39      795    8.3   2.30   6.059e+4  1.56  3.793e+3     No
 44  1460.0   1477.2  1496.0  738.74      362   16.7   1.08   2.799e+4  1.57  3.115e+3     No
 45  1524.0   1547.9  1599.0  774.11     3080    2.6  10.69   2.482e+5  1.61  5.688e+3     No
 46  1524.0   1556.0  1599.0  778.16     3008    2.6  10.69   2.436e+5  1.61  5.575e+3     No
 47  1524.0   1567.4  1599.0  783.88    78520    0.4  10.69   6.401e+6  1.62  8.103e+4     No
 48  1609.0   1631.7  1648.0  816.04     1575    4.1   1.61   1.333e+5  1.65  3.556e+3    Yes
 49  1634.0   1657.0  1669.0  828.68    36349    0.6  11.10   3.118e+6  1.66  3.863e+4     No
 50  1661.0   1670.1  1689.0  835.23      777    8.4   7.75   6.713e+4  1.67  3.041e+3     No
 51  1672.0   1690.2  1709.0  845.31      917    6.1   2.37   8.007e+4  1.68  2.636e+3     No
 52  1716.0   1743.0  1770.0  871.69    21973    0.7   2.20   1.974e+6  1.71  2.352e+4     No
 53  1716.0   1749.3  1770.0  874.84     2069    3.1   2.20   1.865e+5  1.71  3.597e+3     No
 54  1790.0   1812.0  1832.0  906.21    10438    1.1   3.11   9.723e+5  1.74  1.180e+4     No
 55  1829.0   1850.6  1858.0  925.54      358   13.5   2.09   3.404e+4  1.76  1.601e+3    Yes
 56  1907.0   1930.0  1946.0  965.23     2252    2.7   1.59   2.229e+5  1.80  3.274e+3     No
 57  1948.0   1968.7  1986.0  984.58      406    9.8   1.40   4.091e+4  1.81  1.315e+3     No
 58  2054.0   2076.7  2103.0 1038.64      159   19.8   1.43   1.691e+4  1.87  8.420e+2     No
 59  2083.0   2104.1  2125.0 1052.34      336   10.0   1.06   3.609e+4  1.88  9.420e+2     No
 60  2257.0   2279.2  2295.0 1139.91      421    7.9   1.74   4.885e+4  1.96  8.890e+2     No
 61  2281.0   2299.4  2309.0 1150.03     3277    2.0   2.40   3.836e+5  1.97  3.716e+3     No
 62  2317.0   2342.7  2359.0 1171.69      925    4.6   1.77   1.103e+5  1.99  1.398e+3     No
 63  2317.0   2347.9  2359.0 1174.30      965    4.6   1.77   1.153e+5  1.99  1.453e+3     No
 64  2351.0   2368.4  2393.0 1184.56     5335    1.5   2.82   6.419e+5  2.00  5.818e+3     No
 65  2399.0   2428.4  2451.0 1214.57      505    6.4   1.01   6.201e+4  2.03  8.910e+2     No
 66  2442.0   2466.4  2490.0 1233.56      489    6.5   0.71   6.089e+4  2.05  8.530e+2     No
 67  2576.0   2598.4  2621.0 1299.60      337    8.4   0.94   4.385e+4  2.11  6.490e+2     No
 68  2760.0   2784.8  2807.0 1392.83       73   27.6   0.76   1.011e+4  2.19  2.850e+2     No
 69  2822.0   2848.8  2875.0 1424.83      134   14.5   0.91   1.900e+4  2.22  3.240e+2     No
 70  2854.0   2879.3  2905.0 1440.09      215    9.9   1.09   3.076e+4  2.23  3.940e+2     No
 71  2908.0   2934.1  2961.0 1467.49      867    3.9   1.22   1.262e+5  2.25  1.017e+3     No
 72  2945.0   2967.8  2992.0 1484.39       82   25.3   0.94   1.213e+4  2.27  2.140e+2     No
 73  2977.0   3003.1  3028.0 1502.03      179   10.0   0.91   2.665e+4  2.29  3.030e+2     No
 74  3034.0   3063.9  3090.0 1532.41       84   17.6   0.70   1.269e+4  2.31  1.920e+2     No
 75  3085.0   3110.2  3149.0 1555.59      227    8.3   0.77   3.499e+4  2.33  3.340e+2     No
 76  3085.0   3121.4  3149.0 1561.21      273    7.4   0.77   4.222e+4  2.34  3.720e+2     No
 77  3162.0   3172.0  3222.0 1586.52      119   13.1   1.43   1.874e+4  2.36  2.090e+2     No
 78  3162.0   3192.8  3222.0 1596.94     3247    1.8   1.43   5.130e+5  2.37  3.336e+3    Yes
 79  3435.0   3464.7  3491.0 1732.90      139   23.6   0.45   2.373e+4  2.49  1.820e+2     No
 80  3501.0   3534.2  3563.0 1767.69      387    5.7   0.82   6.749e+4  2.52  4.310e+2     No
 81  3571.0   3595.6  3622.0 1798.41       52   19.0   0.51   9.247e+3  2.54  8.300e+1     No
 82  3962.0   3991.2  4018.0 1996.29       44   20.0   0.30   8.544e+3  2.71  6.300e+1     No

Line   Nuclide   Isotope   Meta      DPM@ZT       DPM@CT        Atoms@ZT       Error      Accept  Comment
   Energy      DPM@ZT             Fraction   Error   StdDev

  1      RU         106            2.5510E+06    2.5460E+06    1.9740E+12       2.91        u      

   622.07      2.5510E+06          100.00     2.91   100.00
  2      TE         129            7.8490E+05    7.7070E+05    5.4790E+10      10.69        u      

   459.13      8.0390E+05           97.64    10.54   100.00
   487.04      1.7740E+07            4.43     2.91   100.00
  3      LA         140            7.7750E+05    5.3880E+05    2.7100E+09       1.42        u      

   328.73      8.3410E+05           93.21     6.23   100.00
   487.04      7.8110E+05           99.53     2.91   100.00
   816.04      8.1870E+05           94.96     4.11   100.00
   925.54      7.0210E+05          110.73    13.47   100.00
  1596.94      7.7970E+05           99.72     1.82   100.00
  4      CE         144            1.1790E+06    1.1760E+06    6.9760E+11       4.74        u      

   132.96      1.1790E+06          100.00     4.74   100.00


Page:4                 anlresprint.php, Ver 1.4, 25FEB2011                 Printed:Oct 17 2018 17:23:02
==============================================================================================================
SN:290_030.18 Shot: 1139 Jug: 057 Mass: 561 Ctr:  76 ROT: 290.5104 ZT: 289.5990(2018) CT: 290.4868 CL:    30
NCHAN:4096   Live:    30.0   True:    33.9   Delta: 0.8996   Rate:599503   Gain: 0.50021   Zero: -0.17000
Type:  3  User: 76  Gain:  0  Pos:  8  Shelf: 16   LP Prog/Yr/Seq:0/0/0  Timestamp: 2018-10-17 12:17:02.0
Count acc/rej: default    QAStatus: pending    QA'd by: 00    QA Time:     QA Comm:  
--------------------------------------------------------------------------------------------------------------

==============================================================================================================
Analysis Results:

Analysis Code: gamanal  Peaks: 112  Overall QA:    0.00  Library: 9  CD: 71  Timestamp:2018-10-17 12:17:07.0 
Analysis ZT: 289.5990      AnalysisZY: 2018     Original: Yes     Comment: 

Peak  Start Centroid     End  Energy  NetArea  Error   Qfit Gammas/Min  FWHM  Integral Identified
  1   116.0    117.7   120.0   58.72      585   79.3   1.00   4.133e+4  0.77  1.039e+5     No
  2   148.0    150.2   152.0   74.96     4528   11.1   1.00   1.719e+5  0.77  1.089e+5    Yes
  3   166.0    169.6   171.0   84.69     3049   22.2   2.46   8.492e+4  0.82  1.346e+5    Yes
  4   171.0    174.1   175.0   86.89    10166    7.5   2.19   2.652e+5  0.82  1.229e+5    Yes
  5   175.0    177.5   181.0   88.62    14160    5.1   1.00   3.556e+5  0.82  1.765e+5     No
  6   229.0    236.2   237.0  118.00    14024   12.5   4.85   2.852e+5  0.88  2.938e+5    Yes
  7   237.0    239.2   244.0  119.47    44063    5.5   5.39   8.881e+5  0.88  3.026e+5    Yes
  8   260.0    266.1   271.0  132.94     4571   29.0   1.00   9.185e+4  0.90  4.260e+5    Yes
  9   322.0    324.9   328.0  162.35     1718   41.6   1.00   3.558e+4  0.95  2.043e+5     No
 10   329.0    331.7   334.0  165.75     1192   52.5   1.00   2.476e+4  0.96  1.709e+5     No
 11   354.0    356.9   360.0  178.36     1159   67.1   1.00   2.571e+4  0.98  2.042e+5     No
 12   404.0    413.2   416.0  206.49   229371    0.9   2.32   5.805e+6  1.00  5.091e+5    Yes
 13   413.0    416.2   424.0  208.04     2404    0.8   1.38   6.126e+4  1.00  4.197e+5     No
 14   439.0    442.0   444.0  220.93     1138   47.0   1.00   3.061e+4  1.04  1.038e+5     No
 15   504.0    508.7   512.0  254.30    33583    2.1   1.00   1.026e+6  1.05  1.610e+5    Yes
 16   523.0    531.3   533.0  265.57   953858    0.9  39.79   3.029e+7  1.06  1.100e+6     No
 17   533.0    534.3   536.0  267.10    15153   24.9  17.27   4.837e+5  1.06  1.521e+5     No
 18   534.0    536.0   537.0  267.95    18863   16.5  10.94   6.038e+5  1.06  8.952e+4     No
 19   537.0    538.5   542.0  269.21     2442   61.5   5.78   7.853e+4  1.06  8.970e+4     No
 20   550.0    552.2   559.0  276.03     5605   11.7   1.29   1.843e+5  1.02  1.317e+5     No
 21   593.0    600.3   603.0  300.08   484132    0.7  13.30   1.716e+7  1.11  6.101e+5    Yes
 22   600.0    603.7   606.0  301.78     6662    0.7  12.00   2.374e+5  1.11  4.587e+5     No
 23   606.0    608.3   611.0  304.10     2638   46.2   5.33   9.468e+4  1.11  7.058e+4     No
 24   634.0    637.0   640.0  318.44      574   80.2   1.00   2.148e+4  1.18  7.029e+4     No
 25   654.0    657.5   661.0  328.73     3118   15.6   1.00   1.200e+5  1.19  7.927e+4    Yes
 26   684.0    686.2   690.0  343.06     1009   40.4   1.00   4.037e+4  1.10  5.746e+4     No
 27   755.0    759.8   763.0  379.88    22929    2.3   1.00   1.005e+6  1.18  7.577e+4    Yes
 28   771.0    775.9   779.0  387.93     8356    5.0   1.00   3.734e+5  1.20  5.854e+4     No
 29   791.0    796.2   798.0  398.11     7300    4.6   1.00   3.342e+5  1.23  4.805e+4     No
 30   798.0    800.3   804.0  400.12     4255    7.7   1.00   1.957e+5  1.23  3.918e+4     No
 31   870.0    873.8   876.0  436.90      472   62.7   1.00   2.360e+4  1.33  2.497e+4     No
 32   888.0    894.4   900.0  447.23     3910   10.6   1.00   1.998e+5  1.21  4.662e+4    Yes
 33   915.0    918.2   922.0  459.12     1331   22.4   1.00   6.975e+4  1.35  2.585e+4    Yes
 34   926.0    930.7   934.0  465.34     1256   23.7   1.00   6.665e+4  1.36  2.802e+4     No
 35   953.0    961.2   963.0  480.63    20888    1.9   1.00   1.142e+6  1.26  5.321e+4    Yes
 36   963.0    967.2   970.0  483.64    22701    1.7   1.00   1.249e+6  1.26  4.941e+4     No
 37   967.0    970.1   970.0  485.08     2411   14.1   1.00   1.331e+5  1.26  2.936e+4     No
 38   970.0    974.2   979.0  487.11     4523    6.9   1.00   2.506e+5  1.26  3.439e+4    Yes
 39   990.0    992.1   994.0  496.07      426   45.2   1.00   2.406e+4  1.26  1.386e+4     No
 40  1009.0   1012.7  1013.0  506.38     1918   32.2   1.18   1.102e+5  1.31  1.722e+4     No
 41  1013.0   1015.9  1016.0  508.00     4828   25.2   1.00   2.782e+5  1.31  2.302e+4     No
 42  1016.0   1022.1  1025.0  511.08   492531   12.5   1.37   2.855e+7  1.31  4.853e+5     No
 43  1025.0   1028.3  1028.0  514.20     5794   25.8   3.51   3.378e+5  1.31  8.916e+4    Yes
 44  1028.0   1036.3  1039.0  518.17   158577   22.9   1.00   9.312e+6  1.31  2.064e+5     No
 45  1039.0   1040.3  1044.0  520.19     1530   36.7   1.76   9.020e+4  1.31  2.110e+4     No
 46  1054.0   1057.0  1062.0  528.56     1398   18.5   1.00   8.369e+4  1.43  2.145e+4    Yes
 47  1088.0   1092.2  1096.0  546.14     7111    3.8   1.00   4.388e+5  1.35  2.436e+4     No
 48  1120.0   1126.2  1129.0  563.16     2054   13.2   1.00   1.305e+5  1.38  2.104e+4     No
 49  1129.0   1133.9  1136.0  566.98     5836    4.8   1.00   3.732e+5  1.38  2.115e+4     No
 50  1136.0   1144.7  1148.0  572.42   107121    0.5   1.36   6.911e+6  1.38  1.325e+5     No
 51  1144.0   1148.4  1148.0  574.25     1016   28.2   1.00   6.579e+4  1.38  9.742e+4     No
 52  1148.0   1154.4  1162.0  577.25    52656    0.7   1.24   3.424e+6  1.38  8.328e+4     No
 53  1172.0   1175.9  1179.0  588.00     1415   16.6   1.00   9.369e+4  1.49  1.530e+4     No
 54  1201.0   1209.4  1210.0  604.78    31002    1.6   1.92   2.107e+6  1.41  4.736e+4    Yes
 55  1210.0   1213.7  1217.0  606.94   185794    0.3   1.00   1.267e+7  1.41  2.104e+5    Yes
 56  1213.0   1217.8  1219.0  608.95     2218    0.8   1.00   1.518e+5  1.41  1.636e+5     No
 57  1219.0   1221.0  1226.0  610.58     1172   25.9   1.00   8.039e+4  1.41  1.488e+4     No
 58  1240.0   1244.0  1250.0  622.06     3853    6.4   1.00   2.690e+5  1.44  1.906e+4    Yes
 59  1321.0   1331.8  1340.0  666.01    28195    1.7   1.67   2.098e+6  1.52  4.795e+4    Yes
 60  1362.0   1368.9  1373.0  684.56     3155    6.5   1.00   2.408e+5  1.44  1.315e+4    Yes
 61  1391.0   1393.8  1398.0  697.03      286   47.4   1.00   2.226e+4  1.60  6.074e+3     No
 62  1432.0   1437.8  1443.0  719.03     3336    5.6   1.12   2.664e+5  1.47  1.064e+4     No
 63  1450.0   1456.4  1461.0  728.31      866   19.1   1.00   7.003e+4  1.63  7.608e+3    Yes
 64  1475.0   1477.4  1481.0  738.83      360   31.2   1.14   2.950e+4  1.49  3.865e+3    Yes
 65  1501.0   1503.8  1509.0  752.01      183   64.9   1.00   1.529e+4  1.50  4.553e+3     No
 66  1539.0   1547.9  1551.0  774.09     3069    7.7   3.22   2.622e+5  1.57  9.701e+3    Yes
 67  1551.0   1555.9  1556.0  778.11     2827    7.2   1.53   2.426e+5  1.57  5.002e+3    Yes
 68  1556.0   1567.4  1571.0  783.87    78429    1.1   3.18   6.777e+6  1.57  8.782e+4    Yes
 69  1571.0   1572.4  1579.0  786.33     1056   19.6   2.45   9.153e+4  1.57  6.145e+3     No
 70  1626.0   1631.8  1637.0  816.05     1552    8.7   1.00   1.392e+5  1.55  5.799e+3    Yes
 71  1646.0   1657.1  1661.0  828.69    37112    1.2   1.69   3.374e+6  1.61  4.266e+4    Yes
 72  1661.0   1663.1  1663.0  831.69      668   26.2   1.90   6.096e+4  1.61  1.592e+3     No
 73  1663.0   1670.1  1678.0  835.19     1195   13.8   1.00   1.094e+5  1.61  6.986e+3     No
 74  1686.0   1690.3  1694.0  845.32      970   11.0   1.00   8.982e+4  1.74  3.540e+3     No
 75  1731.0   1743.0  1746.0  871.68    22002    1.2   2.09   2.095e+6  1.66  2.648e+4     No
 76  1746.0   1749.3  1755.0  874.83     2069    7.5   2.44   1.978e+5  1.66  5.516e+3    Yes
 77  1785.0   1789.9  1793.0  895.12      278   31.1   1.00   2.715e+4  1.61  2.336e+3     No
 78  1803.0   1812.0  1819.0  906.20    10416    1.7   1.00   1.028e+6  1.69  1.437e+4     No
 79  1848.0   1850.9  1856.0  925.64      334   26.2   1.22   3.373e+4  1.64  2.149e+3    Yes
 80  1864.0   1867.7  1871.0  934.04      201   36.9   1.00   2.045e+4  1.82  1.722e+3     No
 81  1874.0   1876.6  1880.0  938.48      113   59.0   1.00   1.160e+4  1.65  1.411e+3     No
 82  1923.0   1930.1  1934.0  965.27     2328    4.2   1.00   2.443e+5  1.84  4.274e+3    Yes
 83  1934.0   1938.8  1942.0  969.60      154   52.3   1.29   1.629e+4  1.84  1.606e+3     No
 84  1964.0   1968.9  1976.0  984.65      452   20.0   1.00   4.833e+4  1.86  2.283e+3     No
 85  1983.0   1987.8  1992.0  994.11      188   38.4   1.14   2.029e+4  1.87  1.560e+3     No
 86  2073.0   2077.1  2084.0 1038.78      164   42.5   1.00   1.847e+4  1.72  1.459e+3     No
 87  2100.0   2104.0  2107.0 1052.26      326   17.2   1.00   3.724e+4  1.91  1.079e+3    Yes
 88  2199.0   2203.5  2207.0 1102.02      144   34.7   1.00   1.718e+4  1.95  7.680e+2     No
 89  2275.0   2279.3  2283.0 1139.93      422   13.8   1.12   5.195e+4  1.98  1.017e+3     No
 90  2292.0   2299.6  2306.0 1150.08     3241    2.9   1.00   4.023e+5  1.86  4.238e+3     No
 91  2335.0   2342.8  2345.0 1171.71      975    6.3   1.00   1.232e+5  2.01  1.781e+3     No
 92  2345.0   2348.1  2352.0 1174.36     1017    6.1   1.00   1.289e+5  2.01  1.583e+3     No
 93  2355.0   2368.6  2378.0 1184.60     5403    3.1   1.75   6.890e+5  1.84  7.154e+3     No
 94  2419.0   2428.3  2434.0 1214.46      527   13.9   1.00   6.874e+4  2.04  1.457e+3     No
 95  2458.0   2466.5  2471.0 1233.56      485   13.2   1.00   6.411e+4  2.05  1.224e+3     No
 96  2592.0   2598.5  2602.0 1299.62      338   14.6   1.00   4.665e+4  2.10  8.010e+2     No
 97  2781.0   2784.9  2787.0 1392.82       52   55.0   1.11   7.764e+3  1.97  2.590e+2     No
 98  2844.0   2849.3  2855.0 1425.06      135   28.2   1.00   2.036e+4  2.19  4.340e+2     No
 99  2872.0   2879.6  2885.0 1440.19      221   18.9   1.00   3.360e+4  2.20  5.450e+2     No
100  2928.0   2934.4  2940.0 1467.62      853    7.3   2.15   1.318e+5  2.22  1.091e+3     No
101  2963.0   2968.2  2972.0 1484.51       85   33.5   1.00   1.330e+4  2.24  2.430e+2     No
102  2997.0   3003.5  3008.0 1502.18      179   18.1   1.00   2.831e+4  2.25  3.780e+2     No
103  3059.0   3064.1  3068.0 1532.51       71   36.1   1.00   1.152e+4  2.05  2.160e+2     No
104  3106.0   3110.8  3115.0 1555.83      212   14.1   1.00   3.477e+4  2.29  3.460e+2     No
105  3115.0   3121.7  3127.0 1561.32      266   15.0   1.92   4.366e+4  2.29  4.450e+2     No
106  3165.0   3172.4  3176.0 1586.67      103   27.4   1.00   1.724e+4  2.09  2.520e+2     No
107  3181.0   3193.4  3201.0 1597.15     3208    3.6   3.15   5.374e+5  2.09  3.525e+3    Yes
108  3457.0   3465.5  3469.0 1733.28      151   15.0   1.00   2.749e+4  2.17  2.220e+2     No
109  3525.0   3534.9  3540.0 1767.96      382    8.2   1.13   7.070e+4  2.42  4.770e+2     No
110  3593.0   3596.6  3599.0 1798.86       33   38.2   1.00   6.327e+3  2.21  6.500e+1     No
111  3916.0   3920.9  3928.0 1961.09       38   32.5   1.00   7.884e+3  2.30  6.400e+1     No
112  3987.0   3992.5  3996.0 1996.90       37   30.9   1.00   7.860e+3  2.32  6.000e+1     No

Line   Nuclide   Isotope   Meta      DPM@ZT       DPM@CT        Atoms@ZT       Error      Accept  Comment
   Energy      DPM@ZT             Fraction   Error   StdDev

  1      BR          82            2.1480E+07    1.4060E+07    6.5630E+10       1.20        u      

   778.11      1.2256E+07           48.44     7.20   -10.40
   828.69      2.1478E+07            1.00     1.20     0.00
   554.35      1.6297E+06          868.23   100.00   -12.20
  2      KR          85            7.8570E+07    7.8560E+07    6.4100E+14      25.80        u      

   514.20      7.8552E+07            1.00    25.80     0.00
  3      RU         106            2.6650E+07    2.6600E+07    2.0620E+13       6.00        u      

   622.06      2.7124E+07            0.98     6.40     0.30
  1052.30      2.3904E+07            1.11    17.20    -0.70
  4      SB         127            5.4860E+07    4.6660E+07    4.3870E+11       1.10        u      

   254.30      3.4276E+07            3.73     2.10   -28.40
   447.23      1.0057E+07            9.74    10.60   -42.00
   604.78      5.4847E+07            0.95     1.60     0.00
   684.56      2.4769E+07           68.39     6.50   -18.70
   783.87      5.4847E+07            1.00     1.10     0.00
   473.61      2.9996E+06          945.59   100.00   -17.30
  5      TE         129            8.8950E+05    8.7310E+05    6.2070E+10      23.00        u      

   459.12      9.2260E+05            0.96    22.40     0.20
   487.11      8.3288E+05            0.05     6.90    -1.00
  6      I         130            7.3280E+06    2.1840E+06    7.8390E+09       1.70        u      

   666.01      7.3267E+06            1.00     1.70     0.00
   684.56      3.3088E+06            0.10     6.50   -18.70
   738.83      1.1900E+06           60.92    31.20   -16.50
   536.10      6.4187E+05          186.06   100.00   -10.40
  7      I         133            1.9980E+05    9.7320E+04    3.5970E+08      18.50        u      

   528.56      1.9977E+05            1.00    18.50     0.00
   874.83      8.0308E+06            0.02     7.50    13.10
  8      LA         140            8.0600E+05    5.5590E+05    2.8090E+09       3.00        u      

   328.73      8.9795E+04            0.96    15.60   -51.20
   487.11      7.5474E+05            1.02     6.90    -1.00
   816.05      8.5482E+05            0.94     8.70     0.70
   925.64      6.9555E+05            1.16    26.20    -0.60
  1597.10      8.1661E+05            0.99     3.60     0.40
  9      TB         160            7.0800E+05    7.0190E+05    1.0630E+11       4.20        u      

    86.89      1.9074E+06            0.35     7.50     8.40
   300.08      7.0783E+05            0.01     0.70     0.00
   965.27      7.0783E+05            1.00     4.20     0.00
   879.37      4.3525E+04           32.14   100.00   -15.30
  10      TB         161            1.6900E+06    1.5440E+06    2.4260E+10      22.60        u      

    74.96      1.9196E+06            0.88    11.10     1.10
    48.93      4.7999E+05            3.52   100.00    -2.50
    57.21      3.1399E+06            0.54   100.00     0.50
  11      W         187            1.0210E+07    5.4610E+06    2.1130E+10       4.20        u      

   132.94      2.1424E+06            5.09    29.00   -13.00
   480.63      1.0125E+07            1.01     1.90    -0.50
   684.56      4.6118E+06            5.99     6.50   -18.70
   774.09      1.2321E+07            0.83     7.70     2.20
  12      PB         212            3.8910E+06    9.5320E+05    3.5830E+09      19.10        u      

   300.08      3.8902E+06            0.00     0.70     0.00
   728.31      3.8902E+06            1.00    19.10     0.00
   783.87      3.8902E+06            0.00     1.10     0.00
  13      TH         228            7.6940E+06    7.0180E+06    1.1170E+13      22.20        u      

    84.69      7.6926E+06            1.00    22.20     0.00
   132.94      1.6138E+06            0.10    29.00   -13.00
  14      PA         231            9.4650E+08    4.2010E+08    2.3530E+19       0.70        u      

   300.08      9.4633E+08            0.99     0.70     0.00
   328.73      1.0545E+08           46.19    15.60   -51.20
  15      U         237            9.4800E+06    8.6440E+06    1.3290E+11      12.50        u      

   118.00      9.4781E+06            1.00    12.50     0.00
   206.49      9.4781E+06            0.32     0.90     0.00


Page:5                 anlresprint.php, Ver 1.4, 25FEB2011                 Printed:Oct 17 2018 17:23:03
==============================================================================================================
SN:290_030.18 Shot: 1139 Jug: 057 Mass: 561 Ctr:  76 ROT: 290.5104 ZT: 289.5990(2018) CT: 290.4868 CL:    30
NCHAN:4096   Live:    30.0   True:    33.9   Delta: 0.8996   Rate:599503   Gain: 0.50021   Zero: -0.17000
Type:  3  User: 76  Gain:  0  Pos:  8  Shelf: 16   LP Prog/Yr/Seq:0/0/0  Timestamp: 2018-10-17 12:17:02.0
Count acc/rej: default    QAStatus: pending    QA'd by: 00    QA Time:     QA Comm:  
--------------------------------------------------------------------------------------------------------------

Line number        Energy      Efficiency      Uncertainty
        0           59.54      5.1840E-04       0.0000E+00  
        1           88.03      1.4000E-03       0.0000E+00  
        2          122.07      1.7810E-03       0.0000E+00  
        3          165.85      1.7010E-03       0.0000E+00  
        4          391.71      7.8380E-04       0.0000E+00  
        5          661.64      4.7760E-04       0.0000E+00  
        6          898.04      3.6100E-04       0.0000E+00  
        7        1,173.21      2.7930E-04       0.0000E+00  
        8        1,332.46      2.5110E-04       0.0000E+00  
        9        1,836.13      1.8450E-04       0.0000E+00  

Shape Number      Value
       0         2.5200E-01
       1         2.7880E-03
       2        -2.7670E+00
       3         2.4430E-03
       4         1.0500E+00
       5         5.0000E-01
       6         1.5820E-07


End of Printout.               anlresprint.php, Ver 1.4, 25FEB2011              Printed: Oct 17 2018 17:23:03
==============================================================================================================
