
Page: 1                 anlresprint.php, Ver 1.4, 25FEB2011                 Printed: Oct 17 2018 17:23:20
==============================================================================================================
SN:290_035.18 Shot: 1139 Jug: 057 Mass: 755 Ctr:  76 ROT: 290.5574 ZT: 289.5990(2018) CT: 290.5364 CL:    30
NCHAN:4096   Live:    30.0   True:    30.1   Delta: 0.9479   Rate:31552   Gain: 0.50021   Zero: -0.17000
Type:  3  User: 76  Gain:  0  Pos: 10  Shelf: 16   LP Prog/Yr/Seq:0/0/0  Timestamp: 2018-10-17 13:24:04.0
Count acc/rej: default    QAStatus: pending    QA'd by: 00    QA Time:     QA Comm:  
--------------------------------------------------------------------------------------------------------------

==============================================================================================================
Analysis Results:

Analysis Code: raygun  Peaks: 44  Overall QA:    0.00  Library: 9  CD: 71  Timestamp:2018-10-17 13:24:04.0 
Analysis ZT: 289.5990      AnalysisZY: 2018     Original: Yes     Comment: 

Peak    Start    Centroid     End     Energy     NetArea     Error    Gammas/Min    Identified
  1     169.0     174.1     176.0      86.91         938      10.7    2.3200E+04         No
  2     176.0     177.9     179.0      88.83         938       8.3    2.2310E+04         No
  3     233.0     237.0     238.0     118.36         963      12.7    1.8530E+04        Yes
  4     238.0     239.1     241.0     119.45        3053       4.8    5.8360E+04         No
  5     410.0     413.4     419.0     206.60       17056       1.2    4.0950E+05         No
  6     505.0     509.0     512.0     254.42        3044       3.3    8.8180E+04         No
  7     526.0     531.5     538.0     265.72       73404       0.6    2.2110E+06         No
  8     551.0     552.2     554.0     276.03         495      10.9    1.5440E+04         No
  9     594.0     600.5     604.0     300.22       36679       0.8    1.2330E+06        Yes
 10     655.0     657.8     659.0     328.86         299      17.4    1.0900E+04        Yes
 11     758.0     759.9     764.0     379.95        1791       4.5    7.4470E+04         No
 12     773.0     776.3     779.0     388.13         813       8.7    3.4470E+04        Yes
 13     794.0     796.6     799.0     398.29         549      12.9    2.3830E+04         No
 14     799.0     800.3     803.0     400.12         329      16.0    1.4360E+04         No
 15     893.0     894.5     896.0     447.27         324      13.2    1.5700E+04         No
 16     959.0     961.3     965.0     480.68        1443       5.1    7.4830E+04         No
 17     965.0     967.6     972.0     483.84        1908       4.3    9.9560E+04         No
 18     972.0     974.1     977.0     487.10         370      12.0    1.9450E+04        Yes
 19    1014.0    1022.1    1028.0     511.09        1471       7.6    8.0860E+04         No
 20    1030.0    1036.4    1040.0     518.27       12066       1.6    6.7190E+05         No
 21    1088.0    1092.7    1094.0     546.40         440      10.6    2.5760E+04         No
 22    1131.0    1133.9    1136.0     567.04         355      10.7    2.1510E+04         No
 23    1139.0    1144.9    1148.0     572.53        8082       2.0    4.9440E+05         No
 24    1150.0    1154.5    1159.0     577.32        3920       2.9    2.4170E+05         No
 25    1205.0    1213.9    1220.0     607.05       16049       1.5    1.0380E+06         No
 26    1241.0    1244.0    1246.0     622.07         298      12.0    1.9710E+04        Yes
 27    1328.0    1332.0    1336.0     666.09        2210       4.0    1.5600E+05        Yes
 28    1365.0    1369.1    1373.0     684.65         233      15.4    1.6850E+04        Yes
 29    1432.0    1437.9    1442.0     719.08         237      13.1    1.7950E+04         No
 30    1542.0    1548.1    1553.0     774.19         289      13.4    2.3450E+04        Yes
 31    1553.0    1555.7    1561.0     778.00         247      15.5    2.0090E+04         No
 32    1561.0    1567.6    1573.0     783.98        5989       2.4    4.9070E+05        Yes
 33    1629.0    1632.1    1634.0     816.22         126      19.5    1.0710E+04        Yes
 34    1650.0    1657.2    1663.0     828.77        2739       3.8    2.3610E+05         No
 35    1687.0    1689.4    1693.0     844.86          91      26.6    7.9800E+03         No
 36    1735.0    1743.2    1748.0     871.80        1701       5.0    1.5360E+05         No
 37    1748.0    1748.8    1752.0     874.61          91      23.6    8.2680E+03         No
 38    1806.0    1812.0    1817.0     906.20         814       6.9    7.6230E+04         No
 39    1925.0    1930.5    1933.0     965.49         147      17.5    1.4630E+04        Yes
 40    2292.0    2299.9    2305.0    1150.27         270      11.9    3.1800E+04         No
 41    2338.0    2342.8    2345.0    1171.74          99      22.1    1.1810E+04        Yes
 42    2365.0    2368.8    2374.0    1184.74         421      10.2    5.0860E+04         No
 43    2932.0    2934.6    2938.0    1467.72          55      22.9    8.0260E+03         No
 44    3185.0    3193.1    3198.0    1597.07         229      15.1    3.6440E+04        Yes

Line   Nuclide   Isotope   Meta      DPM@ZT       DPM@CT        Atoms@ZT       Error      Accept  Comment
   Energy      DPM@ZT             Fraction   Error   StdDev

  1      CO          60            3.8950E+03    3.8930E+03    1.5570E+10      32.70        u      

  1172.00      1.1830E+04            1.00    22.10     0.00
  1333.00      1.4550E+03           -1.00     0.00     0.00
  2      RU         106            1.9040E+05    1.9040E+05    1.2700E+16      12.10        u      

   622.00      1.9850E+05            1.00    12.00     0.00
  1050.00      8.5930E+04           -1.00     0.00     0.00
  3      SB         127            6.6350E+04    5.5940E+04    5.3060E+08      11.50        u      

   685.00      5.6610E+04            1.00    15.40     0.00
   784.00      4.0140E+06            1.00     2.60     0.00
   474.00      1.5630E+04           -1.00     0.00     0.00
  4      TE         131       M    5.2070E+04    3.0780E+04    1.3520E+08      17.50        u      

   666.00      4.0720E+06            0.67     4.10     0.00
   774.00      1.0410E+05            1.00    13.30     0.00
   852.00      1.2010E+04           -1.00     0.00     0.00
  5      I         126            1.6880E+05    1.6050E+05    4.5660E+09       5.10        u      

   388.00      1.0630E+05            1.00     8.70     0.00
   666.00      4.9140E+05            0.99     4.10     0.00
  6      LA         140            6.3240E+04    4.2750E+04    2.2040E+08       7.70        u      

   329.00      7.7890E+04            1.00    17.40     0.00
   487.00      6.2680E+04            1.00    12.00     0.00
   816.00      6.7150E+04            1.00    19.40     0.00
  1597.00      5.6500E+04            1.00    15.10     0.00
  7      TB         160            1.4960E+04    1.4820E+04    2.2470E+09      29.80        u      

   965.00      5.9070E+04            1.00    17.50     0.00
   879.00      4.9460E+03           -1.00     0.00     0.00
  8      PA         231            1.1240E+08    5.1820E+07    2.7950E+18       1.30        u      

   300.00      1.1240E+08            1.00     1.20     0.00
  9      AC         227            1.7030E+09    1.7030E+09    2.8120E+16       1.30        u      

   300.00      1.7030E+09            1.00     1.20     0.00
  10      U         237            6.1880E+05    5.6150E+05    8.6760E+09      12.70        u      

   118.00      6.1880E+05            1.00    12.60     0.00


Page:2                 anlresprint.php, Ver 1.4, 25FEB2011                 Printed:Oct 17 2018 17:23:21
==============================================================================================================
SN:290_035.18 Shot: 1139 Jug: 057 Mass: 755 Ctr:  76 ROT: 290.5574 ZT: 289.5990(2018) CT: 290.5364 CL:    30
NCHAN:4096   Live:    30.0   True:    30.1   Delta: 0.9479   Rate:31552   Gain: 0.50021   Zero: -0.17000
Type:  3  User: 76  Gain:  0  Pos: 10  Shelf: 16   LP Prog/Yr/Seq:0/0/0  Timestamp: 2018-10-17 13:24:04.0
Count acc/rej: default    QAStatus: pending    QA'd by: 00    QA Time:     QA Comm:  
--------------------------------------------------------------------------------------------------------------

==============================================================================================================
Analysis Results:

Analysis Code: specanl  Peaks: 44  Overall QA:    0.00  Library: 9  CD: 71  Timestamp:2018-10-17 13:24:04.0 
Analysis ZT: 289.5990      AnalysisZY: 2018     Original: Yes     Comment: 

Peak   Centroid    Energy     NetArea     Error     QFit    Gammas/Min      FWHM    Identified
  1     150.51      75.11         446      20.7      1.0    1.5983E+04      0.97       Yes
  2     174.16      86.94         642      10.1      1.0    1.5859E+04      0.78       Yes
  3     177.89      88.81         910       7.5      1.0    2.1640E+04      0.78       Yes
  4     239.43     119.60        4069       2.7      6.8    7.7697E+04      0.86        No
  5     413.43     206.63       17209       0.7      1.0    4.1320E+05      0.95        No
  6     508.96     254.42        3210       2.8      1.0    9.2976E+04      1.01       Yes
  7     531.51     265.70       73482       0.5     11.7    2.2133E+06      1.01        No
  8     552.29     276.09         562       8.6      1.0    1.7514E+04      0.92        No
  9     600.49     300.20       36578       0.4      4.9    1.2300E+06      1.06       Yes
 10     657.56     328.75         358      15.9      1.0    1.3059E+04      1.27       Yes
 11     759.93     379.95        1886       3.9      1.0    7.8415E+04      1.15       Yes
 12     776.16     388.07         820       7.7      1.0    3.4747E+04      1.35       Yes
 13     798.00     399.00         893      14.7      3.5    3.8829E+04      2.97       Yes
 14     894.63     447.33         358      11.8      1.0    1.7354E+04      1.10        No
 15     961.40     480.73        1305       4.1      1.0    6.7710E+04      1.19        No
 16     967.49     483.78        1644       3.5      2.5    8.5800E+04      1.19        No
 17     974.29     487.18         246      10.9      1.0    1.2903E+04      0.77       Yes
 18    1022.33     511.21        1464       7.5      1.0    8.0483E+04      2.61       Yes
 19    1036.43     518.26       12065       1.1      2.2    6.7184E+05      1.31        No
 20    1092.48     546.30         447       8.9      1.0    2.6166E+04      1.29        No
 21    1134.01     567.08         422       8.9      1.0    2.5561E+04      1.08        No
 22    1144.87     572.51        8185       1.7      2.7    5.0075E+05      1.37        No
 23    1154.49     577.32        3982       2.1      1.0    2.4553E+05      1.37        No
 24    1213.79     606.98       16017       1.4     31.2    1.0355E+06      1.48       Yes
 25    1243.89     622.04         314      11.3      1.0    2.0788E+04      1.39       Yes
 26    1331.98     666.10        2252       3.6      1.0    1.5896E+05      1.52       Yes
 27    1369.17     684.70         237      13.3      1.0    1.7165E+04      1.51        No
 28    1437.71     718.99         235      13.3      1.0    1.7764E+04      1.54        No
 29    1548.02     774.16         287      12.8      1.0    2.3250E+04      1.78       Yes
 30    1555.91     778.11         150      17.3      1.0    1.2185E+04      1.38       Yes
 31    1567.55     783.93        5888       2.3      1.1    4.8244E+05      1.56        No
 32    1631.96     816.15         128      17.7      1.0    1.0920E+04      1.76       Yes
 33    1657.08     828.72        2711       3.2      1.8    2.3375E+05      1.62       Yes
 34    1670.13     835.25          38      37.2      1.0    3.2843E+03      1.31        No
 35    1689.97     845.17         100      25.4      1.0    8.8106E+03      1.88        No
 36    1743.05     871.72        1814       4.3      1.2    1.6384E+05      1.72        No
 37    1812.05     906.24         817       6.4      1.0    7.6476E+04      1.69        No
 38    1930.21     965.34         149      15.9      1.0    1.4794E+04      1.85       Yes
 39    2299.73    1150.18         283      11.5      1.0    3.3299E+04      1.81        No
 40    2344.94    1172.79         171      19.5      1.0    2.0453E+04      3.59       Yes
 41    2368.54    1184.60         461      10.2      1.0    5.5736E+04      2.12        No
 42    2428.53    1214.60          47      31.4      1.0    5.7916E+03      1.50        No
 43    2934.30    1467.60          60      17.8     45.9    8.8359E+03      2.11        No
 44    3193.56    1597.28         235      16.1      1.2    3.7386E+04      1.59       Yes

Line   Nuclide   Isotope   Meta      DPM@ZT       DPM@CT        Atoms@ZT       Error      Accept  Comment
   Energy      DPM@ZT             Fraction   Error   StdDev

  1      CO          60            2.0480E+04    2.0470E+04    8.1900E+10      19.60        u      

  1172.79      2.0480E+04            1.00    19.60     0.00
  2      ZR          97            1.8910E+07    7.4380E+06    2.7660E+10       2.80        u      

   254.42      1.8910E+07            1.00     2.80     0.00
  3      MO          99            3.5580E+05    2.8010E+05    2.0310E+09      17.30        u      

   778.11      3.5580E+05            1.00    17.30     0.00
  4      RU         106            2.0930E+05    2.0930E+05    1.3970E+16      11.30        u      

   622.04      2.0930E+05            1.00    11.30     0.00
  5      SB         125            1.0080E+07    1.0070E+07    2.0880E+13      13.50        u      

   379.95      5.1620E+06            1.95     3.90    -4.80
   606.98      2.0640E+07            0.49     1.40     4.30
  6      TE         131       M    1.0320E+05    6.1020E+04    2.6800E+08      12.80        u      

   774.16      1.0320E+05            1.00    12.80     0.00
  7      I         126            1.7460E+05    1.6600E+05    4.7240E+09      22.00        u      

   388.07      1.0720E+05            1.63     7.70    -2.30
   666.10      5.0510E+05            0.35     3.60     3.40
  8      LA         140            5.0100E+04    3.3870E+04    1.7460E+08      28.70        u      

   328.75      9.3320E+04            0.54    15.90     1.20
   487.18      4.1580E+04            1.20    10.90    -0.60
   816.15      6.8450E+04            0.73    17.70     0.60
  1597.28      5.7970E+04            0.86    16.10     0.30
  9      EU         156            2.5390E+05    2.4310E+05    8.0120E+09       7.50        u      

    88.81      2.5390E+05            1.00     7.50     0.00
  10      TB         160            1.2120E+05    1.2010E+05    1.8210E+10      10.10        u      

    86.94      1.2120E+05            1.00    10.10     0.00
  11      TB         161            1.7940E+05    1.6310E+05    2.5750E+09      20.70        u      

    75.11      1.7940E+05            1.00    20.70     0.00
  12      TL         200            3.9610E+06    2.1640E+06    8.9450E+09       3.20        u      

   828.72      3.9610E+06            1.00     3.20     0.00
  13      PB         212            1.2330E+07    2.8020E+06    1.1360E+10       0.70        u      

   300.20      1.6210E+08            0.08     0.70     0.00
  14      BI         212            2.2740E+12    3.7260E+05    1.9860E+14       7.50        u      

   300.20      2.2470E+14            0.01     0.70     0.00
   511.21      2.2740E+12            1.00     7.50     0.00
  15      AC         227            1.1770E+06    1.1770E+06    1.9450E+13       0.70        u      

   300.20      5.8570E+07            0.00     0.70     0.00
  16      AC         228            1.9400E+04    1.4810E+03    1.0290E+07      15.90        u      

   965.34      3.3410E+06            0.01    15.90     0.00
  17      TH         228            2.5380E+05    2.3420E+05    3.6840E+11      15.90        u      

   965.34      2.7640E+05            0.99    15.90     0.00
  18      PA         231            3.8690E+07    1.7840E+07    9.6210E+17       0.70        u      

   300.20      1.1210E+08            0.75     0.70     0.00
  19      PA         233            3.3430E+06    3.2630E+06    1.8750E+11      14.70        u      

   300.20      2.0330E+07            0.16     0.70     0.00
   399.00      3.3430E+06            1.00    14.70     0.00


Page:3                 anlresprint.php, Ver 1.4, 25FEB2011                 Printed:Oct 17 2018 17:23:22
==============================================================================================================
SN:290_035.18 Shot: 1139 Jug: 057 Mass: 755 Ctr:  76 ROT: 290.5574 ZT: 289.5990(2018) CT: 290.5364 CL:    30
NCHAN:4096   Live:    30.0   True:    30.1   Delta: 0.9479   Rate:31552   Gain: 0.50021   Zero: -0.17000
Type:  3  User: 76  Gain:  0  Pos: 10  Shelf: 16   LP Prog/Yr/Seq:0/0/0  Timestamp: 2018-10-17 13:24:04.0
Count acc/rej: default    QAStatus: pending    QA'd by: 00    QA Time:     QA Comm:  
--------------------------------------------------------------------------------------------------------------

==============================================================================================================
Analysis Results:

Analysis Code: unisampo  Peaks: 48  Overall QA:    0.00  Library: 9  CD: 71  Timestamp:2018-10-17 13:24:06.0 
Analysis ZT: 289.5990      AnalysisZY: 2018     Original: Yes     Comment: 

Peak  Start Centroid     End  Energy  NetArea  Error   Qfit Gammas/Min  FWHM  Integral Identified
  1    71.0     85.2    95.0   42.45     2410    2.1 490.12   3.662e+5  0.72  2.513e+3     No
  2   160.0    174.1   188.0   86.93      673    9.6   1.26   1.653e+4  0.79  4.111e+3     No
  3   160.0    177.9   188.0   88.80      864    7.8   1.26   2.045e+4  0.80  4.358e+3     No
  4   225.0    236.4   250.0  118.10      889    8.7   0.72   1.704e+4  0.84  5.684e+3     No
  5   225.0    239.5   250.0  119.61     3137    3.0   0.72   5.960e+4  0.84  7.998e+3     No
  6   399.0    413.5   429.0  206.65    17090    0.9   2.08   4.083e+5  0.97  2.043e+4     No
  7   495.0    509.0   527.0  254.42     3134    2.5   2.01   9.033e+4  1.03  5.801e+3     No
  8   515.0    531.5   550.0  265.70    72098    0.4  18.75   2.161e+6  1.04  7.438e+4     No
  9   542.0    552.3   566.0  276.12      536    9.7   1.47   1.663e+4  1.06  2.399e+3     No
 10   582.0    600.5   613.0  300.20    36810    0.5   2.80   1.232e+6  1.09  3.834e+4     No
 11   582.0    610.8   613.0  305.35      165   29.8   2.80   5.607e+3  1.09  1.570e+3     No
 12   643.0    657.6   671.0  328.76      295   14.4   0.53   1.071e+4  1.12  1.641e+3    Yes
 13   745.0    759.9   774.0  379.93     1775    3.3   1.77   7.344e+4  1.18  2.979e+3     No
 14   762.0    776.3   791.0  388.13      710    6.5   1.73   2.994e+4  1.19  1.907e+3    Yes
 15   781.0    796.7   820.0  398.35      473    9.0   0.79   2.044e+4  1.21  1.619e+3     No
 16   781.0    800.3   820.0  400.15      344   11.7   0.79   1.493e+4  1.21  1.481e+3     No
 17   880.0    894.6   903.0  447.31      374   10.2   0.93   1.801e+4  1.26  1.189e+3     No
 18   945.0    961.4   993.0  480.74     1459    3.4   1.39   7.530e+4  1.30  2.180e+3     No
 19   945.0    967.5   993.0  483.78     1864    2.9   1.39   9.678e+4  1.30  2.571e+3     No
 20   945.0    974.1   993.0  487.10      390    8.9   1.39   2.040e+4  1.31  1.082e+3    Yes
 21  1002.0   1022.2  1033.0  511.16     1409    4.5   1.92   7.705e+4  2.69  2.922e+3     No
 22  1026.0   1036.4  1054.0  518.24    12142    1.0   5.18   6.728e+5  1.34  1.275e+4     No
 23  1071.0   1092.5  1108.0  546.32      477    7.1   1.00   2.778e+4  1.37  1.000e+3     No
 24  1110.0   1125.8  1141.0  562.95      120   23.7   2.03   7.188e+3  1.39  6.700e+2     No
 25  1110.0   1134.0  1141.0  567.07      372    9.8   2.03   2.247e+4  1.39  9.570e+2     No
 26  1135.0   1144.9  1174.0  572.51     8197    1.2   3.63   4.990e+5  1.40  8.701e+3     No
 27  1135.0   1154.5  1174.0  577.32     3973    1.8   3.63   2.437e+5  1.41  4.453e+3     No
 28  1192.0   1214.0  1235.0  607.07    14450    0.9  32.81   9.298e+5  1.44  1.486e+4     No
 29  1227.0   1243.9  1260.0  622.07      320    8.4   0.79   2.107e+4  1.45  6.290e+2    Yes
 30  1313.0   1332.0  1352.0  666.11     2234    2.3   0.77   1.569e+5  1.50  2.460e+3    Yes
 31  1350.0   1369.1  1386.0  684.66      229    9.6   0.95   1.649e+4  1.52  4.140e+2     No
 32  1418.0   1437.8  1457.0  719.04      220    9.4   1.29   1.659e+4  1.55  3.630e+2     No
 33  1525.0   1548.1  1587.0  774.22      277    7.4   1.46   2.232e+4  1.61  3.790e+2     No
 34  1525.0   1556.0  1587.0  778.18      234    8.1   1.46   1.893e+4  1.61  3.290e+2     No
 35  1525.0   1567.5  1587.0  783.92     6015    1.3   1.46   4.903e+5  1.62  6.099e+3     No
 36  1613.0   1631.9  1650.0  816.13      125   12.1   1.10   1.056e+4  1.65  1.990e+2    Yes
 37  1632.0   1657.1  1676.0  828.75     2729    2.0   2.63   2.341e+5  1.66  2.811e+3     No
 38  1671.0   1689.6  1709.0  844.98       86   16.1   0.87   7.471e+3  1.68  1.440e+2     No
 39  1718.0   1743.1  1770.0  871.73     1685    2.5   2.51   1.514e+5  1.71  1.747e+3     No
 40  1789.0   1812.0  1834.0  906.23      830    3.7   0.69   7.729e+4  1.74  8.800e+2     No
 41  1907.0   1930.4  1951.0  965.45      132   13.9   0.81   1.303e+4  1.80  1.700e+2     No
 42  2276.0   2299.6  2325.0 1150.14      268    6.7   0.84   3.134e+4  1.97  2.890e+2     No
 43  2339.0   2368.6  2393.0 1184.64      415    5.1   2.26   4.989e+4  2.00  4.440e+2     No
 44  2404.0   2428.2  2453.0 1214.47       51   19.5   0.33   6.305e+3  2.03  6.700e+1     No
 45  2907.0   2934.4  2959.0 1467.64       71   12.8   0.49   1.031e+4  2.25  7.900e+1     No
 46  2977.0   3003.3  3027.0 1502.11       25   34.2   0.19   3.700e+3  2.29  2.900e+1     No
 47  3164.0   3193.0  3226.0 1597.03      234    5.9   0.36   3.693e+4  2.37  2.400e+2    Yes
 48  3501.0   3534.2  3563.0 1767.69       37   22.2   0.16   6.427e+3  2.52  4.000e+1     No

Line   Nuclide   Isotope   Meta      DPM@ZT       DPM@CT        Atoms@ZT       Error      Accept  Comment
   Energy      DPM@ZT             Fraction   Error   StdDev

  1      RU         106            2.1260E+05    2.1220E+05    1.6450E+11       8.45        u      

   622.07      2.1260E+05          100.00     8.45   100.00
  2      I         126            1.7980E+05    1.7110E+05    4.8630E+09       2.97        u      

   388.13      9.2360E+04          194.68     6.53   100.00
   666.11      4.9850E+05           36.07     2.31   100.00
  3      LA         140            6.1140E+04    4.1510E+04    2.1310E+08       4.36        u      

   328.76      7.6570E+04           79.85    14.39   100.00
   487.10      6.5750E+04           92.98     8.89   100.00
   816.13      6.6180E+04           92.38    12.15   100.00
  1597.03      5.7260E+04          106.78     5.90   100.00


Page:4                 anlresprint.php, Ver 1.4, 25FEB2011                 Printed:Oct 17 2018 17:23:22
==============================================================================================================
SN:290_035.18 Shot: 1139 Jug: 057 Mass: 755 Ctr:  76 ROT: 290.5574 ZT: 289.5990(2018) CT: 290.5364 CL:    30
NCHAN:4096   Live:    30.0   True:    30.1   Delta: 0.9479   Rate:31552   Gain: 0.50021   Zero: -0.17000
Type:  3  User: 76  Gain:  0  Pos: 10  Shelf: 16   LP Prog/Yr/Seq:0/0/0  Timestamp: 2018-10-17 13:24:04.0
Count acc/rej: default    QAStatus: pending    QA'd by: 00    QA Time:     QA Comm:  
--------------------------------------------------------------------------------------------------------------

==============================================================================================================
Analysis Results:

Analysis Code: gamanal  Peaks: 59  Overall QA:    0.00  Library: 9  CD: 71  Timestamp:2018-10-17 13:24:09.0 
Analysis ZT: 289.5990      AnalysisZY: 2018     Original: Yes     Comment: 

Peak  Start Centroid     End  Energy  NetArea  Error   Qfit Gammas/Min  FWHM  Integral Identified
  1    84.0     85.5    86.0   42.59     1863   16.8  12.80   2.816e+5  0.74  2.970e+3     No
  2    86.0     87.4    93.0   43.55      961   26.3   8.84   1.373e+5  0.74  9.806e+3     No
  3   148.0    150.5   152.0   75.11      294   39.5   1.00   1.053e+4  0.80  6.112e+3     No
  4   168.0    174.1   175.0   86.94      676   21.4   1.00   1.668e+4  0.82  1.107e+4    Yes
  5   175.0    177.9   180.0   88.81      913   16.2   1.00   2.168e+4  0.82  8.754e+3    Yes
  6   233.0    236.4   237.0  118.10      849   17.0   1.00   1.634e+4  0.81  9.227e+3    Yes
  7   237.0    239.5   242.0  119.61     3140    4.9   1.00   5.986e+4  0.81  1.371e+4     No
  8   405.0    413.4   420.0  206.63    17433    1.9   1.00   4.178e+5  0.95  3.339e+4    Yes
  9   504.0    509.0   516.0  254.42     3137    6.5   1.00   9.071e+4  0.99  1.297e+4    Yes
 10   525.0    531.5   534.0  265.69    72741    1.5  12.21   2.187e+6  1.00  7.873e+4     No
 11   534.0    536.0   539.0  267.95     1170   19.1   2.64   3.546e+4  1.00  4.985e+3    Yes
 12   550.0    552.3   555.0  276.09      572   16.7   1.00   1.780e+4  1.02  3.563e+3     No
 13   593.0    600.5   604.0  300.20    36968    1.4   3.76   1.241e+6  1.05  4.189e+4    Yes
 14   654.0    657.5   660.0  328.73      325   26.6   1.00   1.185e+4  1.19  2.728e+3    Yes
 15   757.0    759.9   765.0  379.95     1775    5.8   1.00   7.371e+4  1.14  4.452e+3    Yes
 16   772.0    776.2   780.0  388.08      770   12.3   1.00   3.258e+4  1.27  3.336e+3    Yes
 17   784.0    786.3   788.0  393.16       90   69.7   1.00   3.887e+3  1.15  1.475e+3     No
 18   793.0    796.7   798.0  398.35      506   22.5   1.00   2.196e+4  1.28  2.165e+3     No
 19   798.0    800.3   804.0  400.16      366   30.9   1.00   1.596e+4  1.28  2.366e+3     No
 20   892.0    894.6   897.0  447.32      349   18.2   1.00   1.692e+4  1.21  1.472e+3     No
 21   957.0    961.4   964.0  480.73     1398    5.3   1.00   7.238e+4  1.27  2.778e+3    Yes
 22   964.0    967.5   970.0  483.78     1840    5.0   1.79   9.584e+4  1.27  3.022e+3     No
 23   970.0    974.1   978.0  487.10      380   18.2   1.47   1.993e+4  1.27  1.956e+3    Yes
 24  1012.0   1022.3  1025.0  511.21     1490   30.5   1.00   8.176e+4  1.30  3.543e+3     No
 25  1025.0   1036.4  1041.0  518.25    12222    2.6   1.61   6.793e+5  1.30  1.474e+4     No
 26  1053.0   1057.3  1060.0  528.70      109   49.9   1.00   6.204e+3  1.43  1.021e+3     No
 27  1087.0   1092.4  1095.0  546.25      460   13.9   1.00   2.691e+4  1.45  1.465e+3     No
 28  1123.0   1125.9  1129.0  563.01      112   47.6   1.00   6.746e+3  1.33  9.170e+2     No
 29  1129.0   1134.0  1137.0  567.07      391   18.0   1.33   2.372e+4  1.33  1.428e+3     No
 30  1137.0   1144.9  1148.0  572.50     8182    2.0   2.22   4.997e+5  1.35  9.486e+3     No
 31  1148.0   1154.5  1160.0  577.31     3993    2.4   1.00   2.458e+5  1.35  5.327e+3     No
 32  1204.0   1209.6  1210.0  604.88     1930    5.3   1.00   1.242e+5  1.37  2.527e+3    Yes
 33  1210.0   1213.9  1221.0  607.02    14095    1.4   1.39   9.097e+5  1.37  1.576e+4    Yes
 34  1240.0   1243.9  1247.0  622.01      313   14.7   1.00   2.070e+4  1.53  8.100e+2    Yes
 35  1325.0   1332.0  1339.0  666.10     2267    3.3   1.00   1.598e+5  1.52  2.880e+3    Yes
 36  1366.0   1369.2  1372.0  684.69      206   16.2   1.00   1.491e+4  1.44  4.660e+2    Yes
 37  1431.0   1437.7  1443.0  718.99      236   16.9   1.00   1.783e+4  1.62  5.540e+2     No
 38  1451.0   1455.3  1460.0  727.78       59   47.2   1.00   4.572e+3  1.63  2.810e+2     No
 39  1523.0   1525.0  1528.0  762.65       31   63.2   1.00   2.501e+3  1.51  1.420e+2     No
 40  1540.0   1548.2  1553.0  774.22      292   13.5   1.00   2.365e+4  1.67  5.740e+2    Yes
 41  1552.0   1556.0  1558.0  778.14      224   13.9   1.00   1.825e+4  1.56  3.480e+2     No
 42  1558.0   1567.5  1575.0  783.91     6037    1.6   1.00   4.938e+5  1.56  6.365e+3    Yes
 43  1628.0   1631.9  1635.0  816.13      121   18.6   1.00   1.032e+4  1.71  2.240e+2    Yes
 44  1649.0   1657.1  1664.0  828.71     2727    2.8   1.43   2.348e+5  1.62  2.983e+3    Yes
 45  1667.0   1670.2  1673.0  835.24       34   56.6   1.00   3.024e+3  1.57  1.290e+2     No
 46  1686.0   1690.0  1694.0  845.16       82   25.9   1.00   7.222e+3  1.74  1.830e+2     No
 47  1733.0   1743.1  1753.0  871.72     1674    4.4   1.00   1.509e+5  1.68  2.030e+3     No
 48  1805.0   1812.1  1818.0  906.22      814    4.8   1.00   7.612e+4  1.79  9.490e+2     No
 49  1925.0   1930.2  1934.0  965.33      138   14.2   1.00   1.378e+4  1.84  1.980e+2    Yes
 50  1965.0   1969.3  1972.0  984.89       29   46.5   1.00   2.975e+3  1.68  7.600e+1     No
 51  2291.0   2299.6  2304.0 1150.11      272    7.9   1.00   3.203e+4  1.99  3.090e+2     No
 52  2337.0   2344.9  2351.0 1172.76      111   26.5   2.44   1.334e+4  2.01  2.020e+2     No
 53  2358.0   2368.6  2374.0 1184.62      431    6.2   1.00   5.210e+4  2.02  4.910e+2     No
 54  2424.0   2428.5  2432.0 1214.54       47   24.9   1.00   5.826e+3  2.04  6.700e+1     No
 55  2461.0   2465.6  2470.0 1233.15       27   42.7   1.00   3.400e+3  2.06  6.100e+1     No
 56  2874.0   2878.8  2882.0 1439.82       25   33.3   1.00   3.652e+3  1.99  3.400e+1     No
 57  2927.0   2934.4  2939.0 1467.60       59   24.4   1.81   8.765e+3  2.01  8.600e+1     No
 58  3001.0   3003.6  3007.0 1502.24       17   43.6   1.31   2.630e+3  2.03  2.400e+1     No
 59  3184.0   3193.1  3197.0 1597.02      229    7.9   1.04   3.639e+4  2.31  2.470e+2    Yes

Line   Nuclide   Isotope   Meta      DPM@ZT       DPM@CT        Atoms@ZT       Error      Accept  Comment
   Energy      DPM@ZT             Fraction   Error   StdDev

  1      RU         106            2.0880E+06    2.0850E+06    1.6160E+12      14.70        u      

   622.01      2.0880E+06            1.00    14.70     0.00
  2      I         126            5.0550E+05    4.8060E+05    1.3670E+10      14.00        u      

   388.08      2.0740E+05            5.03    12.30   -11.70
   666.10      5.0537E+05            1.00     3.30     0.00
  3      LA         140            5.3640E+04    3.6260E+04    1.8690E+08      30.70        u      

   328.73      1.9382E+04            0.63    26.60    -6.60
   487.10      6.4211E+04            0.84    18.20     0.90
   816.13      6.4641E+04            0.83    18.60     0.90
  1597.00      5.6420E+04            0.95     7.90     0.60
  4      TH         227            4.7510E+06    4.5870E+06    1.8470E+11      19.10        u      

   267.95      4.7495E+06            1.00    19.10     0.00
  5      PA         231            1.1090E+08    5.1110E+07    2.7560E+18       6.00        u      

   300.20      1.1084E+08            0.98     1.40     0.00
  6      U         237            5.6940E+05    5.1660E+05    7.9830E+09      55.20        u      

   118.10      5.4567E+05            1.04    17.00    -0.30
   206.63      5.7045E+05            0.27     1.90     0.10


Page:5                 anlresprint.php, Ver 1.4, 25FEB2011                 Printed:Oct 17 2018 17:23:22
==============================================================================================================
SN:290_035.18 Shot: 1139 Jug: 057 Mass: 755 Ctr:  76 ROT: 290.5574 ZT: 289.5990(2018) CT: 290.5364 CL:    30
NCHAN:4096   Live:    30.0   True:    30.1   Delta: 0.9479   Rate:31552   Gain: 0.50021   Zero: -0.17000
Type:  3  User: 76  Gain:  0  Pos: 10  Shelf: 16   LP Prog/Yr/Seq:0/0/0  Timestamp: 2018-10-17 13:24:04.0
Count acc/rej: default    QAStatus: pending    QA'd by: 00    QA Time:     QA Comm:  
--------------------------------------------------------------------------------------------------------------

Line number        Energy      Efficiency      Uncertainty
        0           59.54      5.1840E-04       0.0000E+00  
        1           88.03      1.4000E-03       0.0000E+00  
        2          122.07      1.7810E-03       0.0000E+00  
        3          165.85      1.7010E-03       0.0000E+00  
        4          391.71      7.8380E-04       0.0000E+00  
        5          661.64      4.7760E-04       0.0000E+00  
        6          898.04      3.6100E-04       0.0000E+00  
        7        1,173.21      2.7930E-04       0.0000E+00  
        8        1,332.46      2.5110E-04       0.0000E+00  
        9        1,836.13      1.8450E-04       0.0000E+00  

Shape Number      Value
       0         2.5200E-01
       1         2.7880E-03
       2        -2.7670E+00
       3         2.4430E-03
       4         1.0500E+00
       5         5.0000E-01
       6         1.5820E-07


End of Printout.               anlresprint.php, Ver 1.4, 25FEB2011              Printed: Oct 17 2018 17:23:22
==============================================================================================================
