
Page: 1                 anlresprint.php, Ver 1.4, 25FEB2011                 Printed: Oct 17 2018 17:18:18
==============================================================================================================
SN:290_005.18 Shot: 1139 Jug: 057 Mass: 371 Ctr:  76 ROT: 290.0550 ZT: 289.5990(2018) CT: 290.0428 CL:    15
NCHAN:4096   Live:    15.0   True:    17.6   Delta: 0.4499   Rate:754279   Gain: 0.50021   Zero: -0.17000
Type:  3  User: 76  Gain:  0  Pos:  6  Shelf: 16   LP Prog/Yr/Seq:0/0/0  Timestamp: 2018-10-17 01:21:04.0
Count acc/rej: default    QAStatus: pending    QA'd by: 00    QA Time:     QA Comm:  
--------------------------------------------------------------------------------------------------------------

==============================================================================================================
Analysis Results:

Analysis Code: raygun  Peaks: 109  Overall QA:    0.00  Library: 9  CD: 71  Timestamp:2018-10-17 01:21:04.0 
Analysis ZT: 289.5990      AnalysisZY: 2018     Original: Yes     Comment: 

Peak    Start    Centroid     End     Energy     NetArea     Error    Gammas/Min    Identified
  1     115.0     116.9     118.0      58.29        9560       2.7    1.4530E+06         No
  2     143.0     145.4     148.0      72.57        1707      16.3    1.4860E+05         No
  3     148.0     150.1     151.0      74.91        2360       9.8    1.8950E+05        Yes
  4     168.0     169.7     171.0      84.71        1538      16.4    9.0380E+04        Yes
  5     173.0     176.1     180.0      87.89       17930       2.6    9.5950E+05         No
  6     193.0     194.5     198.0      97.12        6156       5.1    3.0520E+05        Yes
  7     233.0     239.1     242.0     119.41       18676       2.4    7.9530E+05         No
  8     245.0     247.5     249.0     123.63        3713      10.8    1.5590E+05         No
  9     259.0     261.7     270.0     130.73       50080       1.0    2.1200E+06         No
 10     354.0     357.4     359.0     178.58        3824      10.3    1.7930E+05         No
 11     410.0     413.1     418.0     206.45       71069       0.7    3.7980E+06         No
 12     430.0     432.0     434.0     215.94        2057      12.4    1.1450E+05        Yes
 13     496.0     498.0     501.0     248.94        2126      12.0    1.3450E+05         No
 14     505.0     508.7     513.0     254.28       15018       2.0    9.6850E+05         No
 15     520.0     522.9     526.0     261.39        2678       9.0    1.7710E+05         No
 16     526.0     531.1     539.0     265.51      310663       0.3    2.0830E+07         No
 17     549.0     552.1     553.0     276.00        1871      11.4    1.2990E+05         No
 18     556.0     557.8     560.0     278.85       10053       2.7    7.0450E+05         No
 19     577.0     580.2     584.0     290.05        7384       4.4    5.3610E+05         No
 20     595.0     600.1     611.0     300.03      160005       0.4    1.1980E+07        Yes
 21     656.0     657.9     661.0     328.92        2270      13.3    1.8460E+05        Yes
 22     677.0     678.4     679.0     339.15        1011      20.9    8.4490E+04         No
 23     691.0     692.9     695.0     346.44        4535       4.7    3.8650E+05         No
 24     727.0     728.4     730.0     364.16        1416      10.8    1.2620E+05        Yes
 25     757.0     759.7     763.0     379.85        6746       3.2    6.2470E+05         No
 26     773.0     775.8     777.0     387.89        2529       7.1    2.3860E+05        Yes
 27     793.0     796.2     803.0     398.11        4522       6.5    4.3720E+05         No
 28     807.0     809.8     812.0     404.91        1788       9.5    1.7560E+05        Yes
 29     862.0     865.3     867.0     432.65        3171       5.1    3.3170E+05        Yes
 30     886.0     888.5     892.0     444.26        2103       8.2    2.2550E+05         No
 31     892.0     894.3     896.0     447.15        1841       8.1    1.9860E+05         No
 32     927.0     929.6     931.0     464.82        1320      10.6    1.4770E+05         No
 33     946.0     954.6     958.0     477.35       39891       1.1    4.5780E+06        Yes
 34     958.0     961.1     964.0     480.56        8804       2.8    1.0170E+06         No
 35     964.0     967.1     972.0     483.59        8355       2.9    9.7080E+05         No
 36     972.0     974.1     978.0     487.06        2910       6.7    3.4040E+05        Yes
 37     988.0     992.4     995.0     496.24        2628       7.8    3.1280E+05        Yes
 38    1007.0    1021.9    1032.0     511.00      617963       0.3    7.5640E+07         No
 39    1032.0    1036.1    1041.0     518.08       92562       0.9    1.1480E+07         No
 40    1046.0    1047.7    1050.0     523.88        1957       6.8    2.4520E+05         No
 41    1080.0    1082.5    1086.0     541.28        2688       5.7    3.4740E+05         No
 42    1089.0    1092.1    1095.0     546.10        2274       6.7    2.9640E+05         No
 43    1125.0    1126.7    1128.0     563.43        1120      16.2    1.5030E+05         No
 44    1128.0    1133.8    1137.0     566.99        3150       6.6    4.2540E+05         No
 45    1140.0    1144.7    1150.0     572.42       33127       1.1    4.5140E+06         No
 46    1150.0    1154.2    1158.0     577.16       16289       1.7    2.2370E+06         No
 47    1190.0    1192.2    1195.0     596.20         950      14.2    1.3450E+05         No
 48    1204.0    1209.6    1211.0     604.90       16754       1.6    2.4050E+06         No
 49    1211.0    1214.0    1221.0     607.07       57180       0.8    8.2360E+06         No
 50    1221.0    1223.9    1226.0     612.02        1260       8.3    1.8280E+05         No
 51    1233.0    1236.1    1240.0     618.12        3468       4.4    5.0810E+05         No
 52    1240.0    1243.3    1247.0     621.77        2689       5.0    3.9610E+05         No
 53    1262.0    1265.5    1270.0     632.84        2365       5.9    3.5430E+05         No
 54    1286.0    1289.2    1292.0     644.72        1222       8.8    1.8630E+05         No
 55    1326.0    1331.8    1338.0     666.02        9344       2.2    1.4690E+06        Yes
 56    1352.0    1353.9    1355.0     677.04         324      26.9    5.1670E+04         No
 57    1355.0    1356.1    1357.0     678.17         415      15.1    6.6280E+04         No
 58    1365.0    1368.3    1371.0     684.28        1143       8.8    1.8420E+05         No
 59    1375.0    1379.1    1382.0     689.67        2443       4.9    3.9640E+05         No
 60    1421.0    1422.6    1426.0     711.45         312      23.9    5.2060E+04         No
 61    1432.0    1437.6    1443.0     718.93        1088       9.7    1.8350E+05         No
 62    1542.0    1547.8    1550.0     774.07         892      10.4    1.6100E+05        Yes
 63    1554.0    1555.9    1558.0     778.10         583      12.4    1.0560E+05         No
 64    1561.0    1567.6    1574.0     783.93       29985       1.2    5.4730E+06         No
 65    1629.0    1631.8    1635.0     816.06         740      10.5    1.4020E+05        Yes
 66    1637.0    1639.1    1643.0     819.73         466      14.9    8.8590E+04        Yes
 67    1648.0    1657.0    1664.0     828.67       12278       1.9    2.3580E+06         No
 68    1667.0    1670.3    1672.0     835.33         447      15.4    8.6380E+04         No
 69    1688.0    1691.9    1697.0     846.15        1011      10.2    1.9790E+05         No
 70    1715.0    1716.8    1721.0     858.61         527      16.3    1.0450E+05         No
 71    1734.0    1742.8    1748.0     871.61        7036       2.5    1.4150E+06         No
 72    1748.0    1749.4    1755.0     874.89         451      15.3    9.1010E+04         No
 73    1805.0    1811.8    1817.0     906.12        3302       3.8    6.8850E+05         No
 74    1897.0    1901.7    1905.0     951.08         583      13.0    1.2730E+05         No
 75    1925.0    1929.8    1933.0     965.13         656      12.3    1.4540E+05         No
 76    1940.0    1944.7    1947.0     972.61         387      16.2    8.6450E+04         No
 77    1964.0    1968.0    1972.0     984.23         491      13.8    1.1080E+05         No
 78    1975.0    1980.4    1986.0     990.43        1287       7.0    2.9230E+05         No
 79    2178.0    2183.8    2189.0    1092.19         493      12.9    1.2290E+05         No
 80    2195.0    2200.3    2204.0    1100.46         287      25.9    7.2130E+04         No
 81    2253.0    2258.0    2263.0    1129.31         292      21.8    7.5230E+04         No
 82    2294.0    2299.4    2307.0    1150.02        1307       8.0    3.4250E+05         No
 83    2307.0    2309.7    2314.0    1155.17         327      20.1    8.6160E+04         No
 84    2337.0    2344.8    2347.0    1172.71         601      13.0    1.6060E+05         No
 85    2347.0    2348.6    2351.0    1174.64         245      19.0    6.5620E+04         No
 86    2363.0    2368.0    2372.0    1184.31        1822       5.8    4.9070E+05         No
 87    2394.0    2399.4    2403.0    1200.03         504      11.3    1.3720E+05         No
 88    2410.0    2414.5    2417.0    1207.60         187      23.5    5.1270E+04        Yes
 89    2419.0    2427.1    2431.0    1213.90         669      14.2    1.8400E+05         No
 90    2463.0    2466.9    2470.0    1233.80         295      17.9    8.2310E+04         No
 91    2514.0    2516.8    2519.0    1258.75         215      19.4    6.0890E+04         No
 92    2552.0    2555.6    2560.0    1278.14         199      23.3    5.7180E+04         No
 93    2572.0    2576.0    2578.0    1288.40         290      18.5    8.3880E+04         No
 94    2751.0    2754.4    2760.0    1377.60         446      13.1    1.3700E+05        Yes
 95    2862.0    2865.1    2868.0    1432.96         270      16.8    8.6160E+04         No
 96    2928.0    2933.7    2939.0    1467.31         464      15.3    1.5140E+05         No
 97    2982.0    2989.8    2995.0    1495.34        1099       7.3    3.6500E+05         No
 98    2995.0    3001.4    3006.0    1501.14        1610       6.2    5.3670E+05         No
 99    3046.0    3053.1    3058.0    1527.02         749       8.4    2.5380E+05         No
100    3107.0    3110.3    3114.0    1555.65         241      16.3    8.3230E+04         No
101    3163.0    3169.7    3174.0    1585.34         702      10.0    2.4660E+05         No
102    3185.0    3192.4    3198.0    1596.70        1643       6.0    5.8110E+05        Yes
103    3325.0    3330.4    3332.0    1665.73         218      19.0    8.0220E+04         No
104    3434.0    3440.8    3446.0    1720.93         395      13.0    1.5020E+05         No
105    3531.0    3539.7    3544.0    1770.44         399      15.9    1.5600E+05         No
106    3560.0    3564.5    3566.0    1782.84         128      24.2    5.0490E+04         No
107    3699.0    3705.0    3710.0    1853.10         214      18.4    8.7160E+04         No
108    3769.0    3775.6    3780.0    1888.41         298      15.7    1.2390E+05         No
109    3966.0    3972.2    3977.0    1986.77         306      13.6    1.3370E+05         No

Line   Nuclide   Isotope   Meta      DPM@ZT       DPM@CT        Atoms@ZT       Error      Accept  Comment
   Energy      DPM@ZT             Fraction   Error   StdDev

  1      BE           7            4.4320E+07    4.4060E+07    4.9060E+12       1.60        u      

   477.00      4.4320E+07            1.00     1.40     0.00
  2      RU         103            3.5550E+05    3.5270E+05    2.8980E+10       7.90        u      

   496.00      3.5550E+05            1.00     7.90     0.00
  3      TE         131       M    4.4540E+05    3.4700E+05    1.1560E+09      10.30        u      

   666.00      3.1420E+07            0.72     2.40     0.00
   774.00      5.4220E+05            1.00    10.40     0.00
  1208.00      6.7560E+05            1.00    23.50     0.00
   852.00      8.9360E+04           -1.00     0.00     0.00
  4      I         124            8.8900E+06    8.2510E+06    7.7180E+10      13.10        u      

  1378.00      8.8900E+06            1.00    13.00     0.00
  5      I         126            1.3200E+06    1.2890E+06    3.5690E+10       3.60        u      

   388.00      7.1670E+05            1.00     7.10     0.00
   666.00      4.4990E+06            0.99     2.40     0.00
  6      I         131            1.6160E+05    1.5540E+05    2.6980E+09      10.90        u      

   364.00      1.6160E+05            1.00    10.80     0.00
  7      CS         136            6.2330E+04    6.0870E+04    1.7040E+09      17.00        u      

   820.00      9.0930E+04            1.00    14.80     0.00
  1048.00      1.7060E+04           -1.00     0.00     0.00
  8      LA         140            8.1630E+05    6.7780E+05    2.8450E+09       3.90        u      

   329.00      1.0740E+06            1.00    13.30     0.00
   433.00      1.3360E+07            1.00     5.10     0.00
   487.00      8.9310E+05            1.00     6.70     0.00
   816.00      7.1540E+05            1.00    10.50     0.00
  1597.00      7.3360E+05            1.00     6.00     0.00
  9      TB         161            1.9460E+06    1.8600E+06    2.7920E+10      10.00        u      

    75.00      2.0230E+06            1.00     9.80     0.00
    49.00      7.7900E+05           -1.00     0.00     0.00
  10      PB         211            1.1580E+12    4.5850E+06    6.0310E+13       9.60        u      

   405.00      1.1580E+12            1.00     9.60     0.00
  11      PB         212            7.2470E+08    3.5860E+08    6.6730E+11       1.10        u      

   300.00      7.2470E+08            1.00     1.00     0.00
  12      TH         228            1.3180E+07    9.2880E+06    1.9130E+13      12.90        u      

    85.00      1.0600E+07            1.00    16.40     0.00
   216.00      5.8640E+07            1.00    12.40     0.00
  13      PA         231            1.9790E+09    5.0330E+08    4.9210E+19       1.10        u      

   300.00      1.9790E+09            1.00     1.00     0.00
  14      AC         227            3.4530E+10    3.4520E+10    5.7020E+17       1.10        u      

   300.00      3.4530E+10            1.00     1.00     0.00
  15      U         237            1.9980E+06    1.9080E+06    2.8010E+10       5.20        u      

    97.00      1.9980E+06            1.00     5.10     0.00


Page:2                 anlresprint.php, Ver 1.4, 25FEB2011                 Printed:Oct 17 2018 17:18:19
==============================================================================================================
SN:290_005.18 Shot: 1139 Jug: 057 Mass: 371 Ctr:  76 ROT: 290.0550 ZT: 289.5990(2018) CT: 290.0428 CL:    15
NCHAN:4096   Live:    15.0   True:    17.6   Delta: 0.4499   Rate:754279   Gain: 0.50021   Zero: -0.17000
Type:  3  User: 76  Gain:  0  Pos:  6  Shelf: 16   LP Prog/Yr/Seq:0/0/0  Timestamp: 2018-10-17 01:21:04.0
Count acc/rej: default    QAStatus: pending    QA'd by: 00    QA Time:     QA Comm:  
--------------------------------------------------------------------------------------------------------------

==============================================================================================================
Analysis Results:

Analysis Code: specanl  Peaks: 128  Overall QA:    0.00  Library: 9  CD: 71  Timestamp:2018-10-17 01:21:04.0 
Analysis ZT: 289.5990      AnalysisZY: 2018     Original: Yes     Comment: 

Peak   Centroid    Energy     NetArea     Error     QFit    Gammas/Min      FWHM    Identified
  1     116.81      58.26       10493       2.5      1.0    1.5962E+06      0.92        No
  2     145.50      72.61        2023      12.1      1.0    1.7586E+05      1.00        No
  3     150.09      74.91        2840       8.7      1.0    2.2813E+05      1.00       Yes
  4     169.57      84.65        2746      15.8      1.6    1.6166E+05      1.70       Yes
  5     176.04      87.89       18879       2.5      4.9    1.0104E+06      1.70        No
  6     194.48      97.11        5907       4.6      1.0    2.9292E+05      1.00       Yes
  7     239.03     119.40       18677       2.4     19.5    7.9543E+05      1.10        No
  8     247.58     123.67        3606      10.2      1.0    1.5138E+05      1.19        No
  9     261.63     130.70       50585       0.9      5.5    2.1413E+06      1.01        No
 10     324.76     162.28        2243      25.0      1.0    9.8064E+04      1.39       Yes
 11     357.22     178.51        4597       9.1      1.0    2.1550E+05      1.39        No
 12     413.11     206.47       72739       0.5      1.4    3.8878E+06      1.04        No
 13     432.06     215.95        3212      11.4      1.6    1.7875E+05      1.38       Yes
 14     498.05     248.96        2989      10.9      1.0    1.8908E+05      1.34        No
 15     508.67     254.27       16148       1.9      1.0    1.0413E+06      1.09       Yes
 16     522.65     261.27        2469      10.6      6.6    1.6316E+05      1.12       Yes
 17     531.21     265.54      313146       0.2     40.1    2.0999E+07      1.12        No
 18     552.13     276.01        2338       9.8      1.0    1.6232E+05      1.01        No
 19     557.74     278.82       11278       2.5      1.0    7.9029E+05      1.08        No
 20     580.36     290.13        6835       4.4      2.5    4.9641E+05      1.38        No
 21     600.20     300.06      160697       0.3     16.9    1.2031E+07      1.17       Yes
 22     614.86     307.39        1282      16.2      1.0    9.8100E+04      1.06        No
 23     637.61     318.77        1145      25.8      1.0    9.0534E+04      1.12       Yes
 24     657.92     328.93        2691      13.9      1.0    2.1884E+05      1.90       Yes
 25     677.85     338.90        4712      12.1      1.3    3.9374E+05      2.23       Yes
 26     692.92     346.44        4929       4.3      1.0    4.2010E+05      1.18        No
 27     728.52     364.24        1513      10.1      1.0    1.3489E+05      0.98       Yes
 28     747.17     373.57         727      22.2      1.0    6.6283E+04      1.14        No
 29     759.70     379.84        6972       3.1      1.0    6.4559E+05      1.25        No
 30     775.61     387.80        3101       6.5      1.3    2.9255E+05      1.27        No
 31     796.29     398.14        4881       6.1     15.1    4.7186E+05      1.22       Yes
 32     809.82     404.91        2143       9.1      1.0    2.1052E+05      1.39       Yes
 33     820.94     410.47        1000      17.5      1.0    9.9518E+04      1.30        No
 34     846.20     423.11         882      20.2      1.0    9.0275E+04      1.48        No
 35     865.32     432.67        3666       4.3      1.0    3.8342E+05      1.24        No
 36     888.54     444.29        2222       7.7      1.0    2.3825E+05      1.29        No
 37     894.26     447.15        2266       7.2      1.0    2.4444E+05      1.29        No
 38     906.29     453.16        1383      15.1      1.8    1.5109E+05      1.57        No
 39     919.34     459.69        1180      21.8      1.0    1.3069E+05      2.55       Yes
 40     929.61     464.83        1795       9.3      1.0    2.0087E+05      1.41        No
 41     954.51     477.28       40614       0.9     16.2    4.6605E+06      1.43       Yes
 42     961.12     480.59        8879       2.3      1.5    1.0255E+06      1.43        No
 43     967.19     483.63        8413       2.4      4.1    9.7751E+05      1.43        No
 44     974.10     487.09        3042       5.5      2.9    3.5580E+05      1.43       Yes
 45     992.41     496.24        2404       8.0      1.0    2.8625E+05      1.78        No
 46    1021.99     511.04      665610       0.3    143.6    8.1475E+07      2.95       Yes
 47    1035.80     517.95       55460       1.3   1301.8    6.8754E+06      2.95        No
 48    1047.37     523.74        5069       6.2     47.7    6.3506E+05      2.95        No
 49    1082.46     541.29        3138       5.0      1.0    4.0558E+05      1.55        No
 50    1092.15     546.14        2745       5.8      1.0    3.5778E+05      1.60        No
 51    1120.48     560.31         291      20.2      1.0    3.8859E+04      0.70        No
 52    1127.20     563.67        1303      14.5      3.9    1.7498E+05      2.22       Yes
 53    1133.48     566.81        3142       6.2      5.8    4.2420E+05      2.22        No
 54    1144.64     572.39       33393       1.0      2.2    4.5497E+06      1.41        No
 55    1154.28     577.21       16175       1.3      1.3    2.2214E+06      1.41        No
 56    1175.75     587.95         328      22.6      1.0    4.5841E+04      0.90        No
 57    1192.46     596.31        1043      12.5      1.0    1.4772E+05      1.69        No
 58    1213.39     606.78       73544       0.6    531.8    1.0588E+07      1.76        No
 59    1223.66     611.92        1859       9.7      4.5    2.6973E+05      1.76        No
 60    1236.10     618.14        3349       4.1      1.0    4.9075E+05      1.48        No
 61    1243.52     621.85        2794       5.0      1.0    4.1171E+05      1.48       Yes
 62    1265.61     632.90        2704       5.9      1.2    4.0517E+05      1.70        No
 63    1277.46     638.83         273      44.2      1.0    4.1258E+04      1.96        No
 64    1289.35     644.77        1545       7.9      1.0    2.3560E+05      1.60        No
 65    1331.84     666.03        9603       2.1      3.4    1.5095E+06      1.63       Yes
 66    1355.46     677.84         646      18.0      2.2    1.0323E+05      1.93        No
 67    1368.68     684.46        1218       8.9      1.0    1.9628E+05      1.49        No
 68    1379.07     689.65        2629       4.3      1.0    4.2663E+05      1.45        No
 69    1414.95     707.60         128      28.5      1.0    2.1296E+04      0.66        No
 70    1424.00     712.13         273      70.6      1.0    4.5597E+04      1.53        No
 71    1437.55     718.90        1525       9.0      1.2    2.5711E+05      2.06        No
 72    1547.65     773.98         850      11.3      1.0    1.5341E+05      1.68       Yes
 73    1556.05     778.18         563      13.1      1.0    1.0198E+05      1.38       Yes
 74    1567.67     783.99       29976       1.2     13.5    5.4713E+06      1.84        No
 75    1611.47     805.90         173      27.6      1.0    3.2436E+04      1.09        No
 76    1631.65     816.00         779       9.7      1.0    1.4743E+05      1.51       Yes
 77    1638.96     819.65         488      14.1      1.0    9.2739E+04      1.51        No
 78    1657.00     828.68       11946       1.7      1.4    2.2940E+06      1.66        No
 79    1670.13     835.25         510      13.1      1.0    9.8717E+04      1.46        No
 80    1691.46     845.91        1571       9.8      1.4    3.0743E+05      2.80        No
 81    1717.07     858.73         550      13.4      1.0    1.0905E+05      1.66        No
 82    1724.61     862.49         269      25.5      1.0    5.3665E+04      1.66        No
 83    1735.29     867.84         172      29.1      1.0    3.4371E+04      1.67       Yes
 84    1742.88     871.64        6998       2.4      1.5    1.4074E+06      1.66        No
 85    1811.96     906.19        3431       3.6      1.0    7.1544E+05      1.66        No
 86    1887.39     943.92         281      20.9      1.0    6.0994E+04      1.55        No
 87    1901.95     951.20         640      13.3      1.0    1.3970E+05      1.97        No
 88    1929.98     965.23         587      12.6      1.0    1.3013E+05      1.58       Yes
 89    1944.90     972.69         377      15.0      1.0    8.4075E+04      1.31        No
 90    1967.98     984.23         509      13.4      1.0    1.1490E+05      1.76        No
 91    1980.33     990.41        1361       6.3      1.0    3.0894E+05      1.77        No
 92    2031.70    1016.11         163      28.2      1.0    3.7877E+04      1.79        No
 93    2183.77    1092.17         557      15.9      1.8    1.3894E+05      2.60        No
 94    2258.26    1129.44         383      20.3      1.0    9.8557E+04      2.74        No
 95    2279.71    1140.17          88      39.5      1.0    2.2782E+04      1.31        No
 96    2299.55    1150.09        1007       8.5      1.4    2.6403E+05      1.97        No
 97    2345.11    1172.88         848      15.3      2.4    2.2650E+05      4.23       Yes
 98    2368.11    1184.38        2207       5.4      1.0    5.9427E+05      2.22        No
 99    2379.87    1190.26         134      35.7      1.0    3.6339E+04      1.79        No
100    2399.98    1200.32         594      11.6      1.4    1.6176E+05      1.52       Yes
101    2414.55    1207.61         198      23.4      1.0    5.4154E+04      1.42        No
102    2426.09    1213.38         735      14.4      1.6    2.0199E+05      3.29        No
103    2466.73    1233.71         285      19.1      1.0    7.9498E+04      1.91        No
104    2516.72    1258.72         302      18.0      1.0    8.5555E+04      1.73        No
105    2553.91    1277.32         183      41.6      1.1    5.2424E+04      1.98       Yes
106    2575.55    1288.15         304      19.4      1.0    8.7937E+04      2.04        No
107    2666.99    1333.88         131      29.5      1.0    3.8848E+04      1.56        No
108    2724.68    1362.74         235      25.6      1.0    7.1406E+04      2.32       Yes
109    2754.64    1377.73         429      13.9      1.0    1.3180E+05      1.71        No
110    2865.14    1433.00         337      14.1      1.0    1.0750E+05      1.55        No
111    2932.90    1466.90         463      15.4      1.0    1.5076E+05      2.79        No
112    2967.51    1484.21          97      42.1      1.4    3.1880E+04      2.07        No
113    2990.18    1495.55         934       8.2      1.9    3.1018E+05      1.76        No
114    3001.44    1501.18        1504       5.8      1.0    5.0121E+05      1.76        No
115    3053.68    1527.31         727       9.7      1.6    2.4631E+05      1.74        No
116    3111.06    1556.01         260      17.1      1.0    8.9525E+04      1.41        No
117    3145.63    1573.31         112      45.2      1.0    3.8933E+04      2.18        No
118    3170.12    1585.56         824      10.4      1.6    2.8932E+05      2.79        No
119    3193.08    1597.04        1605       6.2      1.5    5.6753E+05      1.91       Yes
120    3216.65    1608.83          46      38.0      1.0    1.6510E+04      2.20        No
121    3330.12    1665.59         242      17.7      1.0    8.9249E+04      1.25        No
122    3441.30    1721.20         363      16.4      1.0    1.3794E+05      2.16        No
123    3538.35    1769.75         443      15.3      1.0    1.7276E+05      3.56        No
124    3563.94    1782.55         155      22.8      1.2    6.1019E+04      2.31        No
125    3705.29    1853.25         202      21.2      1.0    8.2258E+04      2.47        No
126    3775.95    1888.60         291      18.0      1.0    1.2107E+05      2.19        No
127    3862.70    1931.99          61      30.7      1.0    2.6109E+04      2.40        No
128    4037.93    2019.64         309      20.0      1.0    1.3713E+05      1.73        No

Line   Nuclide   Isotope   Meta      DPM@ZT       DPM@CT        Atoms@ZT       Error      Accept  Comment
   Energy      DPM@ZT             Fraction   Error   StdDev

  1      BE           7            4.5120E+07    4.4860E+07    4.9950E+12       1.10        u      

   477.28      4.5120E+07            1.00     1.10     0.00
  2      CO          60            2.2680E+05    2.2670E+05    9.0680E+11      15.30        u      

  1172.88      2.2680E+05            1.00    15.30     0.00
  3      ZR          97            8.2980E+06    5.3290E+06    1.2140E+10      25.70        u      

   254.27      1.2970E+08            0.06     1.90     0.00
  1362.74      8.2980E+06            1.00    25.70     0.00
  4      MO          99            2.6260E+06    2.3440E+06    1.4990E+10      13.10        u      

   778.18      2.6260E+06            1.00    13.10     0.00
  5      RU         106            4.1460E+06    4.1460E+06    2.7670E+17       5.00        u      

   621.85      4.1460E+06            1.00     5.00     0.00
  6      RH         105            5.8890E+05    4.7650E+05    1.8020E+09      25.80        u      

   318.77      5.8890E+05            1.00    25.80     0.00
  7      CD         115            9.6740E+06    8.4100E+06    4.4780E+10      10.60        u      

   261.27      9.6740E+06            1.00    10.60     0.00
  8      TE         129            1.7130E+06    1.6970E+06    1.1960E+11      21.80        u      

   459.69      1.7130E+06            1.00    21.80     0.00
  9      TE         131       M    5.1670E+05    4.0260E+05    1.3420E+09      11.30        u      

   773.98      5.1670E+05            1.00    11.30     0.00
  10      I         126            4.6710E+06    4.5610E+06    1.2630E+11       2.20        u      

   666.03      4.6710E+06            1.00     2.20     0.00
  11      I         131            1.7270E+05    1.6610E+05    2.8850E+09      10.10        u      

   364.24      1.7270E+05            1.00    10.10     0.00
  12      CS         134            2.0890E+06    2.0880E+06    3.2680E+12      14.50        u      

   563.67      2.0890E+06            1.00    14.50     0.00
  13      BA         140            1.6180E+06    1.5790E+06    4.2860E+10      25.00        u      

   162.28      1.6180E+06            1.00    25.00     0.00
  14      LA         140            8.1090E+05    6.7330E+05    2.8270E+09      34.30        u      

   328.93      1.2730E+06            0.64    13.90     1.00
   487.09      9.3350E+05            0.87     5.60     0.60
   816.00      7.5230E+05            1.08     9.70    -0.20
   867.84      7.4050E+05            1.10    29.10    -0.20
  1597.04      7.1640E+05            1.13     6.20    -0.50
  15      EU         156            1.6990E+06    1.6640E+06    5.3610E+10      41.60        u      

  1277.32      1.6990E+06            1.00    41.60     0.00
  16      TB         160            5.1230E+06    5.1010E+06    7.6960E+11      19.20        u      

   215.95      4.5450E+06            1.13    11.40    -0.50
  1200.32      7.0030E+06            0.73    11.60     0.80
  17      TB         161            2.4350E+06    2.3280E+06    3.4960E+10       8.80        u      

    74.91      2.4350E+06            1.00     8.80     0.00
  18      PB         211            1.3060E+12    5.1710E+06    6.8030E+13       9.10        u      

   404.91      1.3890E+12            1.00     9.10     0.00
  19      BI         212            6.0240E+11    3.6220E+08    5.2620E+13       0.90        u      

   300.06      5.9910E+11            1.01     0.60    -0.50
   511.04      6.2730E+11            0.96     0.60     0.50
  20      TH         228            2.6850E+06    1.8920E+06    3.8980E+12      29.80        u      

    84.65      1.8960E+07            0.20    15.80     2.00
   215.95      9.1580E+07            0.04    11.40    -0.50
   338.90      4.5060E+06            0.85    12.10     0.40
   965.23      3.1840E+06            1.20    12.60    -0.60
  21      PA         233            6.5670E+06    6.4910E+06    3.6830E+11       8.70        u      

   300.06      1.9630E+08            0.03     0.60    -0.50
   398.14      4.0110E+07            0.16     6.10     3.40
  22      U         234            8.7810E+09    8.7810E+09    1.6350E+21       1.90        u      

   254.27      9.3810E+09            0.94     1.90     0.00
  23      U         237            1.9170E+06    1.8310E+06    2.6890E+10       4.60        u      

    97.11      1.9170E+06            1.00     4.60     0.00


Page:3                 anlresprint.php, Ver 1.4, 25FEB2011                 Printed:Oct 17 2018 17:18:20
==============================================================================================================
SN:290_005.18 Shot: 1139 Jug: 057 Mass: 371 Ctr:  76 ROT: 290.0550 ZT: 289.5990(2018) CT: 290.0428 CL:    15
NCHAN:4096   Live:    15.0   True:    17.6   Delta: 0.4499   Rate:754279   Gain: 0.50021   Zero: -0.17000
Type:  3  User: 76  Gain:  0  Pos:  6  Shelf: 16   LP Prog/Yr/Seq:0/0/0  Timestamp: 2018-10-17 01:21:04.0
Count acc/rej: default    QAStatus: pending    QA'd by: 00    QA Time:     QA Comm:  
--------------------------------------------------------------------------------------------------------------

==============================================================================================================
Analysis Results:

Analysis Code: unisampo  Peaks: 129  Overall QA:    0.00  Library: 9  CD: 71  Timestamp:2018-10-17 01:21:06.0 
Analysis ZT: 289.5990      AnalysisZY: 2018     Original: Yes     Comment: 

Peak  Start Centroid     End  Energy  NetArea  Error   Qfit Gammas/Min  FWHM  Integral Identified
  1   106.0    116.8   130.0   58.28     8637    2.3   3.29   1.173e+6  0.75  4.048e+4     No
  2   146.0    150.3   160.0   74.99     1938   10.5   3.96   1.387e+5  0.77  3.520e+4     No
  3   161.0    176.2   189.0   87.95    10572    2.1  31.40   5.045e+5  0.79  4.776e+4     No
  4   179.0    194.5   205.0   97.13     5136    4.2   1.93   2.275e+5  0.81  4.541e+4     No
  5   221.0    236.2   247.0  117.99     3691    6.5   3.87   1.416e+5  0.84  5.538e+4     No
  6   221.0    239.1   247.0  119.43    12043    2.2   3.87   4.581e+5  0.84  6.456e+4     No
  7   241.0    247.5   258.0  123.62     2619    9.6   1.40   9.824e+4  0.85  5.624e+4     No
  8   248.0    261.6   278.0  130.69    41687    0.8  16.37   1.576e+6  0.86  9.804e+4     No
  9   345.0    357.4   370.0  178.63     3586    6.9   2.79   1.503e+5  0.93  5.943e+4     No
 10   399.0    413.2   429.0  206.50    69617    0.5  13.44   3.325e+6  0.97  1.146e+5     No
 11   424.0    432.2   446.0  216.00     2065   10.6   1.68   1.027e+5  0.98  4.275e+4     No
 12   485.0    498.0   507.0  248.92     1745   11.6   8.32   9.860e+4  1.02  3.681e+4     No
 13   499.0    508.6   522.0  254.22    14867    1.6   6.46   8.564e+5  1.03  4.962e+4     No
 14   511.0    522.8   527.0  261.32     2319    9.6   3.29   1.369e+5  1.04  3.709e+4     No
 15   524.0    531.2   550.0  265.54   294261    0.2  60.52   1.763e+7  1.04  3.297e+5     No
 16   524.0    535.5   550.0  267.69     9823    2.3  60.52   5.928e+5  1.05  4.486e+4     No
 17   539.0    552.1   569.0  276.01     2002    9.7   2.58   1.242e+5  1.06  3.492e+4     No
 18   539.0    557.8   569.0  278.82    10392    2.1   2.58   6.506e+5  1.06  4.274e+4     No
 19   566.0    580.3   595.0  290.10     6177    3.3   4.38   4.008e+5  1.07  3.774e+4     No
 20   583.0    600.2   614.0  300.06   149852    0.3  18.36   1.002e+7  1.09  1.815e+5    Yes
 21   583.0    604.5   614.0  302.23     7556    2.8  18.36   5.087e+5  1.09  3.916e+4    Yes
 22   606.0    614.8   628.0  307.38      856   22.2   8.67   5.854e+4  1.10  3.170e+4     No
 23   624.0    637.6   655.0  318.78      986   18.1   0.98   6.965e+4  1.11  2.985e+4    Yes
 24   644.0    657.9   672.0  328.92     1829    9.8   1.86   1.329e+5  1.12  3.004e+4    Yes
 25   665.0    678.3   692.0  339.13     1699   10.2  10.22   1.269e+5  1.13  2.747e+4     No
 26   686.0    692.9   714.0  346.42     4937    3.7   3.07   3.759e+5  1.14  2.692e+4     No
 27   715.0    728.5   746.0  364.23     1566    9.4   1.37   1.247e+5  1.17  1.962e+4    Yes
 28   734.0    747.1   758.0  373.56      636   22.3   4.49   5.183e+4  1.18  1.786e+4     No
 29   748.0    759.7   774.0  379.83     6559    2.5   3.05   5.426e+5  1.18  2.297e+4     No
 30   762.0    775.7   790.0  387.82     2665    5.3   1.67   2.246e+5  1.19  1.801e+4     No
 31   785.0    796.2   808.0  398.11     2831    4.9   1.95   2.445e+5  1.21  1.676e+4     No
 32   785.0    800.1   808.0  400.05     1334   10.1   1.95   1.158e+5  1.21  1.496e+4     No
 33   802.0    809.8   821.0  404.89     1708    7.9   2.33   1.499e+5  1.21  1.485e+4     No
 34   811.0    821.0   836.0  410.51      715   17.5   1.73   6.358e+4  1.22  1.347e+4     No
 35   839.0    845.9   861.0  422.95      667   18.8   1.76   6.099e+4  1.23  1.235e+4     No
 36   849.0    865.3   881.0  432.68     3486    3.7   1.43   3.257e+5  1.25  1.444e+4    Yes
 37   873.0    888.5   906.0  444.28     1918    6.1   3.21   1.837e+5  1.26  1.233e+4     No
 38   873.0    894.2   906.0  447.13     1859    6.4   3.21   1.791e+5  1.26  1.218e+4     No
 39   895.0    906.3   918.0  453.19      697   16.1   6.92   6.799e+4  1.27  1.075e+4     No
 40   922.0    929.6   948.0  464.84     1491    7.8   1.27   1.490e+5  1.28  1.091e+4     No
 41   932.0    954.5   990.0  477.29    37705    0.6   8.90   3.865e+6  1.30  3.930e+4    Yes
 42   932.0    961.1   990.0  480.59     7762    1.8   8.90   8.009e+5  1.30  9.310e+3     No
 43   932.0    967.2   990.0  483.62     7288    1.9   8.90   7.565e+5  1.30  8.790e+3     No
 44   932.0    974.1   990.0  487.10     2347    4.9   8.90   2.453e+5  1.31  3.794e+3    Yes
 45   978.0    992.7  1009.0  496.37     2052    5.6   3.68   2.183e+5  1.32  1.175e+4     No
 46   995.0   1021.8  1033.0  510.97   620985    0.1 126.73   6.790e+7  2.69  6.541e+5     No
 47  1030.0   1036.1  1046.0  518.12    47545    0.6  39.73   5.267e+6  1.34  6.147e+4     No
 48  1040.0   1047.6  1065.0  523.85     2209    5.6   4.79   2.473e+5  1.35  1.152e+4     No
 49  1076.0   1082.5  1111.0  541.29     2654    4.2   1.24   3.065e+5  1.37  9.341e+3     No
 50  1076.0   1092.1  1111.0  546.13     2330    4.3   1.24   2.713e+5  1.37  8.799e+3     No
 51  1111.0   1130.1  1141.0  565.14      818   11.6   6.57   9.842e+4  1.39  7.496e+3     No
 52  1111.0   1133.9  1141.0  567.00     2014    5.3   6.57   2.429e+5  1.39  8.759e+3     No
 53  1136.0   1144.6  1164.0  572.39    33382    0.6   7.70   4.063e+6  1.40  3.962e+4     No
 54  1136.0   1154.3  1164.0  577.22    16208    1.0   7.70   1.989e+6  1.40  2.244e+4     No
 55  1176.0   1192.3  1206.0  596.24      827   10.4   5.70   1.046e+5  1.43  6.341e+3     No
 56  1194.0   1209.3  1234.0  604.75    15322    1.1   8.25   1.964e+6  1.43  2.077e+4    Yes
 57  1194.0   1213.6  1234.0  606.90    58809    0.4   8.25   7.566e+6  1.44  6.428e+4     No
 58  1194.0   1223.5  1234.0  611.85     1735    5.5   8.25   2.249e+5  1.44  7.273e+3     No
 59  1225.0   1236.1  1251.0  618.16     3383    3.0   4.01   4.428e+5  1.45  8.456e+3     No
 60  1225.0   1243.5  1251.0  621.84     2823    3.6   4.01   3.716e+5  1.45  7.576e+3    Yes
 61  1247.0   1265.6  1287.0  632.89     2323    3.8   1.80   3.110e+5  1.46  6.738e+3     No
 62  1272.0   1289.3  1307.0  644.75     1289    6.1   1.45   1.755e+5  1.48  5.311e+3     No
 63  1312.0   1331.9  1351.0  666.05     8897    1.3   3.54   1.249e+6  1.50  1.262e+4     No
 64  1344.0   1355.6  1367.0  677.92      476   14.8   2.84   6.794e+4  1.51  4.017e+3     No
 65  1357.0   1368.7  1399.0  684.47     1262    6.0   1.65   1.817e+5  1.52  4.659e+3     No
 66  1357.0   1379.0  1399.0  689.64     2696    3.1   1.65   3.908e+5  1.52  5.961e+3     No
 67  1406.0   1422.9  1434.0  711.60      279   21.9   1.24   4.166e+4  1.55  3.049e+3     No
 68  1423.0   1437.5  1458.0  718.90     1095    6.1   1.18   1.649e+5  1.55  3.734e+3     No
 69  1423.0   1457.3  1458.0  728.78      378   18.2   1.18   5.769e+4  1.56  2.749e+3     No
 70  1529.0   1547.7  1596.0  774.02      926    6.6  11.47   1.492e+5  1.61  3.239e+3     No
 71  1529.0   1556.0  1596.0  778.15      782    7.5  11.47   1.266e+5  1.61  3.058e+3     No
 72  1529.0   1567.7  1596.0  784.00    29355    0.6  11.47   4.787e+6  1.62  3.158e+4     No
 73  1613.0   1631.6  1649.0  815.98      772    7.3   1.97   1.306e+5  1.65  2.631e+3    Yes
 74  1613.0   1639.0  1649.0  819.68      487   11.4   1.97   8.279e+4  1.65  2.315e+3     No
 75  1640.0   1656.9  1669.0  828.64    11882    1.0   4.59   2.038e+6  1.66  1.384e+4     No
 76  1662.0   1670.1  1689.0  835.22      489   11.8   3.06   8.449e+4  1.67  2.354e+3     No
 77  1672.0   1691.7  1713.0  846.06      925    6.0   1.76   1.617e+5  1.68  2.663e+3     No
 78  1699.0   1717.1  1736.0  858.73      567    9.1   2.50   1.006e+5  1.69  2.203e+3     No
 79  1699.0   1724.4  1736.0  862.43      259   19.3   2.50   4.613e+4  1.70  1.929e+3     No
 80  1733.0   1742.8  1769.0  871.63     6752    1.5   2.16   1.213e+6  1.70  8.477e+3     No
 81  1733.0   1749.6  1769.0  874.98      537    9.8   2.16   9.679e+4  1.71  2.193e+3     No
 82  1793.0   1811.8  1834.0  906.14     3421    2.2   1.71   6.373e+5  1.74  4.800e+3     No
 83  1881.0   1887.3  1922.0  943.89      256   18.8   0.89   4.959e+4  1.77  1.477e+3     No
 84  1881.0   1901.9  1922.0  951.17      622    7.6   0.89   1.213e+5  1.78  1.830e+3     No
 85  1906.0   1929.9  1944.0  965.21      545    8.7   1.49   1.078e+5  1.80  1.821e+3     No
 86  1931.0   1944.9  1966.0  972.69      373   12.2   2.78   7.438e+4  1.80  1.630e+3     No
 87  1946.0   1968.0  2002.0  984.24      518    8.6   1.06   1.044e+5  1.81  1.693e+3     No
 88  1946.0   1980.3  2002.0  990.38     1344    4.0   1.06   2.727e+5  1.82  2.491e+3     No
 89  2012.0   2032.2  2068.0 1016.36      302   13.1   1.12   6.275e+4  1.84  1.335e+3     No
 90  2012.0   2043.6  2068.0 1022.07      301   12.8   1.12   6.295e+4  1.85  1.291e+3     No
 91  2101.0   2122.9  2143.0 1061.72      128   26.9   1.16   2.770e+4  1.89  9.880e+2     No
 92  2164.0   2183.5  2207.0 1092.06      386   10.1   2.44   8.601e+4  1.92  1.257e+3     No
 93  2237.0   2258.3  2280.0 1129.45      261   13.2   1.38   6.004e+4  1.95  1.007e+3     No
 94  2275.0   2299.3  2315.0 1149.95      969    4.8   2.74   2.269e+5  1.97  1.781e+3     No
 95  2324.0   2343.4  2364.0 1172.06      481    8.1   3.00   1.148e+5  1.99  1.290e+3     No
 96  2350.0   2368.1  2390.0 1184.37     1970    2.9   1.60   4.741e+5  2.00  2.757e+3     No
 97  2350.0   2380.0  2390.0 1190.32      132   27.4   1.60   3.186e+4  2.01  9.020e+2     No
 98  2388.0   2399.7  2447.0 1200.20      591    7.3   2.16   1.439e+5  2.01  1.375e+3     No
 99  2388.0   2414.3  2447.0 1207.48      161   21.1   2.16   3.930e+4  2.02  9.230e+2     No
100  2388.0   2426.6  2447.0 1213.63      544    7.1   2.16   1.335e+5  2.03  1.288e+3     No
101  2445.0   2466.5  2489.0 1233.63      289   12.0   1.10   7.184e+4  2.05  9.880e+2     No
102  2494.0   2516.4  2538.0 1258.57      264   13.2   1.58   6.685e+4  2.07  9.840e+2     No
103  2530.0   2555.0  2566.0 1277.90      192   18.0   1.40   4.918e+4  2.09  8.710e+2     No
104  2556.0   2575.5  2598.0 1288.14      258   13.2   1.51   6.669e+4  2.09  9.480e+2     No
105  2645.0   2666.5  2693.0 1333.67      125   23.1   1.06   3.332e+4  2.14  6.750e+2     No
106  2700.0   2724.6  2749.0 1362.73      231   12.9   0.87   6.261e+4  2.16  7.530e+2     No
107  2727.0   2754.3  2785.0 1377.57      508    6.8   0.90   1.393e+5  2.18  1.015e+3     No
108  2840.0   2864.7  2880.0 1432.78      324    9.8   1.68   9.224e+4  2.22  7.620e+2     No
109  2906.0   2932.7  2958.0 1466.81      423    7.3   1.46   1.231e+5  2.25  8.160e+2     No
110  2966.0   2989.8  3027.0 1495.38     1041    4.0   1.33   3.088e+5  2.28  1.412e+3     No
111  2966.0   3000.9  3027.0 1500.95     1695    2.8   1.33   5.045e+5  2.28  2.058e+3     No
112  3020.0   3042.0  3079.0 1521.51      155   16.1   0.98   4.690e+4  2.30  4.790e+2     No
113  3020.0   3053.2  3079.0 1527.08      778    4.7   0.98   2.353e+5  2.31  1.097e+3     No
114  3081.0   3110.2  3131.0 1555.62      314    8.8   1.75   9.685e+4  2.33  6.210e+2     No
115  3141.0   3146.8  3181.0 1573.91      126   21.0   1.42   3.912e+4  2.35  3.820e+2     No
116  3141.0   3169.8  3181.0 1585.40      696    5.1   1.42   2.184e+5  2.36  9.910e+2     No
117  3177.0   3192.5  3220.0 1596.78     1681    2.9   1.93   5.311e+5  2.37  1.962e+3    Yes
118  3302.0   3307.3  3356.0 1654.17      156   16.1   1.59   5.110e+4  2.42  3.690e+2     No
119  3302.0   3329.0  3356.0 1665.06      243   10.0   1.59   7.989e+4  2.43  4.460e+2     No
120  3412.0   3440.8  3495.0 1720.97      377    6.9   0.93   1.281e+5  2.48  5.640e+2     No
121  3412.0   3453.3  3495.0 1727.22       84   20.0   0.93   2.868e+4  2.48  2.630e+2     No
122  3412.0   3464.1  3495.0 1732.65      152   12.5   0.93   5.181e+4  2.49  3.240e+2     No
123  3503.0   3538.3  3567.0 1769.76      370    6.8   1.38   1.291e+5  2.52  5.470e+2     No
124  3503.0   3563.9  3567.0 1782.55      144   15.6   1.38   5.063e+4  2.53  3.380e+2     No
125  3674.0   3704.6  3733.0 1852.91      174   11.2   1.21   6.357e+4  2.59  2.830e+2     No
126  3742.0   3774.9  3804.0 1888.10      292    7.2   0.76   1.084e+5  2.62  4.010e+2     No
127  3835.0   3863.4  3893.0 1932.35       75   19.9   1.48   2.857e+4  2.66  1.600e+2     No
128  3890.0   3920.7  3948.0 1961.03       93   14.3   0.90   3.576e+4  2.68  1.590e+2     No
129  4005.0   4036.3  4066.0 2018.84      326    6.3   0.68   1.291e+5  2.73  3.840e+2     No

Line   Nuclide   Isotope   Meta      DPM@ZT       DPM@CT        Atoms@ZT       Error      Accept  Comment
   Energy      DPM@ZT             Fraction   Error   StdDev

  1      BE           7            3.7420E+07    3.7210E+07    4.1430E+12       0.60        u      

   477.29      3.7420E+07          100.00     0.60   100.00
  2      RU         106            3.7450E+06    3.7420E+06    2.8990E+12       3.56        u      

   621.84      3.7450E+06          100.00     3.56   100.00
  3      RH         105            4.5300E+05    3.6760E+05    1.3860E+09      18.11        u      

   318.78      4.5300E+05          100.00    18.11   100.00
  4      I         131            1.5970E+05    1.5370E+05    2.6670E+09       9.37        u      

   364.23      1.5970E+05          100.00     9.37   100.00
  5      CS         134            2.0140E+06    2.0130E+06    3.1500E+12       1.09        u      

   604.75      2.0140E+06          100.00     1.09   100.00
  6      LA         140            6.8060E+05    5.6660E+05    2.3730E+09       2.25        u      

   328.92      7.7330E+05           88.02     9.84   100.00
   432.68      1.3120E+07            5.19     3.65   100.00
   487.10      6.4360E+05          105.76     4.94   100.00
   815.98      6.6620E+05          102.16     7.35   100.00
  1596.78      6.7040E+05          101.53     2.87   100.00
  7      PA         231            1.4960E+08    1.4960E+08    7.9880E+22       0.46        u      

   300.06      4.2110E+08           35.52     0.30   100.00
   302.23      2.9750E+07          502.88     2.79   100.00


Page:4                 anlresprint.php, Ver 1.4, 25FEB2011                 Printed:Oct 17 2018 17:18:20
==============================================================================================================
SN:290_005.18 Shot: 1139 Jug: 057 Mass: 371 Ctr:  76 ROT: 290.0550 ZT: 289.5990(2018) CT: 290.0428 CL:    15
NCHAN:4096   Live:    15.0   True:    17.6   Delta: 0.4499   Rate:754279   Gain: 0.50021   Zero: -0.17000
Type:  3  User: 76  Gain:  0  Pos:  6  Shelf: 16   LP Prog/Yr/Seq:0/0/0  Timestamp: 2018-10-17 01:21:04.0
Count acc/rej: default    QAStatus: pending    QA'd by: 00    QA Time:     QA Comm:  
--------------------------------------------------------------------------------------------------------------

==============================================================================================================
Analysis Results:

Analysis Code: gamanal  Peaks: 155  Overall QA:    0.00  Library: 9  CD: 71  Timestamp:2018-10-17 01:21:10.0 
Analysis ZT: 289.5990      AnalysisZY: 2018     Original: Yes     Comment: 

Peak  Start Centroid     End  Energy  NetArea  Error   Qfit Gammas/Min  FWHM  Integral Identified
  1   114.0    116.8   123.0   58.25     9172    9.3   4.75   1.341e+6  0.77  1.342e+5    Yes
  2   148.0    150.2   152.0   74.97     1915   20.4   1.00   1.475e+5  0.80  6.489e+4    Yes
  3   172.0    174.7   175.0   87.22     5218   13.5   1.08   2.736e+5  0.82  5.974e+4     No
  4   175.0    176.5   181.0   88.10    10077   15.6  16.29   5.158e+5  0.82  1.105e+5     No
  5   192.0    194.5   199.0   97.11     5719   11.3   1.47   2.725e+5  0.84  1.231e+5    Yes
  6   229.0    236.2   237.0  117.99     4750   19.8   2.54   1.961e+5  0.88  1.647e+5    Yes
  7   237.0    239.1   241.0  119.44    13899   10.6   3.67   5.686e+5  0.88  1.054e+5     No
  8   241.0    247.5   250.0  123.63     3331   25.3   1.65   1.344e+5  0.88  1.883e+5     No
  9   258.0    261.6   263.0  130.70    44315    5.2  13.13   1.802e+6  0.90  1.590e+5     No
 10   263.0    265.2   272.0  132.49     3060   46.0   8.35   1.247e+5  0.90  2.032e+5     No
 11   351.0    357.3   360.0  178.54     3727   23.9   1.63   1.679e+5  0.98  1.824e+5     No
 12   406.0    413.1   419.0  206.46    72523    1.5   1.00   3.724e+6  1.02  2.640e+5    Yes
 13   429.0    432.1   435.0  215.95     2554   19.1   1.00   1.366e+5  1.04  8.772e+4    Yes
 14   494.0    498.0   502.0  248.95     2467   21.6   1.00   1.500e+5  1.08  9.208e+4    Yes
 15   504.0    508.7   514.0  254.27    16036    4.0   1.00   9.936e+5  1.09  1.237e+5     No
 16   519.0    522.9   526.0  261.38     3025   15.7   1.00   1.922e+5  1.10  8.080e+4    Yes
 17   526.0    531.2   533.0  265.54   299923    0.9  12.37   1.932e+7  1.09  3.746e+5     No
 18   533.0    534.2   536.0  267.01     5950   20.4   5.30   3.853e+5  1.09  6.974e+4     No
 19   534.0    536.2   540.0  268.03     8070    2.3   3.56   5.244e+5  1.09  8.138e+4    Yes
 20   547.0    552.0   554.0  275.94     2307   19.9   1.00   1.539e+5  1.12  7.542e+4    Yes
 21   555.0    557.8   563.0  278.82    10421    4.9   1.00   7.016e+5  1.06  9.071e+4     No
 22   577.0    580.3   584.0  290.11     6438    9.8   2.66   4.493e+5  1.14  7.616e+4     No
 23   594.0    600.2   603.0  300.05   153537    1.1   4.05   1.104e+7  1.15  2.381e+5    Yes
 24   603.0    604.6   612.0  302.27     7880   12.7   3.28   5.706e+5  1.15  9.336e+4    Yes
 25   612.0    614.9   617.0  307.39     1259   29.4   1.00   9.259e+4  1.05  5.013e+4    Yes
 26   635.0    637.8   644.0  318.88     1041   45.7   1.00   7.917e+4  1.18  7.739e+4    Yes
 27   655.0    657.9   662.0  328.91     2005   22.1   1.05   1.567e+5  1.19  6.111e+4    Yes
 28   673.0    678.3   682.0  339.10     1886   24.8   1.00   1.516e+5  1.21  6.909e+4    Yes
 29   690.0    692.9   696.0  346.42     5076    6.9   1.00   4.157e+5  1.17  4.414e+4     No
 30   726.0    728.5   731.0  364.25     1571   18.7   1.00   1.346e+5  1.12  2.866e+4    Yes
 31   745.0    747.1   749.0  373.54      626   38.6   1.00   5.490e+4  1.13  2.209e+4     No
 32   756.0    759.7   764.0  379.84     6780    5.3   1.00   6.032e+5  1.21  4.283e+4    Yes
 33   771.0    775.6   778.0  387.78     2808   10.9   1.01   2.546e+5  1.27  3.308e+4    Yes
 34   792.0    796.2   798.0  398.11     3116   13.3   1.00   2.895e+5  1.28  2.688e+4     No
 35   798.0    800.2   804.0  400.08     1635   25.1   1.00   1.526e+5  1.28  2.462e+4     No
 36   806.0    809.8   816.0  404.90     2022   17.4   1.00   1.909e+5  1.29  3.652e+4    Yes
 37   816.0    820.9   824.0  410.46      885   33.3   1.00   8.466e+4  1.29  2.832e+4     No
 38   834.0    838.2   840.0  419.12      353   66.4   1.00   3.448e+4  1.18  2.051e+4     No
 39   844.0    846.2   849.0  423.10      637   33.9   1.00   6.274e+4  1.23  1.732e+4     No
 40   861.0    865.3   868.0  432.66     3448    7.5   1.00   3.465e+5  1.19  2.402e+4    Yes
 41   885.0    888.6   891.0  444.29     1941   11.7   1.00   2.000e+5  1.33  1.901e+4    Yes
 42   891.0    894.3   897.0  447.14     2072   11.0   1.00   2.149e+5  1.33  1.856e+4    Yes
 43   901.0    906.2   910.0  453.13      846   31.8   1.00   8.887e+4  1.22  2.387e+4     No
 44   915.0    919.2   923.0  459.64      640   38.5   1.00   6.814e+4  1.35  2.068e+4     No
 45   926.0    929.6   934.0  464.83     1477   17.6   1.00   1.589e+5  1.36  2.094e+4     No
 46   944.0    951.0   951.0  475.53     1961   14.0   1.06   2.155e+5  1.31  1.958e+4     No
 47   951.0    954.5   957.0  477.30    36835    1.2   1.00   4.061e+6  1.31  5.352e+4    Yes
 48   957.0    961.1   963.0  480.59     7270    4.1   1.00   8.068e+5  1.31  2.456e+4    Yes
 49   963.0    967.2   970.0  483.62     6926    4.7   1.57   7.732e+5  1.31  2.568e+4     No
 50   970.0    974.2   979.0  487.13     2327   11.2   1.00   2.616e+5  1.31  2.413e+4    Yes
 51   987.0    992.5   996.0  496.29     2209   13.2   1.06   2.528e+5  1.39  2.365e+4    Yes
 52  1008.0   1015.7  1016.0  507.90     4871   30.8   2.35   5.696e+5  1.32  3.830e+4     No
 53  1016.0   1021.9  1025.0  511.01   618280    5.3   6.66   7.271e+7  1.32  6.101e+5     No
 54  1025.0   1026.7  1027.0  513.36     7997   31.5   2.64   9.446e+5  1.32  9.341e+4     No
 55  1027.0   1028.8  1029.0  514.41     6075   32.2   2.09   7.189e+5  1.32  3.325e+4     No
 56  1029.0   1036.2  1042.0  518.13    48414   28.5   1.00   5.768e+6  1.32  9.441e+4     No
 57  1042.0   1047.7  1052.0  523.89     2534   11.1   1.00   3.052e+5  1.31  2.432e+4    Yes
 58  1052.0   1056.1  1059.0  528.07      568   35.8   1.00   6.902e+4  1.43  1.424e+4    Yes
 59  1076.0   1077.8  1080.0  538.92      275   51.8   1.00   3.410e+4  1.30  7.566e+3     No
 60  1079.0   1082.5  1089.0  541.29     2929    8.5   1.00   3.638e+5  1.44  1.840e+4     No
 61  1088.0   1092.2  1100.0  546.12     2567   10.8   1.00   3.215e+5  1.45  2.021e+4     No
 62  1124.0   1126.5  1128.0  563.31      746   24.0   1.00   9.626e+4  1.36  7.557e+3     No
 63  1128.0   1130.6  1131.0  565.34     1058   17.5   1.00   1.370e+5  1.36  6.440e+3     No
 64  1131.0   1134.0  1138.0  567.08     2348    8.0   1.00   3.048e+5  1.36  1.345e+4     No
 65  1139.0   1144.6  1148.0  572.38    33345    1.1   1.87   4.365e+6  1.39  4.640e+4     No
 66  1148.0   1154.3  1159.0  577.20    16155    1.8   1.44   2.132e+6  1.39  3.236e+4     No
 67  1173.0   1175.6  1178.0  587.87      367   41.0   1.00   4.934e+4  1.35  7.329e+3     No
 68  1189.0   1192.5  1196.0  596.31      975   17.6   1.00   1.327e+5  1.50  9.853e+3     No
 69  1201.0   1209.4  1210.0  604.78    15759    1.9   1.00   2.173e+6  1.42  2.577e+4    Yes
 70  1210.0   1213.6  1217.0  606.89    58115    0.6   1.00   8.040e+6  1.42  7.365e+4    Yes
 71  1213.0   1217.8  1218.0  608.99      857    0.8   1.08   1.190e+5  1.42  5.331e+4     No
 72  1218.0   1223.7  1230.0  611.91     1788   12.5   1.00   2.493e+5  1.42  1.672e+4     No
 73  1230.0   1236.1  1239.0  618.13     3593    5.5   1.00   5.058e+5  1.52  1.374e+4    Yes
 74  1239.0   1243.5  1249.0  621.82     2962    6.6   1.00   4.193e+5  1.52  1.341e+4    Yes
 75  1261.0   1265.6  1274.0  632.90     2469   11.1   1.00   3.554e+5  1.54  1.469e+4     No
 76  1285.0   1289.4  1294.0  644.77     1372   12.7   1.00   2.011e+5  1.55  9.214e+3     No
 77  1324.0   1331.8  1334.0  666.00     8821    3.1   1.00   1.332e+6  1.52  1.684e+4    Yes
 78  1334.0   1335.9  1340.0  668.04      562   44.2   1.00   8.515e+4  1.52  6.337e+3     No
 79  1351.0   1355.5  1358.0  677.83      534   27.8   1.55   8.208e+4  1.58  5.956e+3     No
 80  1364.0   1368.7  1372.0  684.45     1199   12.9   1.00   1.858e+5  1.59  7.200e+3    Yes
 81  1372.0   1379.1  1385.0  689.64     2610    7.8   1.00   4.071e+5  1.44  1.154e+4     No
 82  1420.0   1423.0  1429.0  711.60      322   41.0   1.00   5.167e+4  1.46  5.452e+3     No
 83  1431.0   1437.5  1444.0  718.89     1237   15.3   1.00   2.004e+5  1.62  8.139e+3    Yes
 84  1452.0   1457.0  1460.0  728.62      306   39.1   1.00   5.021e+4  1.63  4.433e+3     No
 85  1498.0   1503.1  1510.0  751.68      294   48.6   1.00   4.963e+4  1.65  6.138e+3     No
 86  1541.0   1547.7  1552.0  773.99      934   15.5   1.00   1.620e+5  1.67  6.103e+3    Yes
 87  1551.0   1556.1  1561.0  778.16      746   18.3   1.00   1.300e+5  1.68  5.507e+3    Yes
 88  1560.0   1567.5  1569.0  783.88    26793    1.7   1.05   4.698e+6  1.63  3.066e+4    Yes
 89  1567.0   1569.8  1575.0  785.07     3516    0.9   1.00   6.175e+5  1.63  2.635e+4     No
 90  1617.0   1621.1  1625.0  810.69      207   49.7   1.00   3.760e+4  1.71  3.285e+3    Yes
 91  1628.0   1631.7  1636.0  816.02      827   13.5   1.00   1.506e+5  1.71  3.674e+3    Yes
 92  1636.0   1639.1  1645.0  819.71      537   20.2   1.00   9.825e+4  1.55  3.655e+3     No
 93  1647.0   1657.0  1662.0  828.66    12161    1.8   1.00   2.244e+6  1.67  1.746e+4    Yes
 94  1662.0   1670.0  1673.0  835.16      542   25.0   1.00   1.008e+5  1.67  4.496e+3     No
 95  1687.0   1691.8  1698.0  846.06      896   14.3   1.00   1.687e+5  1.74  4.645e+3     No
 96  1714.0   1717.2  1720.0  858.77      566   15.4   1.00   1.080e+5  1.59  2.541e+3     No
 97  1720.0   1724.6  1728.0  862.48      289   29.9   1.00   5.544e+4  1.59  2.830e+3     No
 98  1731.0   1735.2  1738.0  867.79      282   32.5   1.00   5.442e+4  1.76  2.606e+3    Yes
 99  1737.0   1742.9  1746.0  871.62     6769    2.2   1.00   1.308e+6  1.65  9.644e+3     No
100  1746.0   1749.5  1760.0  874.94      494   24.1   1.00   9.587e+4  1.65  5.060e+3    Yes
101  1807.0   1812.0  1818.0  906.19     3305    4.1   1.27   6.622e+5  1.62  6.120e+3     No
102  1885.0   1887.6  1891.0  944.01      210   34.1   1.00   4.385e+4  1.65  1.629e+3     No
103  1894.0   1901.9  1906.0  951.18      601   18.0   1.00   1.261e+5  1.83  3.247e+3     No
104  1925.0   1930.0  1934.0  965.21      543   17.2   1.00   1.157e+5  1.84  2.606e+3     No
105  1938.0   1944.8  1948.0  972.63      401   23.9   1.00   8.614e+4  1.67  2.598e+3     No
106  1962.0   1968.0  1973.0  984.23      514   20.1   1.00   1.115e+5  1.86  2.785e+3     No
107  1973.0   1980.3  1987.0  990.38     1318    9.2   1.00   2.877e+5  1.86  4.162e+3     No
108  2029.0   2032.3  2037.0 1016.39      222   34.3   1.00   4.986e+4  1.71  1.790e+3     No
109  2037.0   2043.8  2047.0 1022.16      231   36.0   1.00   5.217e+4  1.71  2.128e+3     No
110  2085.0   2089.1  2092.0 1044.79      129   50.9   1.00   2.975e+4  1.91  1.283e+3     No
111  2177.0   2183.7  2190.0 1092.13      470   19.4   1.03   1.126e+5  1.95  2.233e+3     No
112  2193.0   2200.4  2205.0 1100.49      275   29.5   1.00   6.643e+4  1.95  1.818e+3     No
113  2252.0   2258.4  2264.0 1129.48      274   29.1   1.00   6.791e+4  1.97  1.711e+3     No
114  2277.0   2279.7  2282.0 1140.14       87   54.9   1.00   2.176e+4  1.80  7.460e+2     No
115  2293.0   2299.7  2315.0 1150.12     1131   19.1   1.48   2.848e+5  1.99  3.897e+3     No
116  2337.0   2343.6  2346.0 1172.08      474   14.1   1.00   1.218e+5  2.01  1.639e+3    Yes
117  2346.0   2348.6  2352.0 1174.57      265   24.8   1.00   6.830e+4  2.01  1.088e+3     No
118  2362.0   2368.2  2376.0 1184.41     1972    5.2   1.00   5.104e+5  2.02  3.715e+3     No
119  2377.0   2380.2  2384.0 1190.42      148   38.7   1.00   3.869e+4  1.83  1.009e+3     No
120  2388.0   2399.8  2404.0 1200.21      636   18.1   1.50   1.664e+5  2.03  2.614e+3    Yes
121  2409.0   2414.3  2418.0 1207.48      206   32.9   1.00   5.442e+4  2.04  1.238e+3    Yes
122  2418.0   2426.6  2432.0 1213.60      584   18.9   2.07   1.544e+5  2.04  2.267e+3     No
123  2463.0   2466.9  2471.0 1233.75      269   23.0   1.00   7.202e+4  1.86  1.171e+3     No
124  2513.0   2516.7  2520.0 1258.70      267   21.9   1.00   7.281e+4  1.88  1.055e+3     No
125  2550.0   2555.2  2560.0 1277.93      204   33.0   1.00   5.650e+4  2.09  1.245e+3     No
126  2569.0   2575.4  2579.0 1288.05      286   23.6   1.00   7.955e+4  2.10  1.308e+3     No
127  2664.0   2667.1  2670.0 1333.91      108   42.3   1.00   3.106e+4  1.93  6.400e+2    Yes
128  2717.0   2724.7  2729.0 1362.75      225   29.2   1.00   6.582e+4  2.15  1.177e+3     No
129  2747.0   2754.6  2764.0 1377.68      508   16.8   1.00   1.498e+5  2.16  1.804e+3     No
130  2858.0   2864.9  2869.0 1432.85      343   17.8   1.06   1.053e+5  2.20  9.980e+2     No
131  2879.0   2880.9  2883.0 1440.88       50   67.8   1.36   1.568e+4  2.00  3.150e+2     No
132  2926.0   2933.2  2940.0 1467.02      444   14.6   1.00   1.392e+5  2.22  1.229e+3     No
133  2964.0   2967.6  2970.0 1484.24       89   41.0   1.03   2.828e+4  2.02  4.220e+2     No
134  2982.0   2990.1  2994.0 1495.48     1080    7.5   2.00   3.449e+5  2.24  1.666e+3     No
135  2994.0   3001.3  3010.0 1501.06     1715    4.2   1.00   5.493e+5  2.24  2.511e+3     No
136  3040.0   3043.0  3046.0 1521.93      104   35.6   1.02   3.376e+4  2.05  4.220e+2     No
137  3048.0   3053.6  3059.0 1527.25      724   11.6   3.17   2.359e+5  2.27  1.225e+3     No
138  3104.0   3111.0  3124.0 1555.95      335   24.5   1.00   1.112e+5  2.28  1.236e+3     No
139  3142.0   3147.3  3151.0 1574.11      108   37.2   1.00   3.624e+4  2.08  4.410e+2     No
140  3162.0   3170.3  3175.0 1585.61      725    8.6   1.49   2.448e+5  2.30  1.229e+3     No
141  3185.0   3193.0  3199.0 1596.96     1614    6.8   3.45   5.485e+5  2.31  2.182e+3    Yes
142  3302.0   3307.9  3312.0 1654.44      126   30.8   1.00   4.451e+4  2.13  4.440e+2     No
143  3323.0   3329.5  3333.0 1665.23      224   19.6   1.51   7.956e+4  2.13  4.890e+2     No
144  3434.0   3441.4  3446.0 1721.21      344   13.4   1.00   1.258e+5  2.39  6.670e+2     No
145  3451.0   3454.3  3457.0 1727.68       46   57.9   1.00   1.722e+4  2.17  2.150e+2     No
146  3457.0   3464.9  3469.0 1732.96      121   33.9   1.00   4.455e+4  2.17  4.160e+2     No
147  3530.0   3539.0  3545.0 1770.02      394   12.1   1.00   1.479e+5  2.42  7.480e+2     No
148  3557.0   3564.7  3570.0 1782.89      168   23.7   1.00   6.360e+4  2.20  4.300e+2     No
149  3699.0   3705.5  3710.0 1853.32      163   19.0   1.00   6.398e+4  2.48  3.250e+2     No
150  3768.0   3775.9  3781.0 1888.53      291   12.1   1.00   1.165e+5  2.50  4.510e+2     No
151  3859.0   3863.8  3865.0 1932.51       45   45.4   1.41   1.861e+4  2.29  1.190e+2     No
152  3883.0   3886.3  3888.0 1943.78       33   54.8   1.20   1.356e+4  2.29  8.500e+1     No
153  3915.0   3922.5  3930.0 1961.86       87   31.2   1.00   3.632e+4  2.54  2.230e+2     No
154  4029.0   4037.5  4042.0 2019.41      317   10.3   1.50   1.350e+5  2.58  4.030e+2     No
155  4081.0   4088.7  4092.0 2045.01      118   24.3   2.14   5.099e+4  2.59  2.140e+2     No

Line   Nuclide   Isotope   Meta      DPM@ZT       DPM@CT        Atoms@ZT       Error      Accept  Comment
   Energy      DPM@ZT             Fraction   Error   StdDev

  1      BE           7            3.9320E+07    3.9090E+07    4.3520E+12       1.20        u      

   477.30      3.9308E+07            1.00     1.20     0.00
  2      RU         103            2.8720E+05    2.8500E+05    2.3420E+10      13.30        u      

   496.29      2.8716E+05            1.00    13.30     0.00
  3      RU         106            4.2260E+07    4.2230E+07    3.2700E+13       6.60        u      

   621.82      4.2255E+07            1.00     6.60     0.00
  4      I         126            4.1220E+06    4.0250E+06    1.1150E+11       3.10        u      

   387.78      1.7752E+06            5.39    11.00   -12.10
   666.00      4.1214E+06            1.00     3.10     0.00
  5      I         131            1.7230E+05    1.6580E+05    2.8780E+09      18.70        u      

   364.25      1.7230E+05            1.00    18.70     0.00
  6      I         132            1.4070E+05    1.2770E+05    9.3640E+08      39.60        u      

   523.89      1.3552E+06            0.07    11.10     8.00
   773.99      1.4615E+05            0.60    15.50     0.20
   810.69      7.3980E+05            0.19    49.70     1.60
   954.62      7.6171E+04            1.85   100.00    -0.80
  7      XE         135            3.7930E+05    1.6670E+05    2.9880E+08      21.60        u      

   248.95      3.7921E+05            1.00    21.60     0.00
   606.89      1.0929E+08            0.00     0.60   119.20
  8      LA         140            7.0520E+05    5.8560E+05    2.4580E+09       5.30        u      

   328.91      9.4121E+04            0.77    22.10   -29.40
   432.66      1.3635E+07            0.05     7.50    12.60
   487.13      6.8621E+05            1.03    11.20    -0.20
   816.02      7.6829E+05            0.92    13.50     0.60
   867.79      1.1721E+06            0.60    32.50     1.20
  1597.00      6.9217E+05            1.02     6.80    -0.30
  9      TB         160            4.1390E+07    4.1210E+07    6.2150E+12       1.10        u      

   215.95      6.3638E+06           11.92    19.10   -28.70
   300.05      4.1378E+07            1.00     1.10     0.00
   874.94      1.0765E+07          128.09    24.10   -11.80
  1200.20      9.4804E+06            5.74    18.10   -18.60
  10      TB         161            1.4290E+06    1.3660E+06    2.0510E+10      22.60        u      

    58.25      3.0380E+06            0.02     9.30     5.70
    74.97      1.5746E+06            0.91    20.40     0.50
    48.93      7.1236E+05            2.01   100.00    -1.00
  11      W         187            9.6690E+05    7.0690E+05    2.0000E+09      17.00        u      

   480.59      1.9092E+06            0.18     4.10    12.00
   618.13      2.1226E+06            0.08     5.50     9.90
   684.45      9.6228E+05            1.00    12.90     0.00
   773.99      1.0042E+06            0.17    15.50     0.20
  12      TL         200            2.0780E+05    1.5600E+05    4.6910E+08      53.30        u      

   828.66      3.3393E+06            0.01     1.80    51.10
  1207.50      2.0773E+05            0.86    32.90     0.00
  13      PB         211            1.2590E+12    4.9850E+06    6.5550E+13      17.30        u      

   404.90      1.2586E+12            1.00    17.30     0.00
  14      PB         212            8.7940E+08    4.3520E+08    8.0970E+11       1.00        u      

   783.88      8.7917E+08            1.00     1.70     0.00
  15      TH         227            2.5180E+08    2.4770E+08    9.7910E+12      11.30        u      

   268.03      2.5055E+08            1.00     2.30    -0.20
   339.10      1.7589E+08            1.23    24.70    -1.70
   444.29      5.8991E+08            0.43    11.70     4.90
  16      PA         231            1.8250E+09    4.6400E+08    4.5370E+19       1.10        u      

   300.05      1.8246E+09            1.00     1.10     0.00
   302.27      5.9163E+08           13.91    12.70   -16.40
   328.91      2.4357E+08           39.09    22.10   -29.40
  17      U         237            1.7230E+07    1.6450E+07    2.4160E+11      13.60        u      

    58.25      3.6628E+07            4.02     9.30     5.70
    97.11      4.0133E+06            9.66    11.30   -29.20
   117.99      6.2214E+06            2.77    19.80    -8.90
   206.46      1.7725E+07            0.97     1.50     1.90


Page:5                 anlresprint.php, Ver 1.4, 25FEB2011                 Printed:Oct 17 2018 17:18:21
==============================================================================================================
SN:290_005.18 Shot: 1139 Jug: 057 Mass: 371 Ctr:  76 ROT: 290.0550 ZT: 289.5990(2018) CT: 290.0428 CL:    15
NCHAN:4096   Live:    15.0   True:    17.6   Delta: 0.4499   Rate:754279   Gain: 0.50021   Zero: -0.17000
Type:  3  User: 76  Gain:  0  Pos:  6  Shelf: 16   LP Prog/Yr/Seq:0/0/0  Timestamp: 2018-10-17 01:21:04.0
Count acc/rej: default    QAStatus: pending    QA'd by: 00    QA Time:     QA Comm:  
--------------------------------------------------------------------------------------------------------------

Line number        Energy      Efficiency      Uncertainty
        0           59.54      5.1840E-04       0.0000E+00  
        1           88.03      1.4000E-03       0.0000E+00  
        2          122.07      1.7810E-03       0.0000E+00  
        3          165.85      1.7010E-03       0.0000E+00  
        4          391.71      7.8380E-04       0.0000E+00  
        5          661.64      4.7760E-04       0.0000E+00  
        6          898.04      3.6100E-04       0.0000E+00  
        7        1,173.21      2.7930E-04       0.0000E+00  
        8        1,332.46      2.5110E-04       0.0000E+00  
        9        1,836.13      1.8450E-04       0.0000E+00  

Shape Number      Value
       0         2.5200E-01
       1         2.7880E-03
       2        -2.7670E+00
       3         2.4430E-03
       4         1.0500E+00
       5         5.0000E-01
       6         1.5820E-07


End of Printout.               anlresprint.php, Ver 1.4, 25FEB2011              Printed: Oct 17 2018 17:18:21
==============================================================================================================
