
Page: 1                 anlresprint.php, Ver 1.4, 25FEB2011                 Printed: Oct 17 2018 17:18:56
==============================================================================================================
SN:290_008.18 Shot: 1139 Jug: 057 Mass: 658 Ctr:  76 ROT: 290.0975 ZT: 289.5990(2018) CT: 290.0851 CL:    15
NCHAN:4096   Live:    15.0   True:    17.9   Delta: 0.4923   Rate:871755   Gain: 0.50021   Zero: -0.17000
Type:  3  User: 76  Gain:  0  Pos:  9  Shelf: 16   LP Prog/Yr/Seq:0/0/0  Timestamp: 2018-10-17 02:22:02.0
Count acc/rej: default    QAStatus: pending    QA'd by: 00    QA Time:     QA Comm:  
--------------------------------------------------------------------------------------------------------------

==============================================================================================================
Analysis Results:

Analysis Code: raygun  Peaks: 63  Overall QA:    0.00  Library: 9  CD: 71  Timestamp:2018-10-17 02:22:02.0 
Analysis ZT: 289.5990      AnalysisZY: 2018     Original: Yes     Comment: 

Peak    Start    Centroid     End     Energy     NetArea     Error    Gammas/Min    Identified
  1     144.0     145.8     148.0      72.78        2610      12.6    2.2930E+05         No
  2     148.0     150.0     151.0      74.86        4068       5.9    3.3270E+05        Yes
  3     173.0     174.3     176.0      87.00        8241       4.6    4.6010E+05         No
  4     176.0     177.0     180.0      88.38       11016       3.5    5.9520E+05         No
  5     231.0     239.1     242.0     119.42       48440       1.2    2.0970E+06         No
  6     261.0     265.9     271.0     132.82        8095       8.3    3.4920E+05         No
  7     357.0     356.3     359.0     178.03        1976      14.8    9.3960E+04         No
  8     408.0     413.1     419.0     206.45      190309       0.4    1.0340E+07         No
  9     506.0     508.8     512.0     254.32       21541       1.5    1.4120E+06         No
 10     522.0     531.2     544.0     265.52      828515       0.2    5.6480E+07         No
 11     550.0     552.0     553.0     275.97        3144       6.4    2.2190E+05         No
 12     593.0     600.2     614.0     300.04      416924       0.3    3.1730E+07        Yes
 13     656.0     657.4     659.0     328.67        1880      14.7    1.5530E+05        Yes
 14     757.0     759.7     764.0     379.85       18903       1.5    1.7800E+06         No
 15     772.0     775.8     780.0     387.89        6898       3.3    6.6180E+05        Yes
 16     793.0     796.2     805.0     398.12        8567       4.0    8.4200E+05         No
 17     892.0     894.3     897.0     447.16        2484       6.9    2.7250E+05         No
 18     915.0     918.0     920.0     459.04        1246      10.6    1.4010E+05        Yes
 19     929.0     930.7     933.0     465.35         747      19.6    8.5040E+04         No
 20     958.0     961.1     964.0     480.59       10531       2.4    1.2370E+06         No
 21     964.0     967.1     972.0     483.60       20629       1.5    2.4370E+06         No
 22     972.0     973.9     978.0     486.97        3004       6.2    3.5720E+05        Yes
 23    1007.0    1012.7    1013.0     506.41        1684      11.9    2.0770E+05         No
 24    1013.0    1022.0    1031.0     511.06       62938       0.9    7.8320E+06         No
 25    1031.0    1036.1    1048.0     518.10      168070       0.5    2.1190E+07         No
 26    1055.0    1056.5    1058.0     528.33         707      14.1    9.0740E+04        Yes
 27    1087.0    1092.1    1097.0     546.11        5958       3.2    7.8940E+05         No
 28    1120.0    1125.9    1130.0     563.04        2122       8.6    2.8930E+05         No
 29    1130.0    1133.8    1138.0     566.97        5403       3.6    7.4170E+05         No
 30    1138.0    1144.7    1150.0     572.44       90285       0.7    1.2510E+07         No
 31    1150.0    1154.2    1164.0     577.17       44326       1.0    6.1880E+06         No
 32    1200.0    1213.7    1227.0     606.93      182024       0.5    2.6650E+07         No
 33    1241.0    1243.9    1248.0     622.04        3003       5.0    4.4990E+05        Yes
 34    1327.0    1331.8    1339.0     666.00       23559       1.3    3.7650E+06        Yes
 35    1365.0    1368.8    1373.0     684.54        2704       4.9    4.4310E+05        Yes
 36    1432.0    1437.8    1442.0     719.05        2896       4.5    4.9640E+05         No
 37    1450.0    1456.1    1459.0     728.17         881      13.6    1.5280E+05        Yes
 38    1540.0    1547.8    1552.0     774.08        2477       5.2    4.5440E+05        Yes
 39    1552.0    1555.7    1560.0     778.01        2308       5.5    4.2520E+05         No
 40    1560.0    1567.3    1579.0     783.80       66563       0.7    1.2350E+07        Yes
 41    1628.0    1631.7    1635.0     816.01         917       8.9    1.7660E+05        Yes
 42    1648.0    1656.9    1667.0     828.64       32184       1.2    6.2830E+06         No
 43    1667.0    1669.9    1677.0     835.14         983       9.6    1.9330E+05         No
 44    1686.0    1690.1    1694.0     845.21         751       9.4    1.4930E+05         No
 45    1734.0    1742.9    1756.0     871.64       19963       1.5    4.0820E+06         No
 46    1805.0    1811.9    1818.0     906.14        8862       2.2    1.8780E+06         No
 47    1925.0    1930.0    1933.0     965.22        1704       5.5    3.8370E+05         No
 48    1965.0    1968.6    1973.0     984.53         452      13.7    1.0380E+05         No
 49    2100.0    2103.9    2107.0    1052.22         313      14.2    7.6580E+04         No
 50    2200.0    2202.4    2206.0    1101.51         118      21.2    3.0080E+04         No
 51    2272.0    2279.6    2282.0    1140.13         421      12.5    1.1120E+05         No
 52    2292.0    2299.4    2304.0    1150.03        2702       4.1    7.2010E+05         No
 53    2339.0    2342.9    2351.0    1171.79        1636       8.1    4.4390E+05         No
 54    2358.0    2368.2    2375.0    1184.42        4652       3.2    1.2740E+06         No
 55    2423.0    2428.1    2433.0    1214.39         384      15.1    1.0740E+05         No
 56    2460.0    2466.3    2470.0    1233.48         450      11.3    1.2740E+05         No
 57    2596.0    2599.7    2602.0    1300.25         224      15.7    6.6370E+04         No
 58    2874.0    2879.7    2885.0    1440.30         159      20.4    5.1890E+04         No
 59    2929.0    2933.8    2941.0    1467.34         716       8.8    2.3720E+05         No
 60    2997.0    3003.8    3008.0    1502.38         182      15.7    6.1620E+04         No
 61    3114.0    3121.7    3127.0    1561.34         237      14.3    8.3270E+04         No
 62    3182.0    3192.4    3201.0    1596.72        1887       5.4    6.7850E+05        Yes
 63    3527.0    3534.7    3539.0    1767.95         316      13.5    1.2530E+05         No

Line   Nuclide   Isotope   Meta      DPM@ZT       DPM@CT        Atoms@ZT       Error      Accept  Comment
   Energy      DPM@ZT             Fraction   Error   StdDev

  1      RU         106            4.5310E+06    4.5310E+06    3.0230E+17       5.20        u      

   622.00      4.5310E+06            1.00     5.10     0.00
  2      CD         115            2.5350E+05    2.1750E+05    1.1730E+09      16.50        u      

   528.00      3.8460E+05            1.00    14.10     0.00
   336.00      6.5250E+04           -1.00     0.00     0.00
  3      SB         127            1.1430E+06    1.0460E+06    9.1400E+09       5.00        u      

   685.00      1.3710E+06            1.00     5.00     0.00
   784.00      9.3050E+07            1.00     1.20     0.00
   474.00      1.0270E+05           -1.00     0.00     0.00
  4      TE         129            1.8380E+06    1.8190E+06    1.2830E+11      10.70        u      

   459.00      1.8380E+06            1.00    10.60     0.00
   487.00      1.9130E+06            0.08     6.30     0.00
  5      I         126            2.9720E+06    2.8950E+06    8.0370E+10       2.20        u      

   388.00      1.9920E+06            1.00     3.40     0.00
   666.00      1.1680E+07            1.00     1.60     0.00
  6      LA         140            8.8590E+05    7.2290E+05    3.0880E+09       3.80        u      

   329.00      9.1970E+05            1.00    14.70     0.00
   487.00      8.8490E+05            0.93     6.30     0.00
   816.00      9.1690E+05            1.00     8.90     0.00
  1597.00      8.7160E+05            1.00     5.40     0.00
  7      TB         161            3.4020E+06    3.2380E+06    4.8830E+10       6.20        u      

    75.00      3.5670E+06            1.00     6.00     0.00
    49.00      8.4890E+05           -1.00     0.00     0.00
    57.00      5.5860E+06           -1.00     0.00     0.00
  8      W         187            1.6080E+07    1.1420E+07    3.3260E+10       5.30        u      

   774.00      1.6080E+07            1.00     5.20     0.00
  9      BI         212            7.6830E+09    2.2970E+06    6.7110E+11      13.60        u      

   728.00      7.6830E+09            1.00    13.50     0.00
  10      PA         231            4.8550E+09    1.3330E+09    1.2070E+20       1.00        u      

   300.00      4.8550E+09            1.00     1.00     0.00
  11      AC         227            8.3650E+10    8.3650E+10    1.3810E+18       1.00        u      

   300.00      8.3650E+10            1.00     1.00     0.00


Page:2                 anlresprint.php, Ver 1.4, 25FEB2011                 Printed:Oct 17 2018 17:18:57
==============================================================================================================
SN:290_008.18 Shot: 1139 Jug: 057 Mass: 658 Ctr:  76 ROT: 290.0975 ZT: 289.5990(2018) CT: 290.0851 CL:    15
NCHAN:4096   Live:    15.0   True:    17.9   Delta: 0.4923   Rate:871755   Gain: 0.50021   Zero: -0.17000
Type:  3  User: 76  Gain:  0  Pos:  9  Shelf: 16   LP Prog/Yr/Seq:0/0/0  Timestamp: 2018-10-17 02:22:02.0
Count acc/rej: default    QAStatus: pending    QA'd by: 00    QA Time:     QA Comm:  
--------------------------------------------------------------------------------------------------------------

==============================================================================================================
Analysis Results:

Analysis Code: specanl  Peaks: 69  Overall QA:    0.00  Library: 9  CD: 71  Timestamp:2018-10-17 02:22:02.0 
Analysis ZT: 289.5990      AnalysisZY: 2018     Original: Yes     Comment: 

Peak   Centroid    Energy     NetArea     Error     QFit    Gammas/Min      FWHM    Identified
  1     145.80      72.76        2716      10.4      1.3    2.3880E+05      0.96        No
  2     150.00      74.86        5182       5.5      1.1    4.2387E+05      0.96       Yes
  3     169.60      84.67       23858      12.5     40.6    1.4272E+06      0.78       Yes
  4     239.05     119.41       55398       1.1    115.2    2.3983E+06      1.15        No
  5     265.73     132.75       18164       7.3      4.0    7.8350E+05      3.60        No
  6     325.12     162.46        1526      22.4      1.0    6.7835E+04      1.07       Yes
  7     338.17     168.99        1346      29.3      1.0    6.1042E+04      1.32        No
  8     356.70     178.25        3327      14.0      2.6    1.5837E+05      1.30        No
  9     401.55     200.69        2119      17.4      1.0    1.1223E+05      1.28       Yes
 10     413.12     206.48      193692       0.3     16.5    1.0525E+07      1.06        No
 11     508.73     254.30       22327       1.4      1.0    1.4639E+06      1.10       Yes
 12     531.24     265.56      828150       0.1    199.6    5.6460E+07      1.13        No
 13     552.06     275.97        4891       5.3      1.0    3.4522E+05      1.10        No
 14     600.23     300.07      418049       0.2     66.5    3.1819E+07      1.18       Yes
 15     657.39     328.66        2135      14.0      1.0    1.7636E+05      1.73       Yes
 16     686.26     343.11        1576      15.6      1.0    1.3537E+05      0.95        No
 17     759.70     379.84       19563       1.4      1.0    1.8416E+06      1.24        No
 18     775.75     387.87        7753       3.0      1.0    7.4372E+05      1.28        No
 19     797.53     398.76        9652       5.2     30.3    9.5007E+05      3.09       Yes
 20     894.32     447.18        3134       6.1      1.0    3.4375E+05      1.49        No
 21     918.14     459.09        1513       9.9      1.0    1.7010E+05      1.26       Yes
 22     930.64     465.35        1146      17.4      1.0    1.3054E+05      1.74        No
 23     961.16     480.61       10039       2.1      4.2    1.1788E+06      1.43        No
 24     967.26     483.66       20678       1.2     15.2    2.4427E+06      1.43        No
 25     973.87     486.97        3255       5.1     16.3    3.8699E+05      1.43       Yes
 26    1022.05     511.07       75432       0.7   1169.6    9.3871E+06      1.60       Yes
 27    1036.20     518.15      150780       0.4    474.5    1.9009E+07      1.60        No
 28    1056.52     528.31        1152      11.9      1.0    1.4796E+05      1.04       Yes
 29    1092.13     546.12        6222       2.8      1.0    8.2442E+05      1.44        No
 30    1125.88     563.01        1351      10.0      1.0    1.8417E+05      1.40       Yes
 31    1133.74     566.94        4515       3.8      2.3    6.1971E+05      1.44        No
 32    1144.68     572.41       89131       0.6     10.3    1.2346E+07      1.44        No
 33    1154.30     577.22       44066       0.7      5.3    6.1523E+06      1.44        No
 34    1175.83     587.99         522      21.4      1.8    7.4159E+04      1.26        No
 35    1213.57     606.87      178201       0.5    287.1    2.6086E+07      1.61        No
 36    1243.94     622.06        3239       4.7      1.0    4.8539E+05      1.53       Yes
 37    1331.77     666.00       23787       1.2      1.8    3.8010E+06      1.54       Yes
 38    1368.77     684.50        2972       4.7      1.0    4.8693E+05      1.59        No
 39    1393.39     696.82         344      24.6      1.0    5.7339E+04      1.49        No
 40    1437.78     719.02        2992       4.3      1.0    5.1285E+05      1.62        No
 41    1456.49     728.38         830      14.4      1.0    1.4402E+05      2.15        No
 42    1477.48     738.88         387      26.6      1.0    6.8041E+04      1.96        No
 43    1547.71     774.01        2087       5.3      1.0    3.8270E+05      1.62       Yes
 44    1555.82     778.07        1707       6.7      4.9    3.1462E+05      1.61        No
 45    1567.39     783.85       65236       0.6      9.1    1.2103E+07      1.61        No
 46    1631.79     816.07         938       8.5      1.0    1.8059E+05      1.49       Yes
 47    1656.96     828.66       30911       1.0      4.5    6.0344E+06      1.66       Yes
 48    1670.09     835.23         622      12.6      1.0    1.2240E+05      1.41        No
 49    1690.11     845.24         772       9.2      1.2    1.5341E+05      1.44        No
 50    1742.96     871.68       19940       1.4      6.8    4.0774E+06      1.75        No
 51    1811.93     906.18        9037       2.0      1.6    1.9155E+06      1.71        No
 52    1930.07     965.27        1864       4.9      1.0    4.1984E+05      1.67       Yes
 53    1968.80     984.64         481      13.7      1.0    1.1032E+05      1.91        No
 54    2077.34    1038.93         169      27.7      1.0    4.0930E+04      1.75        No
 55    2104.19    1052.37         302      15.2      1.2    7.3880E+04      1.62        No
 56    2202.65    1101.62         118      20.6      1.0    3.0187E+04      0.86        No
 57    2279.28    1139.95         390      11.8      1.0    1.0313E+05      1.65        No
 58    2299.53    1150.08        2763       4.1      1.0    7.3635E+05      1.84        No
 59    2345.44    1173.04        1551       8.4      6.1    4.2131E+05      3.97       Yes
 60    2368.51    1184.58        4665       3.3      1.9    1.2773E+06      1.89        No
 61    2427.92    1214.30         432      14.6      1.0    1.2078E+05      2.59        No
 62    2466.47    1233.58         400      10.6      1.0    1.1317E+05      1.76        No
 63    2599.09    1299.92         220      16.6      1.4    6.4969E+04      1.73        No
 64    2879.54    1440.21         146      21.0      1.0    4.7478E+04      1.60        No
 65    2934.36    1467.62         723       8.6      1.0    2.3984E+05      1.91        No
 66    3003.40    1502.16         174      15.0      1.0    5.9086E+04      2.13        No
 67    3122.06    1561.51         204      16.2      1.0    7.1895E+04      1.34        No
 68    3193.21    1597.10        1879       5.7      2.4    6.7557E+05      1.99       Yes
 69    3535.68    1768.41         331      15.1      1.0    1.3127E+05      1.82        No

Line   Nuclide   Isotope   Meta      DPM@ZT       DPM@CT        Atoms@ZT       Error      Accept  Comment
   Energy      DPM@ZT             Fraction   Error   StdDev

  1      CO          60            4.2180E+05    4.2170E+05    1.6870E+12       8.40        u      

  1173.04      4.2180E+05            1.00     8.40     0.00
  2      ZR          97            1.9010E+08    1.1710E+08    2.7820E+11       1.50        u      

   254.30      1.9010E+08            1.00     1.50     0.00
  3      RU         106            4.8880E+06    4.8880E+06    3.2620E+17       4.70        u      

   622.06      4.8880E+06            1.00     4.70     0.00
  4      CD         115            6.2710E+05    5.3800E+05    2.9030E+09      11.90        u      

   528.31      6.2710E+05            1.00    11.90     0.00
  5      TE         129            2.2320E+06    2.2090E+06    1.5580E+11       9.90        u      

   459.09      2.2320E+06            1.00     9.90     0.00
  6      TE         131       M    1.3460E+06    1.0240E+06    3.4950E+09      21.80        u      

   200.69      1.9560E+06            0.69    17.40     0.70
   774.01      1.3200E+06            1.02     5.30    -0.10
  7      I         126            1.1790E+07    1.1480E+07    3.1890E+11       1.30        u      

   666.00      1.1790E+07            1.00     1.30     0.00
  8      CS         134            2.1990E+06    2.1980E+06    3.4400E+12      10.00        u      

   563.01      2.1990E+06            1.00    10.00     0.00
  9      BA         140            1.1220E+06    1.0920E+06    2.9720E+10      22.40        u      

   162.46      1.1220E+06            1.00    22.40     0.00
  10      LA         140            9.4900E+05    7.7440E+05    3.3080E+09      16.10        u      

   328.66      1.0440E+06            0.91    14.00     0.20
   486.97      1.0330E+06            0.92     5.10     0.40
   816.07      9.3780E+05            1.01     8.50     0.00
  1597.10      8.6780E+05            1.09     5.70    -0.40
  11      TB         161            4.5440E+06    4.3250E+06    6.5230E+10       5.50        u      

    74.86      4.5440E+06            1.00     5.50     0.00
  12      TL         200            7.6480E+07    5.5870E+07    1.7270E+11       1.10        u      

   828.66      7.6480E+07            1.00     1.10     0.00
  13      PB         212            1.6090E+09    7.4520E+08    1.4820E+12       0.50        u      

   300.07      2.0570E+09            0.78     0.50     0.00
  14      BI         212            1.4540E+11    4.3460E+07    1.2700E+13       0.80        u      

   300.07      3.1870E+12            0.05     0.50     0.00
   511.07      1.4540E+11            1.00     0.80     0.00
  15      AC         227            3.9460E+07    3.9460E+07    6.5180E+14       0.50        u      

   300.07      1.5150E+09            0.00     0.50     0.00
  16      AC         228            2.7540E+07    7.2390E+06    1.4610E+10       5.00        u      

   965.27      2.7540E+07            1.00     5.00     0.00
  17      PA         231            2.1620E+07    5.9380E+06    5.3780E+17      12.50        u      

    84.67      7.8750E+07            1.00    12.50     0.00
   300.07      4.8690E+09            0.02     0.50     0.00
  18      PA         233            8.0850E+07    7.9840E+07    4.5350E+12       5.20        u      

   300.07      5.1970E+08            0.16     0.50     0.00
   398.76      8.0850E+07            1.00     5.20     0.00


Page:3                 anlresprint.php, Ver 1.4, 25FEB2011                 Printed:Oct 17 2018 17:18:57
==============================================================================================================
SN:290_008.18 Shot: 1139 Jug: 057 Mass: 658 Ctr:  76 ROT: 290.0975 ZT: 289.5990(2018) CT: 290.0851 CL:    15
NCHAN:4096   Live:    15.0   True:    17.9   Delta: 0.4923   Rate:871755   Gain: 0.50021   Zero: -0.17000
Type:  3  User: 76  Gain:  0  Pos:  9  Shelf: 16   LP Prog/Yr/Seq:0/0/0  Timestamp: 2018-10-17 02:22:02.0
Count acc/rej: default    QAStatus: pending    QA'd by: 00    QA Time:     QA Comm:  
--------------------------------------------------------------------------------------------------------------

==============================================================================================================
Analysis Results:

Analysis Code: unisampo  Peaks: 74  Overall QA:    0.00  Library: 9  CD: 71  Timestamp:2018-10-17 02:22:03.0 
Analysis ZT: 289.5990      AnalysisZY: 2018     Original: Yes     Comment: 

Peak  Start Centroid     End  Energy  NetArea  Error   Qfit Gammas/Min  FWHM  Integral Identified
  1   135.0    150.0   160.0   74.86     3631    5.7   5.66   2.610e+5  0.77  4.270e+4     No
  2   154.0    169.8   188.0   84.75     1899   11.1   2.62   9.956e+4  0.79  4.465e+4    Yes
  3   154.0    174.0   188.0   86.88     7619    3.0   2.62   3.751e+5  0.79  5.153e+4     No
  4   154.0    177.4   188.0   88.59    10594    2.3   2.62   5.021e+5  0.80  5.544e+4     No
  5   221.0    236.2   251.0  117.98    10592    2.6  10.69   4.066e+5  0.84  7.610e+4     No
  6   221.0    239.1   251.0  119.45    34194    0.9  10.69   1.301e+6  0.84  1.007e+5     No
  7   248.0    265.8   282.0  132.79     6070    4.7  10.67   2.301e+5  0.86  8.034e+4     No
  8   344.0    356.3   370.0  178.04     2302   11.4   1.39   9.618e+4  0.93  6.654e+4     No
  9   390.0    401.3   410.0  200.57      966   25.3   4.90   4.493e+4  0.96  5.458e+4     No
 10   402.0    413.2   431.0  206.50   182281    0.3  64.33   8.705e+6  0.97  2.326e+5     No
 11   493.0    508.6   522.0  254.24    21074    1.2   3.82   1.214e+6  1.03  5.585e+4     No
 12   512.0    531.3   545.0  265.59   778969    0.1 575.97   4.668e+7  1.04  8.179e+5     No
 13   543.0    552.1   573.0  275.99     4033    5.1   2.14   2.502e+5  1.06  3.670e+4     No
 14   581.0    600.3   614.0  300.09   394643    0.2 116.34   2.640e+7  1.09  4.257e+5     No
 15   643.0    657.6   673.0  328.78     1628   10.1   1.07   1.182e+5  1.12  2.535e+4    Yes
 16   675.0    686.3   708.0  343.14      849   18.5   1.15   6.411e+4  1.14  2.231e+4     No
 17   741.0    759.7   774.0  379.82    18625    1.1   5.16   1.541e+6  1.18  3.653e+4     No
 18   767.0    775.7   795.0  387.87     7154    2.4   7.91   6.031e+5  1.19  2.436e+4     No
 19   780.0    796.3   824.0  398.15     5448    2.8   1.23   4.705e+5  1.21  2.147e+4     No
 20   780.0    800.0   824.0  400.03     3386    4.2   1.23   2.938e+5  1.21  1.920e+4     No
 21   879.0    894.2   910.0  447.14     2565    4.8   1.15   2.473e+5  1.26  1.328e+4     No
 22   901.0    918.1   933.0  459.09     1331    8.6   0.69   1.315e+5  1.28  1.142e+4    Yes
 23   901.0    930.7   933.0  465.36      785   16.6   0.69   7.857e+4  1.28  1.065e+4     No
 24   944.0    961.2   992.0  480.61     9862    1.5   9.59   1.018e+6  1.30  1.916e+4     No
 25   944.0    967.2   992.0  483.66    19650    0.9   9.59   2.040e+6  1.30  2.882e+4     No
 26   944.0    973.9   992.0  486.99     2855    4.0   9.59   2.983e+5  1.31  1.187e+4    Yes
 27   996.0    996.1  1032.0  498.08      780   15.4   4.86   8.324e+4  1.32  8.314e+3     No
 28   996.0   1022.0  1032.0  511.06    86901    0.4   4.86   9.504e+6  2.69  1.083e+5     No
 29  1029.0   1036.1  1056.0  518.12   129746    0.3  55.35   1.437e+7  1.34  1.398e+5     No
 30  1042.0   1056.5  1079.0  528.30      796   13.0   3.60   8.982e+4  1.35  9.366e+3     No
 31  1073.0   1092.1  1112.0  546.13     5962    2.0   1.37   6.942e+5  1.37  1.335e+4     No
 32  1105.0   1125.8  1140.0  562.99     1188    8.8   2.97   1.423e+5  1.39  9.009e+3     No
 33  1105.0   1133.8  1140.0  566.96     4339    3.0   2.97   5.234e+5  1.39  1.245e+4     No
 34  1136.0   1144.7  1177.0  572.42    87559    0.4  17.61   1.066e+7  1.40  9.574e+4     No
 35  1136.0   1154.3  1177.0  577.23    43544    0.6  17.61   5.343e+6  1.40  5.166e+4     No
 36  1136.0   1169.1  1177.0  584.61        0    0.0  17.61   0.000e+0  1.41  0.000e+0     No
 37  1185.0   1213.8  1235.0  606.98   158884    0.3 277.88   2.044e+7  1.44  1.666e+5     No
 38  1227.0   1243.9  1264.0  622.07     3031    3.4   1.38   3.991e+5  1.45  9.223e+3    Yes
 39  1308.0   1331.8  1347.0  666.02    23459    0.8   3.01   3.294e+6  1.50  2.786e+4     No
 40  1359.0   1368.8  1387.0  684.54     2696    3.3   1.51   3.883e+5  1.52  6.394e+3     No
 41  1382.0   1393.3  1405.0  696.77      237   28.2   1.56   3.465e+4  1.53  3.561e+3     No
 42  1426.0   1437.8  1455.0  719.05     2794    3.0   2.07   4.209e+5  1.55  5.659e+3     No
 43  1440.0   1456.5  1475.0  728.40      689    9.0   2.79   1.050e+5  1.56  3.370e+3     No
 44  1521.0   1547.7  1587.0  774.01     2400    3.1  10.85   3.868e+5  1.61  4.827e+3     No
 45  1521.0   1555.9  1587.0  778.11     2135    3.4  10.85   3.457e+5  1.61  4.621e+3     No
 46  1521.0   1567.4  1587.0  783.86    65194    0.4  10.85   1.063e+7  1.62  6.776e+4     No
 47  1613.0   1631.7  1645.0  816.05     1011    5.8   0.96   1.710e+5  1.65  2.786e+3    Yes
 48  1640.0   1656.9  1669.0  828.63    30090    0.6  11.32   5.162e+6  1.66  3.228e+4     No
 49  1661.0   1670.0  1688.0  835.19      423   14.6   5.03   7.302e+4  1.67  2.710e+3     No
 50  1672.0   1690.1  1711.0  845.23      712    7.5   2.00   1.245e+5  1.68  2.392e+3     No
 51  1718.0   1742.8  1775.0  871.62    18532    0.8  13.84   3.330e+6  1.70  2.008e+4     No
 52  1785.0   1789.5  1834.0  894.98      252   18.8   1.63   4.646e+4  1.73  1.487e+3     No
 53  1785.0   1811.9  1834.0  906.16     9005    1.2   1.63   1.677e+6  1.74  1.026e+4     No
 54  1905.0   1930.0  1945.0  965.25     1831    3.1   1.39   3.625e+5  1.80  2.758e+3     No
 55  1947.0   1968.6  1990.0  984.57      430    8.9   1.09   8.683e+4  1.81  1.232e+3     No
 56  2053.0   2077.2  2103.0 1038.88      172   17.4   1.27   3.644e+4  1.87  7.600e+2     No
 57  2084.0   2104.1  2128.0 1052.32      339    9.5   0.92   7.291e+4  1.88  8.750e+2     No
 58  2183.0   2202.4  2222.0 1101.50      121   20.8   1.11   2.725e+4  1.92  5.030e+2     No
 59  2256.0   2279.2  2294.0 1139.92      405    7.7   1.13   9.411e+4  1.96  7.720e+2     No
 60  2281.0   2299.5  2323.0 1150.05     2755    2.2   1.38   6.450e+5  1.97  3.126e+3     No
 61  2320.0   2343.0  2363.0 1171.84      788    5.0   1.39   1.880e+5  1.99  1.206e+3     No
 62  2320.0   2348.0  2363.0 1174.32      769    5.2   1.39   1.837e+5  1.99  1.210e+3     No
 63  2351.0   2368.3  2393.0 1184.51     4568    1.6   2.10   1.099e+6  2.00  4.975e+3     No
 64  2400.0   2428.0  2452.0 1214.36      374    7.5   0.86   9.188e+4  2.03  6.810e+2     No
 65  2441.0   2466.2  2489.0 1233.47      432    6.7   1.04   1.075e+5  2.05  7.000e+2     No
 66  2576.0   2598.9  2622.0 1299.81      242   10.1   0.74   6.303e+4  2.11  4.750e+2     No
 67  2851.0   2879.1  2907.0 1439.97      173   10.9   0.72   4.943e+4  2.23  2.920e+2     No
 68  2908.0   2934.0  2960.0 1467.46      730    4.2   1.47   2.127e+5  2.25  8.320e+2     No
 69  2979.0   3003.2  3027.0 1502.08      216   10.2   1.03   6.430e+4  2.29  3.000e+2     No
 70  3095.0   3121.3  3154.0 1561.14      243    7.9   1.26   7.524e+4  2.34  3.160e+2     No
 71  3163.0   3171.3  3227.0 1586.15       80   17.1   1.07   2.507e+4  2.36  1.500e+2     No
 72  3163.0   3192.7  3227.0 1596.86     1910    2.4   1.07   6.036e+5  2.37  1.981e+3    Yes
 73  3499.0   3534.8  3564.0 1767.98      349    5.9   0.30   1.215e+5  2.52  3.770e+2     No
 74  3568.0   3595.0  3621.0 1798.09       49   18.3   0.49   1.752e+4  2.54  6.900e+1     No

Line   Nuclide   Isotope   Meta      DPM@ZT       DPM@CT        Atoms@ZT       Error      Accept  Comment
   Energy      DPM@ZT             Fraction   Error   StdDev

  1      RU         106            4.0230E+06    4.0190E+06    3.1140E+12       3.39        u      

   622.07      4.0230E+06          100.00     3.39   100.00
  2      TE         129            1.6930E+06    1.6760E+06    1.1820E+11       8.68        u      

   459.09      1.7250E+06           98.12     8.62   100.00
   486.99      2.1220E+07            7.98     3.99   100.00
  3      LA         140            7.7220E+05    6.3170E+05    2.6920E+09       1.94        u      

   328.78      6.9990E+05          110.34    10.11   100.00
   486.99      7.9640E+05           96.96     3.99   100.00
   816.05      8.8770E+05           86.98     5.76   100.00
  1596.86      7.7540E+05           99.59     2.39   100.00
  4      TH         228            3.1300E+07    8.3680E+06    1.6610E+10      11.09        u      

    84.75      3.1300E+07          100.00    11.09   100.00
  5      TH         231            1.5090E+06    1.5090E+06    8.0540E+20      11.09        u      

    84.75      1.5090E+06          100.00    11.09   100.00


Page:4                 anlresprint.php, Ver 1.4, 25FEB2011                 Printed:Oct 17 2018 17:18:57
==============================================================================================================
SN:290_008.18 Shot: 1139 Jug: 057 Mass: 658 Ctr:  76 ROT: 290.0975 ZT: 289.5990(2018) CT: 290.0851 CL:    15
NCHAN:4096   Live:    15.0   True:    17.9   Delta: 0.4923   Rate:871755   Gain: 0.50021   Zero: -0.17000
Type:  3  User: 76  Gain:  0  Pos:  9  Shelf: 16   LP Prog/Yr/Seq:0/0/0  Timestamp: 2018-10-17 02:22:02.0
Count acc/rej: default    QAStatus: pending    QA'd by: 00    QA Time:     QA Comm:  
--------------------------------------------------------------------------------------------------------------

==============================================================================================================
Analysis Results:

Analysis Code: gamanal  Peaks: 102  Overall QA:    0.00  Library: 9  CD: 71  Timestamp:2018-10-17 02:22:07.0 
Analysis ZT: 289.5990      AnalysisZY: 2018     Original: Yes     Comment: 

Peak  Start Centroid     End  Energy  NetArea  Error   Qfit Gammas/Min  FWHM  Integral Identified
  1   143.0    145.7   147.0   72.73     2140   20.6   1.29   1.800e+5  0.80  7.602e+4    Yes
  2   147.0    150.0   152.0   74.86     4275   10.5   1.00   3.341e+5  0.80  9.306e+4    Yes
  3   172.0    174.1   175.0   86.89     7091    6.4   1.01   3.794e+5  0.82  7.304e+4    Yes
  4   175.0    177.5   181.0   88.59    10708    5.1   1.77   5.518e+5  0.82  1.295e+5    Yes
  5   227.0    236.2   237.0  117.97    11211   15.8   5.42   4.679e+5  0.87  2.610e+5    Yes
  6   237.0    239.1   246.0  119.45    36379    7.0  10.66   1.504e+6  0.87  2.739e+5    Yes
  7   260.0    265.8   269.0  132.79     3805   26.2   1.30   1.568e+5  0.90  2.644e+5    Yes
  8   323.0    325.1   328.0  162.44     1490   40.8   1.00   6.332e+4  0.95  1.275e+5     No
  9   336.0    338.2   342.0  168.98      909   68.0   1.00   3.942e+4  0.97  1.437e+5     No
 10   355.0    356.5   360.0  178.17     1905   31.7   1.63   8.661e+4  0.89  1.252e+5     No
 11   399.0    401.5   405.0  200.66     1645   36.4   1.00   8.326e+4  1.01  1.150e+5     No
 12   406.0    413.1   415.0  206.47   188858    0.8   4.09   9.804e+6  1.02  3.415e+5    Yes
 13   413.0    415.8   423.0  207.80     4549    0.8   4.45   2.376e+5  1.02  3.039e+5     No
 14   503.0    508.7   514.0  254.30    21965    3.2   1.00   1.376e+6  1.08  1.410e+5    Yes
 15   519.0    531.2   533.0  265.55   796188    0.8  30.63   5.186e+7  1.10  9.390e+5     No
 16   533.0    534.3   536.0  267.08    18448   15.6  12.74   1.208e+6  1.10  1.271e+5     No
 17   534.0    536.1   537.0  267.97    16837   15.1   8.18   1.106e+6  1.10  7.365e+4     No
 18   537.0    538.8   545.0  269.36     3356   46.2   6.49   2.215e+5  1.10  9.666e+4     No
 19   549.0    552.1   555.0  275.97     3909   11.2   1.00   2.636e+5  1.02  6.745e+4     No
 20   575.0    576.9   579.0  288.40      670   54.9   1.00   4.704e+4  1.03  4.101e+4     No
 21   592.0    600.2   603.0  300.06   401953    0.7   9.11   2.923e+7  1.14  4.997e+5    Yes
 22   600.0    603.2   604.0  301.52     8142    0.7   4.14   5.947e+5  1.14  3.480e+5     No
 23   604.0    605.5   607.0  302.70     3789   32.3   3.14   2.778e+5  1.14  3.761e+4     No
 24   607.0    609.0   615.0  304.47     2723   42.7   3.61   2.007e+5  1.14  7.240e+4     No
 25   654.0    657.5   660.0  328.71     1669   21.5   1.00   1.318e+5  1.19  4.546e+4    Yes
 26   682.0    686.2   688.0  343.06      858   38.3   1.00   7.048e+4  1.10  3.969e+4     No
 27   756.0    759.7   765.0  379.84    19077    2.3   1.08   1.716e+6  1.23  6.304e+4     No
 28   770.0    775.8   781.0  387.86     7285    6.1   1.00   6.678e+5  1.24  5.827e+4    Yes
 29   788.0    796.3   798.0  398.14     5699   12.0   1.00   5.352e+5  1.28  4.940e+4     No
 30   798.0    800.1   808.0  400.04     3549   18.9   1.00   3.348e+5  1.28  4.611e+4     No
 31   815.0    817.2   819.0  408.61      368   69.2   1.00   3.546e+4  1.17  1.804e+4     No
 32   837.0    840.0   843.0  420.01      527   49.0   1.00   5.208e+4  1.31  2.366e+4     No
 33   871.0    873.3   875.0  436.63      290   68.2   1.00   2.981e+4  1.20  1.382e+4     No
 34   891.0    894.3   900.0  447.17     2622   11.3   1.00   2.748e+5  1.34  2.744e+4    Yes
 35   913.0    918.1   921.0  459.08     1375   19.5   1.00   1.477e+5  1.35  2.227e+4    Yes
 36   927.0    930.7   934.0  465.37      876   26.8   1.00   9.539e+4  1.36  1.885e+4     No
 37   957.0    961.2   963.0  480.61     9620    2.6   1.00   1.079e+6  1.31  2.465e+4    Yes
 38   963.0    967.2   969.0  483.61    19243    1.5   1.00   2.172e+6  1.31  3.479e+4     No
 39   969.0    970.4   970.0  485.22     2439    9.8   1.00   2.762e+5  1.31  7.217e+3     No
 40   970.0    974.2   979.0  487.12     2860    8.0   1.00   3.250e+5  1.31  2.480e+4    Yes
 41  1006.0   1011.8  1014.0  505.96      927   35.3   1.02   1.093e+5  1.33  1.870e+4     No
 42  1014.0   1022.0  1025.0  511.05    91106   23.7   1.17   1.083e+7  1.33  1.082e+5     No
 43  1025.0   1028.1  1028.0  514.09      803   45.5   1.32   9.605e+4  1.33  2.178e+4     No
 44  1028.0   1036.2  1039.0  518.14   131711   11.2   1.72   1.586e+7  1.33  1.581e+5     No
 45  1036.0   1039.9  1047.0  519.97     2835   17.5   2.19   3.427e+5  1.33  1.194e+5     No
 46  1054.0   1056.5  1059.0  528.29      843   23.3   1.00   1.034e+5  1.29  1.178e+4     No
 47  1086.0   1092.1  1100.0  546.11     6176    5.4   1.00   7.819e+5  1.44  2.980e+4     No
 48  1110.0   1112.1  1115.0  556.11      292   56.1   1.00   3.772e+4  1.32  9.466e+3     No
 49  1122.0   1125.9  1130.0  563.02     1441   15.6   1.00   1.878e+5  1.47  1.598e+4     No
 50  1129.0   1133.8  1138.0  566.96     4871    5.1   1.00   6.389e+5  1.44  2.115e+4     No
 51  1138.0   1144.7  1148.0  572.40    87854    0.9   4.00   1.163e+7  1.40  1.064e+5     No
 52  1144.0   1148.4  1148.0  574.26     1337   31.0   1.83   1.775e+5  1.40  8.000e+4     No
 53  1148.0   1154.3  1157.0  577.21    43411    1.3   2.05   5.791e+6  1.40  6.216e+4     No
 54  1157.0   1158.4  1165.0  579.26      744   46.1   1.00   9.962e+4  1.40  1.697e+4     No
 55  1174.0   1175.9  1178.0  588.03      394   39.7   1.26   5.361e+4  1.35  7.897e+3     No
 56  1200.0   1209.4  1210.0  604.75    20601    3.2   2.69   2.872e+6  1.43  3.781e+4    Yes
 57  1210.0   1213.7  1217.0  606.91   154537    0.5   1.69   2.161e+7  1.43  1.744e+5     No
 58  1213.0   1217.7  1226.0  608.91     2774    0.8   3.54   3.893e+5  1.43  1.484e+5     No
 59  1240.0   1243.9  1249.0  622.05     3219    6.8   1.00   4.609e+5  1.49  1.533e+4    Yes
 60  1321.0   1323.3  1325.0  661.72      143   77.6   1.00   2.181e+4  1.42  4.368e+3     No
 61  1325.0   1331.8  1340.0  665.98    23697    1.6   1.28   3.618e+6  1.53  3.748e+4    Yes
 62  1364.0   1368.8  1374.0  684.50     2679    6.7   1.00   4.195e+5  1.52  1.054e+4    Yes
 63  1391.0   1393.5  1396.0  696.85      234   47.2   1.00   3.733e+4  1.45  3.988e+3     No
 64  1424.0   1426.4  1429.0  713.32      166   62.5   1.00   2.707e+4  1.46  3.476e+3     No
 65  1430.0   1437.8  1443.0  719.01     2894    6.5   1.00   4.740e+5  1.58  1.033e+4     No
 66  1474.0   1477.4  1481.0  738.85      293   38.2   1.00   4.925e+4  1.64  3.953e+3    Yes
 67  1543.0   1547.8  1553.0  774.01     2357    6.3   1.00   4.130e+5  1.67  7.464e+3    Yes
 68  1552.0   1555.9  1558.0  778.08     1972    9.4   1.45   3.473e+5  1.58  5.244e+3    Yes
 69  1558.0   1567.4  1571.0  783.84    65271    0.9   4.03   1.157e+7  1.58  7.211e+4    Yes
 70  1567.0   1572.0  1580.0  786.13     1229    0.8   4.23   2.186e+5  1.58  5.349e+4     No
 71  1627.0   1631.8  1636.0  816.05      977   12.7   1.00   1.797e+5  1.71  4.129e+3    Yes
 72  1647.0   1657.0  1661.0  828.65    30597    1.5   3.44   5.707e+6  1.64  3.570e+4    Yes
 73  1661.0   1662.3  1662.0  831.33      630   29.2   2.84   1.179e+5  1.64  1.136e+3     No
 74  1662.0   1669.9  1677.0  835.13      714   22.1   1.10   1.342e+5  1.64  6.864e+3     No
 75  1685.0   1690.1  1695.0  845.19      798   14.7   1.11   1.516e+5  1.74  3.864e+3     No
 76  1733.0   1743.0  1746.0  871.66    18556    1.6   1.55   3.625e+6  1.69  2.230e+4     No
 77  1746.0   1749.1  1759.0  874.72     1204   19.0   1.29   2.360e+5  1.69  5.659e+3    Yes
 78  1787.0   1789.7  1792.0  895.04      181   36.9   1.00   3.631e+4  1.61  1.470e+3     No
 79  1801.0   1811.9  1819.0  906.16     9029    2.0   1.04   1.829e+6  1.68  1.304e+4     No
 80  1846.0   1850.1  1853.0  925.25      195   37.7   1.00   4.037e+4  1.68  1.789e+3    Yes
 81  1921.0   1930.1  1934.0  965.25     1819    5.9   1.00   3.915e+5  1.66  3.919e+3    Yes
 82  1964.0   1968.8  1974.0  984.63      448   17.6   1.00   9.826e+4  1.86  1.821e+3     No
 83  2074.0   2077.5  2082.0 1038.99      167   33.5   1.00   3.870e+4  1.72  9.980e+2     No
 84  2100.0   2104.2  2108.0 1052.35      319   18.5   1.00   7.478e+4  1.91  1.075e+3     No
 85  2199.0   2202.5  2205.0 1101.53      111   38.5   1.23   2.726e+4  1.77  5.120e+2     No
 86  2274.0   2279.2  2283.0 1139.89      403   13.4   1.00   1.017e+5  1.98  9.290e+2     No
 87  2290.0   2299.6  2305.0 1150.08     2739    3.2   1.00   6.975e+5  1.80  3.628e+3     No
 88  2338.0   2343.2  2345.0 1171.91      802    9.5   1.00   2.081e+5  2.01  1.283e+3     No
 89  2345.0   2348.1  2352.0 1174.38      791    9.7   1.00   2.056e+5  2.01  1.373e+3     No
 90  2354.0   2368.5  2376.0 1184.57     4599    3.1   1.93   1.203e+6  1.88  6.033e+3     No
 91  2419.0   2428.1  2434.0 1214.37      391   15.9   1.00   1.046e+5  2.04  1.117e+3     No
 92  2462.0   2466.5  2471.0 1233.58      427   11.1   1.11   1.158e+5  2.06  7.930e+2     No
 93  2595.0   2599.1  2603.0 1299.92      227   17.3   1.13   6.432e+4  1.90  5.130e+2     No
 94  2873.0   2879.6  2886.0 1440.19      164   22.0   1.00   5.120e+4  2.20  3.960e+2     No
 95  2928.0   2934.3  2941.0 1467.58      714    6.5   1.38   2.264e+5  2.22  9.050e+2     No
 96  2996.0   3003.4  3007.0 1502.11      191   17.1   1.45   6.208e+4  2.25  3.270e+2     No
 97  3058.0   3064.0  3068.0 1532.44       61   36.9   1.00   2.042e+4  2.09  1.640e+2     No
 98  3116.0   3121.7  3126.0 1561.29      217   15.4   1.80   7.310e+4  2.29  3.290e+2     No
 99  3166.0   3171.8  3176.0 1586.38       75   33.0   1.00   2.587e+4  2.09  1.770e+2     No
100  3182.0   3193.2  3205.0 1597.08     1879    4.6   2.47   6.457e+5  2.09  2.168e+3    Yes
101  3524.0   3535.4  3542.0 1768.23      341    8.1   1.00   1.295e+5  2.42  4.170e+2     No
102  3590.0   3595.7  3598.0 1798.39       43   27.0   1.00   1.692e+4  2.21  6.800e+1     No

Line   Nuclide   Isotope   Meta      DPM@ZT       DPM@CT        Atoms@ZT       Error      Accept  Comment
   Energy      DPM@ZT             Fraction   Error   StdDev

  1      RU         106            4.6460E+07    4.6420E+07    3.5940E+13       6.80        u      

   622.05      4.6448E+07            1.00     6.80     0.00
  2      SB         127            8.7350E+07    7.9940E+07    6.9850E+11       5.30        u      

   254.30      4.3855E+07            4.76     3.20   -31.20
   447.17      1.7214E+07           12.13    11.30   -36.20
   604.75      7.3469E+07            1.19     3.20    -5.90
   684.50      4.4766E+07           67.26     6.70   -14.10
   783.84      8.8682E+07            0.98     0.90     1.90
   473.61      4.0774E+06          930.43   100.00   -20.40
  3      TE         129            1.9040E+06    1.8850E+06    1.3290E+11      19.60        u      

   459.08      1.9378E+06            0.98    19.50     0.10
   487.12      1.8395E+06            0.08     8.00    -0.40
  4      I         126            1.1190E+07    1.0900E+07    3.0260E+11      10.60        u      

   387.86      4.5381E+06            5.57     6.10   -24.00
   665.98      1.1189E+07            1.00     1.60     0.00
  5      LA         140            8.2650E+05    6.7440E+05    2.8810E+09       3.80        u      

   328.71      7.7999E+05            1.06    21.50    -0.30
   487.12      7.9842E+05            0.95     8.00    -0.40
   816.05      9.3305E+05            0.89    12.70     0.90
   925.25      7.0364E+05            1.17    37.70    -0.50
  1597.10      8.2934E+05            1.00     4.60     0.10
  6      TB         160            1.1180E+08    1.1130E+08    1.6790E+13       0.70        u      

    86.89      3.9526E+07           38.71     6.40   -28.70
   300.06      1.1178E+08            1.00     0.70     0.00
   874.72      2.3033E+07          140.49    19.00   -20.30
   965.25      6.9888E+07           98.91     5.90   -10.20
  7      TB         161            3.0600E+06    2.9130E+06    4.3920E+10      25.50        u      

    74.86      3.5807E+06            0.85    10.50     1.40
    48.93      7.7615E+05            3.94   100.00    -2.90
    57.21      5.0968E+06            0.60   100.00     0.40
  8      W         187            6.3880E+06    4.5350E+06    1.3210E+10      17.70        u      

    72.73      2.3542E+06            2.71    20.60    -8.30
   132.79      2.5803E+06            2.48    26.20    -5.60
   480.61      7.2042E+06            0.89     2.60     4.30
   684.50      3.2740E+06            2.85     6.70   -14.10
   774.01      7.6130E+06            0.44     6.30     2.60
  9      U         237            4.7980E+07    4.5610E+07    6.7260E+11       0.80        u      

   117.97      5.2044E+06           12.58    15.80   -52.10
   206.47      4.7968E+07            1.00     0.80     0.00


Page:5                 anlresprint.php, Ver 1.4, 25FEB2011                 Printed:Oct 17 2018 17:18:58
==============================================================================================================
SN:290_008.18 Shot: 1139 Jug: 057 Mass: 658 Ctr:  76 ROT: 290.0975 ZT: 289.5990(2018) CT: 290.0851 CL:    15
NCHAN:4096   Live:    15.0   True:    17.9   Delta: 0.4923   Rate:871755   Gain: 0.50021   Zero: -0.17000
Type:  3  User: 76  Gain:  0  Pos:  9  Shelf: 16   LP Prog/Yr/Seq:0/0/0  Timestamp: 2018-10-17 02:22:02.0
Count acc/rej: default    QAStatus: pending    QA'd by: 00    QA Time:     QA Comm:  
--------------------------------------------------------------------------------------------------------------

Line number        Energy      Efficiency      Uncertainty
        0           59.54      5.1840E-04       0.0000E+00  
        1           88.03      1.4000E-03       0.0000E+00  
        2          122.07      1.7810E-03       0.0000E+00  
        3          165.85      1.7010E-03       0.0000E+00  
        4          391.71      7.8380E-04       0.0000E+00  
        5          661.64      4.7760E-04       0.0000E+00  
        6          898.04      3.6100E-04       0.0000E+00  
        7        1,173.21      2.7930E-04       0.0000E+00  
        8        1,332.46      2.5110E-04       0.0000E+00  
        9        1,836.13      1.8450E-04       0.0000E+00  

Shape Number      Value
       0         2.5200E-01
       1         2.7880E-03
       2        -2.7670E+00
       3         2.4430E-03
       4         1.0500E+00
       5         5.0000E-01
       6         1.5820E-07


End of Printout.               anlresprint.php, Ver 1.4, 25FEB2011              Printed: Oct 17 2018 17:18:58
==============================================================================================================
