
Page: 1                 anlresprint.php, Ver 1.4, 25FEB2011                 Printed: Oct 17 2018 17:15:54
==============================================================================================================
SN:289_087.18 Shot: 1139 Jug: 057 Mass: 278 Ctr:  76 ROT: 289.9118 ZT: 289.5990(2018) CT: 289.8998 CL:    15
NCHAN:4096   Live:    15.0   True:    17.2   Delta: 0.3068   Rate:645773   Gain: 0.50021   Zero: -0.17000
Type:  3  User: 76  Gain:  0  Pos:  5  Shelf: 18   LP Prog/Yr/Seq:0/0/0  Timestamp: 2018-10-16 21:55:02.0
Count acc/rej: default    QAStatus: pending    QA'd by: 00    QA Time:     QA Comm:  
--------------------------------------------------------------------------------------------------------------

==============================================================================================================
Analysis Results:

Analysis Code: raygun  Peaks: 139  Overall QA:    0.00  Library: 9  CD: 71  Timestamp:2018-10-16 21:55:02.0 
Analysis ZT: 289.5990      AnalysisZY: 2018     Original: Yes     Comment: 

Peak    Start    Centroid     End     Energy     NetArea     Error    Gammas/Min    Identified
  1     113.0     116.8     118.0      58.27       22427       1.3    7.3780E+06         No
  2     149.0     150.0     152.0      74.88        2206       9.7    3.8500E+05        Yes
  3     152.0     153.6     155.0      76.68        1973      10.0    3.2430E+05         No
  4     173.0     175.9     180.0      87.82       26145       1.3    3.0500E+06         No
  5     190.0     194.5     198.0      97.10       20437       1.6    2.2110E+06        Yes
  6     233.0     239.1     242.0     119.41        6925       5.1    6.4760E+05         No
  7     246.0     247.6     251.0     123.66        2189      14.2    2.0160E+05         No
  8     258.0     261.7     268.0     130.72      105432       0.5    9.7350E+06         No
  9     310.0     311.0     312.0     155.41        1708      14.4    1.5890E+05         No
 10     355.0     357.4     362.0     178.59        7946       4.4    7.9160E+05         No
 11     362.0     364.4     366.0     182.11       12773       2.5    1.2950E+06         No
 12     409.0     413.0     418.0     206.44       27382       1.3    3.1020E+06         No
 13     455.0     457.1     458.0     228.49        1316      18.2    1.6310E+05        Yes
 14     496.0     497.9     500.0     248.91        5689       4.3    7.6070E+05         No
 15     507.0     509.8     511.0     254.82       14739      15.2    2.0120E+06         No
 16     521.0     522.9     525.0     261.40        7121       3.5    9.9440E+05         No
 17     527.0     531.1     540.0     265.50      121328       0.5    1.7180E+07         No
 18     549.0     552.0     554.0     275.97        1354      17.3    1.9840E+05        Yes
 19     554.0     557.8     560.0     278.83       22621       1.4    3.3450E+06         No
 20     574.0     580.1     584.0     290.03       15230       2.3    2.3320E+06         No
 21     587.0     588.3     590.0     294.11        1631      12.6    2.5280E+05         No
 22     595.0     600.1     603.0     300.00       60591       0.9    9.5600E+06        Yes
 23     603.0     604.8     608.0     302.34       13307       2.5    2.1140E+06        Yes
 24     612.0     614.6     616.0     307.28        2480       8.9    3.9980E+05         No
 25     674.0     678.0     680.0     338.96        3277       7.1    5.7620E+05         No
 26     690.0     692.9     695.0     346.43       12186       2.0    2.1840E+06         No
 27     727.0     728.7     731.0     364.31        3947       4.9    7.3990E+05        Yes
 28     758.0     759.8     762.0     379.88        2568       6.2    4.9940E+05         No
 29     794.0     795.8     799.0     397.89        2022       8.1    4.1010E+05         No
 30     808.0     809.8     813.0     404.89        3680       4.4    7.5870E+05        Yes
 31     820.0     820.9     822.0     410.45        1144      10.7    2.3890E+05         No
 32     837.0     838.3     841.0     419.14        1163      13.3    2.4770E+05         No
 33     843.0     846.0     850.0     423.01        1987       9.1    4.2690E+05         No
 34     862.0     865.2     868.0     432.59        8700       2.4    1.9090E+06         No
 35     886.0     888.4     893.0     444.23        5620       3.7    1.2640E+06         No
 36     893.0     894.1     896.0     447.07        1072      12.4    2.4270E+05         No
 37     901.0     906.7     910.0     453.38        2792       6.4    6.4010E+05         No
 38     926.0     929.2     935.0     464.62       12328       1.9    2.8930E+06         No
 39     946.0     954.6     959.0     477.35       99418       0.6    2.3930E+07        Yes
 40     959.0     960.8     964.0     480.42        4497       4.6    1.0890E+06        Yes
 41     964.0     967.1     971.0     483.56        3271       6.0    7.9690E+05         No
 42     971.0     974.0     975.0     487.05        1246      12.7    3.0550E+05        Yes
 43     988.0     991.2     996.0     495.65        2456       9.8    6.1230E+05         No
 44    1005.0    1021.6    1032.0     510.84      409883       0.4    1.0510E+08         No
 45    1032.0    1036.0    1042.0     518.06       36559       1.5    9.5010E+06         No
 46    1044.0    1047.5    1050.0     523.82        5653       3.0    1.4840E+06         No
 47    1079.0    1082.3    1087.0     541.21        7211       2.7    1.9520E+06         No
 48    1089.0    1092.1    1095.0     546.13        1004      14.9    2.7420E+05         No
 49    1110.0    1114.7    1118.0     557.40        1583      11.3    4.4060E+05         No
 50    1118.0    1120.1    1122.0     560.10         889      11.8    2.4870E+05         No
 51    1124.0    1130.7    1132.0     565.43        3142       5.8    8.8650E+05         No
 52    1132.0    1134.5    1140.0     567.33        4039       5.0    1.1430E+06         No
 53    1140.0    1144.6    1148.0     572.37       13065       1.7    3.7290E+06         No
 54    1150.0    1154.3    1159.0     577.20        5951       2.8    1.7120E+06         No
 55    1159.0    1161.8    1165.0     580.99         951      12.6    2.7510E+05         No
 56    1167.0    1169.4    1172.0     584.75         682      13.7    1.9850E+05         No
 57    1186.0    1192.0    1196.0     596.07        2556       6.0    7.5780E+05         No
 58    1202.0    1209.6    1211.0     604.88        6239       3.0    1.8760E+06         No
 59    1211.0    1214.0    1218.0     607.08       23978       1.3    7.2320E+06         No
 60    1220.0    1223.6    1226.0     611.87        3864       3.8    1.1740E+06         No
 61    1232.0    1236.0    1240.0     618.10        7221       2.5    2.2150E+06        Yes
 62    1240.0    1243.3    1246.0     621.72        3096       4.5    9.5510E+05         No
 63    1258.0    1265.5    1271.0     632.87        4992       3.5    1.5660E+06         No
 64    1285.0    1289.3    1293.0     644.74        3209       4.3    1.0240E+06         No
 65    1306.0    1307.4    1309.0     653.82         638      13.2    2.0620E+05         No
 66    1321.0    1326.2    1328.0     663.19        1308      10.3    4.2880E+05         No
 67    1328.0    1331.8    1339.0     665.99        3847       4.5    1.2660E+06         No
 68    1353.0    1356.0    1363.0     678.14        1481      10.7    4.9530E+05         No
 69    1366.0    1368.3    1371.0     684.26         848      10.4    2.8590E+05         No
 70    1376.0    1379.0    1382.0     689.60        6170       2.6    2.0950E+06         No
 71    1413.0    1414.9    1416.0     707.59         549      11.3    1.9070E+05         No
 72    1421.0    1422.7    1427.0     711.46         810      12.3    2.8290E+05         No
 73    1432.0    1437.7    1442.0     719.00         722      20.9    2.5460E+05         No
 74    1504.0    1508.2    1512.0     754.24         490      18.2    1.8060E+05         No
 75    1559.0    1568.5    1577.0     784.40       23255       1.5    8.8830E+06         No
 76    1619.0    1620.3    1622.0     810.31         318      20.1    1.2510E+05         No
 77    1630.0    1631.9    1633.0     816.11         299      18.8    1.1840E+05        Yes
 78    1637.0    1639.0    1642.0     819.66         962       8.6    3.8260E+05        Yes
 79    1653.0    1657.1    1662.0     828.74        5938       3.2    2.3850E+06         No
 80    1667.0    1669.5    1673.0     834.92         536      13.6    2.1670E+05         No
 81    1680.0    1682.4    1686.0     841.38         439      17.2    1.7890E+05         No
 82    1686.0    1692.2    1696.0     846.28        1991       6.7    8.1510E+05         No
 83    1713.0    1717.7    1721.0     859.03        1308       8.1    5.4300E+05         No
 84    1722.0    1724.7    1727.0     862.56        1083       9.6    4.5120E+05         No
 85    1732.0    1734.7    1737.0     867.56         570      15.3    2.3850E+05        Yes
 86    1739.0    1742.9    1746.0     871.65        2267       4.9    9.5330E+05         No
 87    1797.0    1799.2    1802.0     899.83         462      15.8    1.9990E+05         No
 88    1808.0    1811.9    1814.0     906.19        1513       6.0    6.5950E+05         No
 89    1883.0    1887.2    1892.0     943.82         725      12.7    3.2840E+05         No
 90    1898.0    1902.1    1906.0     951.27        1414       6.8    6.4570E+05         No
 91    1941.0    1944.9    1949.0     972.68        1036       9.0    4.8280E+05         No
 92    1963.0    1967.9    1971.0     984.18         878       9.4    4.1400E+05         No
 93    1975.0    1980.3    1986.0     990.40        3143       4.1    1.4910E+06         No
 94    2006.0    2009.0    2011.0    1004.73         340      20.7    1.6340E+05         No
 95    2029.0    2032.6    2038.0    1016.54         539      14.9    2.6210E+05         No
 96    2038.0    2044.8    2047.0    1022.66         425      17.3    2.0760E+05         No
 97    2059.0    2063.3    2066.0    1031.94         494      13.4    2.4370E+05         No
 98    2086.0    2089.1    2092.0    1044.81         476      19.4    2.3750E+05         No
 99    2120.0    2122.7    2125.0    1061.65         262      23.0    1.3270E+05         No
100    2167.0    2170.2    2173.0    1085.38         506      18.2    2.6170E+05         No
101    2178.0    2182.7    2188.0    1091.64        1231       8.7    6.4040E+05         No
102    2196.0    2200.7    2204.0    1100.64         521      13.0    2.7330E+05         No
103    2253.0    2259.0    2262.0    1129.80         672      14.0    3.6130E+05         No
104    2293.0    2299.9    2302.0    1150.25         653      18.4    3.5700E+05         No
105    2302.0    2308.7    2315.0    1154.65         852      15.0    4.6750E+05         No
106    2339.0    2344.6    2350.0    1172.64         726      12.5    4.0440E+05         No
107    2361.0    2367.2    2371.0    1183.91        1519       7.3    8.5210E+05         No
108    2378.0    2380.4    2384.0    1190.55         281      22.2    1.5810E+05         No
109    2389.0    2392.7    2396.0    1196.70         484      16.6    2.7400E+05         No
110    2396.0    2399.8    2406.0    1200.25        1787       6.1    1.0140E+06         No
111    2409.0    2413.9    2418.0    1207.30         580      12.3    3.3050E+05         No
112    2420.0    2426.3    2431.0    1213.48        1007       9.5    5.7630E+05         No
113    2440.0    2442.2    2445.0    1221.44         329      16.6    1.8920E+05         No
114    2462.0    2467.7    2470.0    1234.20         509      15.6    2.9530E+05        Yes
115    2513.0    2516.6    2520.0    1258.67         638      12.1    3.7560E+05         No
116    2551.0    2554.7    2559.0    1277.70         462      18.0    2.7500E+05         No
117    2569.0    2575.3    2578.0    1288.03         658      12.2    3.9480E+05         No
118    2719.0    2725.3    2730.0    1363.05         419      15.6    2.6370E+05         No
119    2750.0    2754.4    2759.0    1377.59        1449       7.1    9.2140E+05         No
120    2860.0    2864.4    2868.0    1432.65         829       9.1    5.4740E+05         No
121    2926.0    2930.8    2936.0    1465.84         624      11.3    4.2070E+05         No
122    2982.0    2989.8    2995.0    1495.36        2652       4.9    1.8240E+06         No
123    2995.0    3001.0    3008.0    1500.98        3976       3.9    2.7440E+06         No
124    3039.0    3042.8    3048.0    1521.87         401      15.7    2.8050E+05         No
125    3048.0    3053.3    3059.0    1527.12        1761       5.8    1.2350E+06         No
126    3161.0    3169.1    3176.0    1585.04        1585       6.2    1.1530E+06         No
127    3182.0    3183.6    3186.0    1592.29         144      28.1    1.0530E+05         No
128    3186.0    3192.1    3195.0    1596.56         885       8.7    6.4820E+05        Yes
129    3268.0    3274.2    3278.0    1637.61         315      18.6    2.3630E+05         No
130    3302.0    3307.2    3311.0    1654.15         272      21.6    2.0590E+05         No
131    3325.0    3329.1    3333.0    1665.10         386      14.8    2.9450E+05         No
132    3434.0    3440.0    3447.0    1720.56         885       8.7    6.9580E+05         No
133    3530.0    3539.1    3544.0    1770.10         870       9.0    7.0290E+05         No
134    3558.0    3564.8    3568.0    1782.98         448      12.3    3.6420E+05         No
135    3699.0    3705.9    3709.0    1853.55         298      15.0    2.5140E+05         No
136    3769.0    3774.9    3780.0    1888.10         612      10.7    5.2600E+05         No
137    3815.0    3820.1    3826.0    1910.70         351      13.3    3.0550E+05         No
138    3878.0    3883.2    3888.0    1942.22         164      21.8    1.4520E+05         No
139    3964.0    3972.8    3979.0    1987.06         676      10.3    6.1050E+05         No

Line   Nuclide   Isotope   Meta      DPM@ZT       DPM@CT        Atoms@ZT       Error      Accept  Comment
   Energy      DPM@ZT             Fraction   Error   StdDev

  1      BE           7            2.3120E+08    2.3030E+08    2.5590E+13       1.40        u      

   477.00      2.3120E+08            1.00     1.10     0.00
  2      TE         132            1.9760E+05    1.8490E+05    1.3150E+09      18.30        u      

   228.00      1.9760E+05            1.00    18.20     0.00
  3      I         131            9.3560E+05    9.1120E+05    1.5620E+10       5.00        u      

   364.00      9.3560E+05            1.00     4.90     0.00
  4      CS         136            2.9030E+05    2.8570E+05    7.9350E+09       9.40        u      

   820.00      3.8970E+05            1.00     8.60     0.00
  1234.00      1.5160E+06            1.00    15.60     0.00
  1048.00      4.7440E+04           -1.00     0.00     0.00
  5      LA         140            7.4270E+05    6.5430E+05    2.5890E+09       6.60        u      

   487.00      7.5550E+05            1.00    12.70     0.00
   816.00      5.6960E+05            1.00    18.80     0.00
   868.00      4.8440E+06            1.00    15.20     0.00
  1597.00      7.7120E+05            1.00     8.70     0.00
  6      PM         151            3.5990E+06    3.0070E+06    8.8420E+09      17.30        u      

   276.00      3.5990E+06            1.00    17.30     0.00
  7      TB         161            3.8970E+06    3.7790E+06    5.5930E+10       9.90        u      

    75.00      4.0510E+06            1.00     9.70     0.00
    49.00      1.5510E+06           -1.00     0.00     0.00
  8      W         187            8.5940E+06    6.9420E+06    1.7780E+10       3.50        u      

   480.00      6.3890E+06            1.00     4.70     0.00
   618.00      4.5180E+07            1.00     2.60     0.00
  9      PB         211            9.5580E+10    1.9810E+07    4.9770E+12       4.60        u      

   405.00      9.5580E+10            1.00     4.50     0.00
  10      PA         231            6.8420E+08    1.2400E+08    1.7010E+19       2.70        u      

   300.00      7.1830E+08            0.32     1.30     0.00
   302.00      6.8200E+08            1.00     2.60     0.00
  11      AC         227            2.7860E+10    2.7860E+10    4.6010E+17       3.10        u      

   300.00      2.7860E+10            0.69     1.30     0.00
  12      U         237            1.4260E+07    1.3820E+07    2.0000E+11       2.10        u      

    97.00      1.4260E+07            1.00     1.80     0.00
  13      NP         239            1.6680E+06    1.5240E+06    8.1600E+09      18.30        u      

   228.00      1.6680E+06            1.00    18.20     0.00


Page:2                 anlresprint.php, Ver 1.4, 25FEB2011                 Printed:Oct 17 2018 17:15:55
==============================================================================================================
SN:289_087.18 Shot: 1139 Jug: 057 Mass: 278 Ctr:  76 ROT: 289.9118 ZT: 289.5990(2018) CT: 289.8998 CL:    15
NCHAN:4096   Live:    15.0   True:    17.2   Delta: 0.3068   Rate:645773   Gain: 0.50021   Zero: -0.17000
Type:  3  User: 76  Gain:  0  Pos:  5  Shelf: 18   LP Prog/Yr/Seq:0/0/0  Timestamp: 2018-10-16 21:55:02.0
Count acc/rej: default    QAStatus: pending    QA'd by: 00    QA Time:     QA Comm:  
--------------------------------------------------------------------------------------------------------------

==============================================================================================================
Analysis Results:

Analysis Code: specanl  Peaks: 156  Overall QA:    0.00  Library: 9  CD: 71  Timestamp:2018-10-16 21:55:02.0 
Analysis ZT: 289.5990      AnalysisZY: 2018     Original: Yes     Comment: 

Peak   Centroid    Energy     NetArea     Error     QFit    Gammas/Min      FWHM    Identified
  1     116.75      58.23       23355       1.1      1.0    7.6957E+06      0.86        No
  2     150.04      74.88        4868       9.4      1.3    8.4956E+05      0.92       Yes
  3     175.88      87.80       25886       1.2      7.7    3.0215E+06      1.02        No
  4     194.47      97.11       20869       1.2      1.0    2.2581E+06      0.94       Yes
  5     239.07     119.41        8531       4.8      2.6    7.9771E+05      1.05        No
  6     247.51     123.64        2240      13.1      1.0    2.0638E+05      1.04        No
  7     261.60     130.68      104751       0.5      8.3    9.6724E+06      0.96        No
  8     347.91     173.86        2864      21.5      1.0    2.7855E+05      2.10        No
  9     357.34     178.58        7624       3.7      3.5    7.5946E+05      1.01        No
 10     364.45     182.13       13545       2.1      1.0    1.3731E+06      1.01        No
 11     413.08     206.46       28961       1.1      1.2    3.2809E+06      1.03        No
 12     423.31     211.58        1330      21.4      1.0    1.5402E+05      1.28        No
 13     433.24     216.54        1651      23.2      1.0    1.9511E+05      1.62        No
 14     442.54     221.19         855      26.9      1.0    1.0302E+05      0.99        No
 15     457.07     228.46        1911      15.2      1.0    2.3683E+05      1.17       Yes
 16     497.89     248.88        5757       4.2      1.8    7.6967E+05      1.10        No
 17     508.62     254.25        6682       3.6      1.0    9.1048E+05      1.05       Yes
 18     522.86     261.37        7697       3.3      1.7    1.0748E+06      1.12        No
 19     531.16     265.52      124165       0.4      7.0    1.7582E+07      1.12        No
 20     551.87     275.88        1294      17.3      1.0    1.8954E+05      1.12        No
 21     557.68     278.79       23141       1.3      3.4    3.4215E+06      1.12        No
 22     564.79     282.34         654      26.9      1.0    9.7808E+04      0.91        No
 23     580.43     290.17       15107       2.2     18.3    2.3143E+06      1.54        No
 24     588.39     294.15        1684      11.5      1.0    2.6104E+05      1.02        No
 25     600.18     300.05       74787       0.6     32.3    1.1802E+07      1.19       Yes
 26     614.54     307.23        3750       7.6      1.0    6.0435E+05      1.19        No
 27     677.88     338.91        4793       6.4      1.5    8.4260E+05      1.58       Yes
 28     692.88     346.42       12558       1.9      1.1    2.2510E+06      1.15        No
 29     728.54     364.26        4347       4.6      1.0    8.1475E+05      1.22       Yes
 30     759.74     379.86        2680       5.8      1.0    5.2137E+05      1.06        No
 31     776.24     388.11        1312      17.5      1.7    2.6004E+05      1.21       Yes
 32     784.57     392.28         759      21.3      1.0    1.5192E+05      1.28       Yes
 33     795.87     397.93        2472       7.3      1.0    5.0143E+05      1.18        No
 34     809.71     404.85        5385       4.0      1.7    1.1102E+06      1.32       Yes
 35     820.82     410.41        1856       8.7      1.0    3.8769E+05      1.20        No
 36     838.38     419.20        1654      11.5      1.8    3.5233E+05      1.59        No
 37     845.91     422.96        2152       8.9      1.0    4.6223E+05      1.59        No
 38     865.21     432.62        8660       2.0      1.0    1.9003E+06      1.24        No
 39     888.53     444.28        7118       3.7      3.2    1.6015E+06      1.60        No
 40     906.65     453.35        2946       6.4      1.1    6.7539E+05      1.39        No
 41     920.05     460.05         843      16.5      1.2    1.9605E+05      1.23       Yes
 42     929.25     464.65       12402       1.5      1.0    2.9102E+06      1.29        No
 43     954.47     477.26       96499       0.4    113.3    2.3220E+07      1.41       Yes
 44     960.76     480.41        4143       4.3      5.1    1.0031E+06      1.41        No
 45     967.12     483.59        2611       6.4      1.6    6.3621E+05      1.41        No
 46     973.97     487.02        1050      14.7      1.0    2.5758E+05      1.41       Yes
 47     991.51     495.79        2746       9.0      1.0    6.8478E+05      2.29        No
 48    1021.88     510.98      426174       0.4    187.1    1.0934E+08      2.86        No
 49    1035.65     517.87       25138       2.0    385.9    6.5308E+06      2.86        No
 50    1047.36     523.73        8114       3.9     78.8    2.1304E+06      2.86        No
 51    1070.33     535.22         411      23.6      1.0    1.1009E+05      1.16        No
 52    1082.32     541.22        7400       2.3      1.0    2.0038E+06      1.49        No
 53    1092.28     546.20        1205      12.8      1.0    3.2904E+05      1.86        No
 54    1113.84     556.98        1345      12.2      1.2    3.7426E+05      2.04        No
 55    1120.07     560.10         603      13.7      1.0    1.6857E+05      1.01        No
 56    1133.15     566.64        6134       4.3     22.5    1.7340E+06      2.84        No
 57    1144.55     572.35       12926       1.7      1.0    3.6889E+06      1.41        No
 58    1154.29     577.22        6021       2.3      1.6    1.7320E+06      1.33        No
 59    1162.08     581.11         976      11.5      1.1    2.8251E+05      1.38        No
 60    1169.65     584.90         796      14.0      1.0    2.3172E+05      1.38        No
 61    1183.13     591.64         341      24.1      1.0    1.0043E+05      0.96        No
 62    1192.47     596.31        2698       6.6      5.8    8.0008E+05      2.12        No
 63    1213.53     606.85       29949       1.2     73.5    9.0299E+06      1.69       Yes
 64    1223.68     611.93        5521       3.7      6.9    1.6778E+06      1.69        No
 65    1236.04     618.11        7592       2.2      1.0    2.3289E+06      1.43        No
 66    1243.37     621.77        3303       3.9      1.0    1.0190E+06      1.43       Yes
 67    1265.65     632.92        5073       3.5      2.6    1.5911E+06      1.53        No
 68    1289.31     644.76        3544       3.7      1.0    1.1312E+06      1.55        No
 69    1307.52     653.86         738      11.2      1.0    2.3858E+05      1.25        No
 70    1331.59     665.90        5271       4.0     16.1    1.7337E+06      1.49       Yes
 71    1356.22     678.22        1630      10.6      1.0    5.4505E+05      2.63        No
 72    1368.59     684.41         897      10.3      1.1    3.0262E+05      1.37        No
 73    1378.99     689.62        7004       2.3      1.0    2.3786E+06      1.49        No
 74    1394.93     697.59         633      24.1      1.3    2.1734E+05      1.52        No
 75    1414.86     707.56         666      10.4      1.0    2.3165E+05      1.04        No
 76    1423.01     711.63         868      11.8      1.2    3.0342E+05      1.57        No
 77    1436.50     718.38         763      20.8      1.0    2.6907E+05      2.91        No
 78    1495.18     747.73         235      19.8      1.0    8.5815E+04      0.86        No
 79    1508.26     754.28         471      17.0      1.0    1.7366E+05      1.41       Yes
 80    1531.02     765.66         261      21.7      1.0    9.7393E+04      1.09       Yes
 81    1547.72     774.01         374      24.7      2.4    1.4131E+05      1.59       Yes
 82    1557.09     778.70         262      37.0      2.1    9.9269E+04      1.98        No
 83    1568.44     784.38       22902       1.3      2.5    8.7482E+06      2.01        No
 84    1621.64     810.99         653      17.6      1.0    2.5708E+05      2.43        No
 85    1631.75     816.05         456      16.1      1.0    1.8076E+05      1.38       Yes
 86    1638.97     819.66        1058       7.7      1.0    4.2060E+05      1.44        No
 87    1657.27     828.81        5697       2.9      1.3    2.2882E+06      1.95        No
 88    1669.54     834.95         534      13.1      1.0    2.1605E+05      1.36        No
 89    1682.62     841.49         487      21.5      2.0    1.9831E+05      2.07        No
 90    1691.93     846.15        1898       6.5      2.3    7.7678E+05      2.07        No
 91    1717.22     858.80        1289       8.0      1.7    5.3465E+05      1.82        No
 92    1724.44     862.41        1071       8.9      1.0    4.4610E+05      1.82        No
 93    1734.60     867.49         562      14.2      1.0    2.3537E+05      1.56        No
 94    1742.90     871.64        2443       4.4      1.0    1.0276E+06      1.56        No
 95    1775.09     887.75         392      23.1      1.4    1.6785E+05      2.09        No
 96    1799.50     899.96         521      14.7      1.0    2.2544E+05      1.78        No
 97    1812.01     906.21        1565       5.5      1.0    6.8210E+05      1.47        No
 98    1862.89     931.67         324      45.7      1.1    1.4502E+05      3.82        No
 99    1887.25     943.85         894      12.1      1.0    4.0513E+05      2.31        No
100    1901.91     951.18        1604       6.3      1.3    7.3223E+05      1.77        No
101    1944.71     972.59        1064       8.7      1.0    4.9593E+05      1.82        No
102    1967.68     984.08        1320       8.4      1.0    6.2235E+05      1.96        No
103    1980.32     990.41        3327       3.6      1.0    1.5780E+06      1.77        No
104    1995.22     997.86         214      27.4      1.0    1.0220E+05      1.30        No
105    2008.86    1004.68         368      19.6      1.0    1.7682E+05      1.83        No
107    2032.59    1016.55         696      15.3      1.0    3.3816E+05      2.03        No
108    2044.50    1022.51         432      16.4      1.0    2.1120E+05      1.72        No
109    2063.77    1032.15         539      14.2      1.2    2.6578E+05      1.45        No
110    2090.90    1045.72         824      19.0      1.0    4.1159E+05      4.22        No
111    2123.42    1061.99         362      23.1      1.0    1.8360E+05      2.34        No
112    2170.73    1085.65         393      17.3      1.0    2.0346E+05      1.73        No
113    2183.60    1092.09        1278       9.0      1.8    6.6498E+05      2.44        No
114    2200.22    1100.40         592      12.9      1.0    3.1011E+05      1.78        No
115    2258.70    1129.65         753      14.0      1.1    4.0466E+05      2.82        No
116    2300.77    1150.70         341      32.4      1.0    1.8637E+05      2.96        No
117    2308.80    1154.72         649      17.5      1.1    3.5587E+05      2.96       Yes
118    2345.04    1172.84         818      14.9      2.2    4.5531E+05      2.71       Yes
119    2367.41    1184.03        1524       7.0      1.0    8.5538E+05      2.18        No
120    2381.04    1190.85         310      21.0      1.0    1.7494E+05      1.66        No
121    2392.41    1196.54         485      16.3      1.8    2.7466E+05      1.94        No
122    2399.88    1200.27        1757       6.1      1.1    9.9659E+05      1.94       Yes
123    2414.26    1207.47         579      13.6      1.2    3.3021E+05      2.01        No
124    2426.20    1213.44        1066       9.0      1.0    6.1012E+05      2.19        No
125    2442.67    1221.68         417      15.8      1.0    2.3990E+05      1.60        No
126    2467.23    1233.96         543      15.9      1.0    3.1505E+05      2.30        No
127    2516.74    1258.73         704      11.9      1.0    4.1461E+05      1.92        No
128    2542.16    1271.44         254      22.8      1.0    1.5073E+05      1.62       Yes
129    2554.85    1277.79         507      16.2      1.0    3.0231E+05      2.28       Yes
130    2567.01    1283.87         138      44.6      1.0    8.2829E+04      1.76        No
131    2575.38    1288.06         561      11.1      1.0    3.3643E+05      1.55        No
132    2725.33    1363.07         447      13.9      1.0    2.8140E+05      1.44       Yes
133    2754.72    1377.77        1565       7.0      1.2    9.9545E+05      2.13        No
134    2839.29    1420.07          89      38.9    162.8    5.8459E+04      2.08        No
135    2864.95    1432.91         886       8.9      1.0    5.8488E+05      1.70        No
136    2931.27    1466.08         656      12.5      1.3    4.4257E+05      2.33        No
137    2990.16    1495.54        2275       5.2      1.6    1.5650E+06      1.87        No
138    3001.48    1501.20        3585       3.8      1.4    2.4747E+06      1.87        No
139    3042.65    1521.79         393      17.6      1.0    2.7518E+05      2.12        No
140    3053.71    1527.33        1748       6.0      1.0    1.2264E+06      1.84        No
141    3147.57    1574.28         217      21.2      1.5    1.5671E+05      2.18        No
142    3170.02    1585.50        1606       6.9      2.7    1.1677E+06      2.03        No
143    3183.50    1592.25          98      33.8      1.0    7.1365E+04      2.19        No
144    3192.83    1596.91         856       9.6      1.0    6.2695E+05      1.78       Yes
145    3307.47    1654.26         297      21.2      1.0    2.2498E+05      2.39        No
146    3319.06    1660.06         173      29.3      1.0    1.3111E+05      1.88        No
147    3329.70    1665.38         500      13.9      1.0    3.8088E+05      2.08        No
148    3441.17    1721.14         878      10.1      1.6    6.9055E+05      1.94        No
149    3540.06    1770.60         777      10.9      1.5    6.2808E+05      1.72        No
150    3565.47    1783.31         457      14.2      1.7    3.7186E+05      1.62        No
151    3705.29    1853.25         331      15.1      1.5    2.7907E+05      2.35        No
152    3776.29    1888.77         613      13.0      1.0    5.2724E+05      1.99        No
153    3821.60    1911.43         370      17.7      1.1    3.2213E+05      1.42        No
154    3862.13    1931.71         135      28.3    228.1    1.1862E+05      2.40        No
155    3883.21    1942.25         189      20.4      1.0    1.6731E+05      2.40        No
156    4036.82    2019.09         723       9.8      2.0    6.6270E+05      2.45        No
157    4089.00    2045.19         476      14.4   1470.1    4.4153E+05      2.46        No

Line   Nuclide   Isotope   Meta      DPM@ZT       DPM@CT        Atoms@ZT       Error      Accept  Comment
   Energy      DPM@ZT             Fraction   Error   StdDev

  1      BE           7            2.2440E+08    2.2350E+08    2.4840E+13       0.70        u      

   477.26      2.2440E+08            1.00     0.70     0.00
  2      CO          60            4.5580E+05    4.5580E+05    1.8230E+12      14.90        u      

  1172.84      4.5580E+05            1.00    14.90     0.00
  3      ZR          97            2.8400E+07    2.1000E+07    4.1550E+10      13.90        u      

   254.25      9.8510E+07            0.29     3.60     0.00
  1363.07      2.8400E+07            1.00    13.90     0.00
  4      NB          95            3.3200E+04    3.3000E+04    2.4120E+09      21.70        u      

   765.66      9.8190E+04            0.34    21.70     0.00
  5      RU         106            1.0260E+07    1.0260E+07    6.8480E+17       3.90        u      

   621.77      1.0260E+07            1.00     3.90     0.00
  6      SN         113            1.7070E+05    1.7040E+05    4.0820E+10      21.30        u      

   392.28      2.3780E+05            0.72    21.30     0.00
  7      SB         125            1.7990E+08    1.7990E+08    3.7270E+14       1.30        u      

   606.85      1.7990E+08            1.00     1.30     0.00
  8      TE         129            2.4550E+06    2.4390E+06    1.7140E+11      23.40        u      

   460.05      2.5620E+06            0.96    16.50     0.10
   487.02      1.8250E+07            0.13    14.70    -0.60
  9      TE         132            2.8300E+05    2.6480E+05    1.8840E+09      15.20        u      

   228.46      2.8690E+05            0.99    15.20     0.00
  10      TE         131       M    4.3970E+05    3.7090E+05    1.1420E+09      24.70        u      

   774.01      4.3970E+05            1.00    24.70     0.00
  11      I         126            2.1210E+06    2.0870E+06    5.7370E+10      42.60        u      

   388.11      7.7520E+05            2.74    17.50    -4.10
   665.90      5.3240E+06            0.40     4.00     3.00
   754.28      4.2430E+06            0.50    17.00     1.20
  12      I         131            1.0300E+06    1.0030E+06    1.7210E+10       4.60        u      

   364.26      1.0300E+06            1.00     4.60     0.00
  13      LA         140            7.0180E+05    6.1830E+05    2.4470E+09      22.00        u      

   487.02      6.3700E+05            1.10    14.70    -0.60
   816.05      8.6940E+05            0.81    16.10     0.50
  1596.91      7.4600E+05            0.94     9.60     0.20
  14      EU         156            8.0650E+06    7.9530E+06    2.5450E+11      24.00        u      

  1154.72      7.0480E+06            1.14    17.50    -0.30
  1277.79      9.7320E+06            0.83    16.20     0.40
  15      TB         160            3.2330E+06    3.2230E+06    4.8550E+11      49.10        u      

   392.28      1.1460E+07            0.28    21.30     0.00
   765.66      4.8840E+06            0.66    21.70     0.00
  1200.27      4.3080E+07            0.08     6.10     3.70
  1271.44      2.0180E+06            1.60    22.80    -1.30
  16      TB         161            8.9400E+06    8.6690E+06    1.2830E+11       9.40        u      

    74.88      8.9400E+06            1.00     9.40     0.00
  17      PB         211            1.3160E+11    2.7270E+07    6.8520E+12       4.00        u      

   404.85      1.3990E+11            1.00     4.00     0.00
  18      PB         212            5.1070E+07    3.1610E+07    4.7030E+10       0.80        u      

   300.05      5.7090E+08            0.09     0.80     0.00
  19      BI         212            5.2530E+05    3.3440E+03    4.5890E+07       0.80        u      

   300.05      5.5500E+10            0.00     0.80     0.00
  20      AC         227            5.8590E+05    5.8580E+05    9.6770E+12       0.80        u      

   300.05      5.6200E+08            0.00     0.80     0.00
  21      AC         228            2.4870E+06    1.0820E+06    1.3190E+09       6.50        u      

   338.91      1.5620E+07            0.16     6.50     0.00
  22      TH         228            5.7150E+06    3.2280E+06    8.2960E+12       6.50        u      

   338.91      1.2030E+07            0.84     6.50     0.00
  23      PA         231            5.8790E+07    1.0660E+07    1.4620E+18       0.80        u      

   300.05      2.7350E+09            0.12     0.80     0.00
  24      PA         233            1.5190E+08    1.5080E+08    8.5230E+12       0.80        u      

   300.05      1.9190E+08            0.79     0.80     0.00
  25      U         234            5.8380E+09    5.8380E+09    1.0870E+21       3.60        u      

   254.25      8.2030E+09            0.71     3.60     0.00
  26      U         237            1.4560E+07    1.4110E+07    2.0420E+11       1.30        u      

    97.11      1.4560E+07            1.00     1.30     0.00
  27      NP         239            3.3520E+04    3.0620E+04    1.6400E+08      15.20        u      

   228.46      2.4230E+06            0.01    15.20     0.00


Page:3                 anlresprint.php, Ver 1.4, 25FEB2011                 Printed:Oct 17 2018 17:15:57
==============================================================================================================
SN:289_087.18 Shot: 1139 Jug: 057 Mass: 278 Ctr:  76 ROT: 289.9118 ZT: 289.5990(2018) CT: 289.8998 CL:    15
NCHAN:4096   Live:    15.0   True:    17.2   Delta: 0.3068   Rate:645773   Gain: 0.50021   Zero: -0.17000
Type:  3  User: 76  Gain:  0  Pos:  5  Shelf: 18   LP Prog/Yr/Seq:0/0/0  Timestamp: 2018-10-16 21:55:02.0
Count acc/rej: default    QAStatus: pending    QA'd by: 00    QA Time:     QA Comm:  
--------------------------------------------------------------------------------------------------------------

==============================================================================================================
Analysis Results:

Analysis Code: unisampo  Peaks: 170  Overall QA:    0.00  Library: 9  CD: 71  Timestamp:2018-10-16 21:55:03.0 
Analysis ZT: 289.5990      AnalysisZY: 2018     Original: Yes     Comment: 

Peak  Start Centroid     End  Energy  NetArea  Error   Qfit Gammas/Min  FWHM  Integral Identified
  1   104.0    116.8   130.0   58.26    20918    1.1   8.47   6.246e+6  0.75  4.812e+4     No
  2   144.0    150.0   163.0   74.88     1777   10.2   3.63   2.814e+5  0.77  3.025e+4     No
  3   144.0    153.6   163.0   76.65     1757   10.3   3.63   2.622e+5  0.78  3.034e+4     No
  4   160.0    175.9   188.0   87.80    22036    1.1  18.79   2.334e+6  0.79  5.408e+4     No
  5   179.0    194.5   205.0   97.12    18657    1.3   3.23   1.832e+6  0.81  5.345e+4     No
  6   224.0    239.1   247.0  119.43     4730    4.8   4.02   4.012e+5  0.84  4.870e+4     No
  7   240.0    247.6   258.0  123.66     1343   16.7   7.76   1.122e+5  0.85  4.611e+4     No
  8   248.0    261.6   273.0  130.68    97602    0.4  29.64   8.177e+6  0.86  1.441e+5     No
  9   300.0    311.1   322.0  155.44     1787   12.3   0.99   1.509e+5  0.90  4.641e+4     No
 10   349.0    357.5   363.0  178.64     6084    4.1   8.53   5.500e+5  0.93  5.153e+4     No
 11   358.0    364.5   379.0  182.15    11434    2.2  15.75   1.052e+6  0.93  5.632e+4     No
 12   398.0    413.1   423.0  206.48    26682    1.0   3.43   2.743e+6  0.97  6.531e+4     No
 13   449.0    457.3   476.0  228.60     1316   14.9   1.78   1.481e+5  1.00  3.441e+4    Yes
 14   485.0    497.9   507.0  248.89     5505    3.6   2.60   6.678e+5  1.02  3.536e+4     No
 15   499.0    508.5   521.0  254.21     6322    3.2   9.38   7.814e+5  1.03  3.589e+4     No
 16   510.0    522.8   528.0  261.36     6563    3.2  11.70   8.315e+5  1.04  3.574e+4     No
 17   524.0    531.2   551.0  265.52   114497    0.3  19.45   1.471e+7  1.04  1.440e+5     No
 18   524.0    535.9   551.0  267.90     3806    5.0  19.45   4.928e+5  1.05  3.282e+4     No
 19   540.0    552.0   572.0  275.95     1149   15.4   2.23   1.528e+5  1.06  2.881e+4     No
 20   540.0    557.7   572.0  278.79    22151    1.1   2.23   2.972e+6  1.06  4.968e+4     No
 21   566.0    580.2   588.0  290.04    11654    1.8  15.78   1.619e+6  1.07  3.976e+4     No
 22   584.0    588.4   597.0  294.16     1567   12.7   5.72   2.204e+5  1.08  2.863e+4     No
 23   590.0    600.2   614.0  300.04    59191    0.5   6.99   8.475e+6  1.09  8.653e+4    Yes
 24   590.0    604.7   614.0  302.32    12908    1.7   6.99   1.861e+6  1.09  4.046e+4    Yes
 25   607.0    614.6   621.0  307.26     2707    7.0   2.01   3.958e+5  1.10  2.925e+4     No
 26   631.0    637.5   656.0  318.73     1009   17.7   1.31   1.524e+5  1.11  2.618e+4    Yes
 27   663.0    678.0   691.0  338.98     3263    5.2   6.16   5.205e+5  1.13  2.593e+4     No
 28   680.0    692.8   714.0  346.41    12480    1.5   1.34   2.030e+6  1.14  3.272e+4     No
 29   715.0    728.5   743.0  364.25     4084    3.7   1.21   6.944e+5  1.17  2.063e+4    Yes
 30   745.0    759.7   767.0  379.82     2779    5.2   1.83   4.903e+5  1.18  1.741e+4     No
 31   762.0    776.2   795.0  388.08     1040   12.3   4.70   1.870e+5  1.19  1.489e+4    Yes
 32   762.0    784.4   795.0  392.21      532   23.9   4.70   9.652e+4  1.20  1.408e+4    Yes
 33   786.0    795.8   808.0  397.88     2202    6.0   5.17   4.052e+5  1.20  1.501e+4     No
 34   799.0    809.6   820.0  404.82     4151    3.3   5.12   7.765e+5  1.21  1.642e+4     No
 35   815.0    820.8   837.0  410.39     1621    8.2   2.82   3.070e+5  1.22  1.319e+4     No
 36   824.0    838.3   863.0  419.15     1256    9.3   3.46   2.428e+5  1.23  1.230e+4     No
 37   824.0    846.0   863.0  422.99     1594    7.3   3.46   3.106e+5  1.23  1.248e+4     No
 38   849.0    865.2   881.0  432.62     8915    1.6   1.29   1.775e+6  1.24  1.918e+4    Yes
 39   870.0    888.5   904.0  444.27     5004    2.6   2.38   1.021e+6  1.26  1.478e+4     No
 40   870.0    894.1   904.0  447.09      926   12.1   2.38   1.900e+5  1.26  1.056e+4     No
 41   896.0    906.7   919.0  453.37     2274    5.1   2.20   4.730e+5  1.27  1.159e+4     No
 42   909.0    920.1   947.0  460.08      907   11.9   1.45   1.912e+5  1.28  1.006e+4    Yes
 43   909.0    929.2   947.0  464.64    12523    1.2   1.45   2.666e+6  1.28  2.169e+4     No
 44   932.0    954.5   989.0  477.28    92000    0.4  33.11   2.009e+7  1.30  9.200e+4    Yes
 45   932.0    960.8   989.0  480.42     3909    3.0  33.11   8.588e+5  1.30  3.909e+3     No
 46   932.0    967.1   989.0  483.60     2602    4.4  33.11   5.751e+5  1.30  2.602e+3     No
 47   932.0    973.8   989.0  486.94      931   11.4  33.11   2.071e+5  1.31  9.310e+2    Yes
 48   975.0    991.3  1004.0  495.68     1573    6.9   4.88   3.559e+5  1.32  1.034e+4     No
 49   995.0   1021.7  1034.0  510.90   403713    0.2  85.21   9.396e+7  2.69  4.283e+5     No
 50  1030.0   1036.1  1045.0  518.11    18147    1.1  22.10   4.279e+6  1.34  2.848e+4     No
 51  1039.0   1047.5  1065.0  523.83     6070    2.2   3.65   1.446e+6  1.35  1.361e+4     No
 52  1039.0   1054.6  1065.0  527.35      330   28.6   3.65   7.913e+4  1.35  7.326e+3     No
 53  1056.0   1070.3  1079.0  535.19      346   26.2   2.43   8.403e+4  1.36  6.642e+3     No
 54  1071.0   1082.2  1091.0  541.18     6921    1.8   3.40   1.700e+6  1.37  1.313e+4     No
 55  1085.0   1092.4  1110.0  546.27      804   11.7   1.74   1.992e+5  1.37  6.838e+3     No
 56  1097.0   1114.1  1129.0  557.11     1009    8.8   3.67   2.548e+5  1.38  6.906e+3     No
 57  1097.0   1119.9  1129.0  560.04      626   14.7   3.67   1.588e+5  1.39  6.614e+3     No
 58  1121.0   1130.6  1141.0  565.37     2196    4.7   3.84   5.621e+5  1.39  8.151e+3     No
 59  1121.0   1134.2  1141.0  567.20     3768    3.0   3.84   9.674e+5  1.39  9.727e+3     No
 60  1137.0   1144.5  1183.0  572.35    13263    1.1   2.56   3.434e+6  1.40  1.326e+4     No
 61  1137.0   1154.3  1183.0  577.21     6362    1.9   2.56   1.661e+6  1.40  6.362e+3     No
 62  1137.0   1162.1  1183.0  581.12     1063    8.0   2.56   2.791e+5  1.41  1.063e+3     No
 63  1137.0   1169.6  1183.0  584.88      837   10.1   2.56   2.211e+5  1.41  8.370e+2     No
 64  1175.0   1192.0  1203.0  596.10     2096    4.4   4.79   5.638e+5  1.43  7.141e+3     No
 65  1196.0   1209.3  1234.0  604.72     5529    2.1  10.07   1.508e+6  1.43  1.053e+4    Yes
 66  1196.0   1213.7  1234.0  606.93    24030    0.8  10.07   6.575e+6  1.44  2.910e+4     No
 67  1196.0   1223.7  1234.0  611.93     4068    2.7  10.07   1.122e+6  1.44  9.310e+3     No
 68  1226.0   1236.0  1260.0  618.11     7673    1.6   3.10   2.136e+6  1.45  1.246e+4     No
 69  1226.0   1243.3  1260.0  621.76     3281    2.9   3.10   9.184e+5  1.45  7.870e+3    Yes
 70  1246.0   1265.8  1280.0  632.98     4222    2.3   3.30   1.202e+6  1.46  8.465e+3     No
 71  1281.0   1289.2  1306.0  644.72     3303    2.9   1.84   9.565e+5  1.48  7.085e+3     No
 72  1292.0   1307.4  1316.0  653.82      810    9.4   1.74   2.377e+5  1.49  4.463e+3     No
 73  1312.0   1326.2  1352.0  663.19      995    7.5   3.73   2.959e+5  1.50  4.661e+3     No
 74  1312.0   1331.7  1352.0  665.96     3437    2.6   3.73   1.026e+6  1.50  7.093e+3    Yes
 75  1345.0   1355.9  1367.0  678.05     1038    7.3   3.28   3.148e+5  1.51  4.630e+3     No
 76  1359.0   1368.5  1394.0  684.39      928    8.2   4.02   2.840e+5  1.52  4.393e+3     No
 77  1359.0   1379.0  1394.0  689.61     6672    1.6   4.02   2.056e+6  1.52  1.005e+4     No
 78  1385.0   1394.7  1403.0  697.45      281   24.6   2.80   8.749e+4  1.53  3.547e+3     No
 79  1406.0   1414.7  1435.0  707.49      708   10.0   2.49   2.232e+5  1.54  3.643e+3     No
 80  1406.0   1422.9  1435.0  711.59      763    8.9   2.49   2.418e+5  1.55  3.718e+3     No
 81  1491.0   1494.9  1528.0  747.60      206   34.0   1.42   6.828e+4  1.58  2.904e+3     No
 82  1491.0   1508.2  1528.0  754.24      500   12.4   1.42   1.673e+5  1.59  3.156e+3    Yes
 83  1527.0   1530.9  1555.0  765.61      302   23.3   1.58   1.025e+5  1.60  2.816e+3    Yes
 84  1527.0   1547.6  1555.0  773.94      385   16.4   1.58   1.320e+5  1.61  2.890e+3     No
 85  1558.0   1568.5  1592.0  784.40    21359    0.8  22.43   7.403e+6  1.62  2.416e+4     No
 86  1602.0   1621.5  1654.0  810.95      426   13.1   3.48   1.522e+5  1.65  2.722e+3     No
 87  1602.0   1631.6  1654.0  815.98      345   16.1   3.48   1.240e+5  1.65  2.628e+3    Yes
 88  1602.0   1638.9  1654.0  819.64     1029    6.2   3.48   3.711e+5  1.65  3.302e+3     No
 89  1640.0   1657.3  1682.0  828.82     5385    1.7   5.75   1.962e+6  1.66  7.661e+3     No
 90  1640.0   1669.5  1682.0  834.92      487   12.1   5.75   1.786e+5  1.67  2.732e+3     No
 91  1674.0   1682.6  1712.0  841.49      340   17.8   2.03   1.255e+5  1.68  2.534e+3     No
 92  1674.0   1692.0  1712.0  846.21     1670    4.0   2.03   6.204e+5  1.68  3.811e+3     No
 93  1694.0   1717.2  1752.0  858.80     1158    5.3   3.40   4.360e+5  1.69  1.158e+3     No
 94  1694.0   1724.4  1752.0  862.42      970    6.2   3.40   3.665e+5  1.70  9.700e+2     No
 95  1694.0   1734.6  1752.0  867.51      563   10.3   3.40   2.141e+5  1.70  5.630e+2    Yes
 96  1694.0   1742.9  1752.0  871.63     2555    3.1   3.40   9.749e+5  1.70  2.555e+3     No
 97  1762.0   1774.6  1794.0  887.50      317   16.4   2.10   1.228e+5  1.72  2.148e+3     No
 98  1780.0   1799.6  1831.0  900.00      488   10.7   1.86   1.918e+5  1.73  2.307e+3     No
 99  1780.0   1811.9  1831.0  906.17     1689    3.9   1.86   6.680e+5  1.74  3.556e+3     No
100  1865.0   1887.3  1899.0  943.89      661    8.4   1.62   2.719e+5  1.77  2.436e+3     No
101  1889.0   1901.8  1923.0  951.17     1474    4.3   2.03   6.106e+5  1.78  3.197e+3     No
102  1924.0   1944.7  1965.0  972.59      985    5.9   1.55   4.166e+5  1.80  2.816e+3     No
103  1946.0   1967.7  1994.0  984.08      964    5.9   3.06   4.125e+5  1.81  2.706e+3     No
104  1946.0   1980.3  1994.0  990.40     3256    2.4   3.06   1.401e+6  1.82  4.933e+3     No
105  1984.0   1995.2  2031.0  997.89      227   22.1   2.13   9.844e+4  1.83  1.847e+3     No
106  1984.0   2008.8  2031.0 1004.65      305   15.9   2.13   1.329e+5  1.83  1.903e+3     No
107  2011.0   2018.4  2061.0 1009.49      156   32.4   1.59   6.855e+4  1.84  1.696e+3     No
108  2011.0   2032.6  2061.0 1016.55      623    8.2   1.59   2.749e+5  1.84  2.152e+3     No
109  2011.0   2044.2  2061.0 1022.37      473   10.4   1.59   2.100e+5  1.85  1.993e+3     No
110  2047.0   2063.8  2084.0 1032.15      527    9.4   1.31   2.357e+5  1.86  2.005e+3     No
111  2102.0   2123.3  2144.0 1061.92      275   16.2   1.44   1.264e+5  1.89  1.684e+3     No
112  2161.0   2170.5  2200.0 1085.54      372   13.7   3.40   1.745e+5  1.91  1.762e+3     No
113  2161.0   2183.5  2200.0 1092.03     1052    5.2   3.40   4.966e+5  1.92  2.502e+3     No
114  2186.0   2200.3  2216.0 1100.45      470   10.4   3.96   2.235e+5  1.92  1.842e+3     No
115  2234.0   2258.9  2282.0 1129.75      592    7.8   1.65   2.888e+5  1.95  1.868e+3     No
116  2293.0   2309.4  2335.0 1155.01      487    9.7   3.12   2.425e+5  1.97  1.877e+3     No
117  2327.0   2344.4  2363.0 1172.54      650    7.5   2.02   3.285e+5  1.99  1.940e+3     No
118  2349.0   2367.4  2442.0 1184.02     1552    3.8   1.70   7.899e+5  2.00  4.226e+3     No
119  2349.0   2380.8  2442.0 1190.72      339   13.0   1.70   1.733e+5  2.01  3.029e+3     No
120  2349.0   2392.4  2442.0 1196.52      409   11.0   1.70   2.100e+5  2.01  3.113e+3     No
121  2349.0   2399.7  2442.0 1200.21     1634    3.6   1.70   8.409e+5  2.01  4.347e+3     No
122  2349.0   2414.2  2442.0 1207.43      476    9.9   1.70   2.461e+5  2.02  3.206e+3     No
123  2349.0   2426.2  2442.0 1213.44      975    5.5   1.70   5.060e+5  2.03  3.719e+3     No
124  2429.0   2442.3  2454.0 1221.52      399   12.1   1.87   2.081e+5  2.03  1.665e+3     No
125  2444.0   2467.2  2489.0 1233.96      463    9.9   2.04   2.434e+5  2.05  1.766e+3     No
126  2490.0   2502.8  2573.0 1251.77      298   15.5   1.94   1.584e+5  2.06  2.980e+2     No
127  2490.0   2516.6  2573.0 1258.69      707    7.0   1.94   3.778e+5  2.07  7.070e+2     No
128  2490.0   2531.4  2573.0 1266.08      228   18.3   1.94   1.221e+5  2.07  2.280e+2     No
129  2490.0   2541.7  2573.0 1271.22      207   20.1   1.94   1.116e+5  2.08  2.070e+2     No
130  2490.0   2554.7  2573.0 1277.74      406   11.1   1.94   2.193e+5  2.09  4.060e+2     No
131  2563.0   2575.0  2612.0 1287.89      673    7.5   1.36   3.661e+5  2.09  1.826e+3     No
132  2563.0   2588.6  2612.0 1294.67      213   19.0   1.36   1.162e+5  2.10  1.338e+3     No
133  2643.0   2666.3  2690.0 1333.56      164   22.6   1.20   9.161e+4  2.14  1.127e+3     No
134  2673.0   2696.8  2722.0 1348.82      228   16.3   1.30   1.290e+5  2.15  1.167e+3     No
135  2701.0   2724.9  2748.0 1362.89      512    8.1   0.86   2.924e+5  2.16  1.431e+3     No
136  2729.0   2754.3  2786.0 1377.56     1483    3.5   1.78   8.556e+5  2.18  2.369e+3     No
137  2785.0   2809.8  2836.0 1405.35      211   16.5   1.13   1.239e+5  2.20  1.014e+3     No
138  2836.0   2864.6  2893.0 1432.73      925    4.8   0.82   5.543e+5  2.22  1.691e+3     No
139  2905.0   2931.0  2969.0 1465.96      641    6.2   1.18   3.927e+5  2.25  1.335e+3     No
140  2905.0   2944.9  2969.0 1472.89      169   19.1   1.18   1.041e+5  2.26  8.590e+2     No
141  2968.0   2989.8  3027.0 1495.38     2575    2.4   1.49   1.607e+6  2.28  3.239e+3     No
142  2968.0   3001.0  3027.0 1500.99     4004    1.8   1.49   2.507e+6  2.28  4.667e+3     No
143  3017.0   3042.2  3065.0 1521.57      387    9.2   1.18   2.458e+5  2.30  9.860e+2     No
144  3017.0   3053.2  3065.0 1527.10     1891    3.0   1.18   1.204e+6  2.31  2.489e+3     No
145  3122.0   3147.5  3166.0 1574.27      188   16.8   1.51   1.235e+5  2.35  7.770e+2     No
146  3148.0   3169.4  3183.0 1585.21     1547    3.3   2.61   1.021e+6  2.36  2.118e+3     No
147  3179.0   3192.2  3239.0 1596.61      928    4.8   1.41   6.167e+5  2.37  1.490e+3    Yes
148  3179.0   3208.8  3239.0 1604.92      127   23.1   1.41   8.453e+4  2.38  6.650e+2     No
149  3179.0   3216.9  3239.0 1608.99      127   22.6   1.41   8.515e+4  2.38  6.540e+2     No
150  3245.0   3274.3  3291.0 1637.67      278   11.2   1.15   1.891e+5  2.40  7.580e+2     No
151  3276.0   3293.7  3355.0 1647.40       54   52.6   1.56   3.662e+4  2.41  5.400e+1     No
152  3276.0   3307.0  3355.0 1654.03      289   10.7   1.56   1.986e+5  2.42  2.890e+2     No
153  3276.0   3318.2  3355.0 1659.67      159   17.7   1.56   1.096e+5  2.42  1.590e+2     No
154  3276.0   3329.1  3355.0 1665.11      459    7.4   1.56   3.173e+5  2.43  4.590e+2     No
155  3332.0   3356.4  3382.0 1678.73      173   16.0   1.25   1.209e+5  2.44  6.160e+2     No
156  3370.0   3396.2  3435.0 1698.67      158   17.0   0.87   1.113e+5  2.46  5.880e+2     No
157  3370.0   3409.3  3435.0 1705.19       87   28.9   0.87   6.173e+4  2.46  5.070e+2     No
158  3411.0   3440.5  3490.0 1720.82      923    4.3   1.02   6.588e+5  2.48  1.309e+3     No
159  3411.0   3453.5  3490.0 1727.31      168   15.1   1.02   1.202e+5  2.48  5.380e+2     No
160  3411.0   3463.3  3490.0 1732.21       96   25.0   1.02   6.902e+4  2.48  4.540e+2     No
161  3506.0   3539.2  3561.0 1770.18      814    4.6   1.15   5.965e+5  2.52  1.184e+3     No
162  3542.0   3564.4  3591.0 1782.79      494    6.6   1.41   3.650e+5  2.53  8.410e+2     No
163  3647.0   3674.9  3704.0 1838.06       71   29.7   2.26   5.419e+4  2.58  3.610e+2     No
164  3676.0   3704.8  3733.0 1853.02      323    8.4   1.26   2.475e+5  2.59  5.970e+2     No
165  3743.0   3752.1  3811.0 1876.68      134   17.1   1.08   1.042e+5  2.61  3.700e+2     No
166  3743.0   3775.2  3811.0 1888.22      621    5.1   1.08   4.844e+5  2.62  8.520e+2     No
167  3792.0   3820.2  3849.0 1910.76      381    7.2   0.88   3.008e+5  2.64  5.900e+2     No
168  3835.0   3862.8  3915.0 1932.03      177   12.7   0.86   1.415e+5  2.66  3.520e+2     No
169  3835.0   3883.3  3915.0 1942.29      209    9.8   0.86   1.671e+5  2.66  3.760e+2     No
170  4006.0   4036.7  4068.0 2019.04      731    4.3   0.73   6.080e+5  2.73  8.620e+2     No

Line   Nuclide   Isotope   Meta      DPM@ZT       DPM@CT        Atoms@ZT       Error      Accept  Comment
   Energy      DPM@ZT             Fraction   Error   StdDev

  1      BE           7            1.9410E+08    1.9330E+08    2.1490E+13       0.36        u      

   477.28      1.9410E+08          100.00     0.36   100.00
  2      NB          95            1.0330E+05    1.0270E+05    7.5060E+09      23.34        u      

   765.61      1.0330E+05          100.00    23.34   100.00
  3      RU         106            9.2540E+06    9.2490E+06    7.1620E+12       2.93        u      

   621.76      9.2540E+06          100.00     2.93   100.00
  4      RH         105            9.2680E+05    8.0450E+05    2.8360E+09      17.71        u      

   318.73      9.2680E+05          100.00    17.71   100.00
  5      SN         113            1.5110E+05    1.5080E+05    3.6130E+10      23.85        u      

   392.21      1.5110E+05          100.00    23.85   100.00
  6      TE         129            2.2480E+06    2.2340E+06    1.5690E+11      13.12        u      

   460.08      2.4990E+06           89.93    11.94   100.00
   486.94      1.4670E+07           15.32    11.36   100.00
  7      TE         132            1.7940E+05    1.6810E+05    1.1940E+09      14.86        u      

   228.60      1.7940E+05          100.00    14.86    99.00
  8      I         126            1.6490E+06    1.6230E+06    4.4600E+10       3.18        u      

   388.08      5.5750E+05          295.76    12.32   100.00
   665.96      3.1510E+06           52.33     2.61   100.00
   754.24      4.0880E+06           40.33    12.37   100.00
  9      I         131            8.7810E+05    8.5560E+05    1.4670E+10       3.71        u      

   364.25      8.7810E+05          100.00     3.71   100.00
  10      CS         134            1.5450E+06    1.5450E+06    2.4170E+12       2.13        u      

   604.72      1.5450E+06          100.00     2.13   100.00
  11      LA         140            7.0750E+05    6.2480E+05    2.4660E+09       4.08        u      

   432.62      6.7380E+07            1.05     1.65   100.00
   486.94      5.1210E+05          138.17    11.36   100.00
   815.98      5.9640E+05          118.62    16.10   100.00
   867.51      4.3480E+06           16.27    10.30   100.00
  1596.61      7.3380E+05           96.42     4.83   100.00
  12      PA         231            2.2830E+08    2.2830E+08    1.2190E+23       0.57        u      

   300.04      3.5610E+08           64.11     0.53   100.00
   302.32      1.0880E+08          209.83     1.67   100.00


Page:4                 anlresprint.php, Ver 1.4, 25FEB2011                 Printed:Oct 17 2018 17:15:57
==============================================================================================================
SN:289_087.18 Shot: 1139 Jug: 057 Mass: 278 Ctr:  76 ROT: 289.9118 ZT: 289.5990(2018) CT: 289.8998 CL:    15
NCHAN:4096   Live:    15.0   True:    17.2   Delta: 0.3068   Rate:645773   Gain: 0.50021   Zero: -0.17000
Type:  3  User: 76  Gain:  0  Pos:  5  Shelf: 18   LP Prog/Yr/Seq:0/0/0  Timestamp: 2018-10-16 21:55:02.0
Count acc/rej: default    QAStatus: pending    QA'd by: 00    QA Time:     QA Comm:  
--------------------------------------------------------------------------------------------------------------

==============================================================================================================
Analysis Results:

Analysis Code: gamanal  Peaks: 203  Overall QA:    0.00  Library: 9  CD: 71  Timestamp:2018-10-16 21:55:07.0 
Analysis ZT: 289.5990      AnalysisZY: 2018     Original: Yes     Comment: 

Peak  Start Centroid     End  Energy  NetArea  Error   Qfit Gammas/Min  FWHM  Integral Identified
  1   112.0    116.7   122.0   58.22    22169    5.1   9.82   7.059e+6  0.76  1.399e+5    Yes
  2   141.0    145.6   148.0   72.68     1123   41.9   1.00   2.042e+5  0.79  8.646e+4     No
  3   148.0    150.0   152.0   74.88     2167   16.2   1.00   3.653e+5  0.80  5.576e+4    Yes
  4   152.0    153.6   156.0   76.65     1997   18.1   1.00   3.174e+5  0.73  5.548e+4     No
  5   172.0    175.7   177.0   87.73    21224    5.2   3.80   2.398e+6  0.82  9.538e+4     No
  6   175.0    177.1   181.0   88.42     4348   18.4   1.86   4.856e+5  0.82  1.073e+5     No
  7   188.0    194.5   200.0   97.11    19862    5.2   3.37   2.076e+6  0.84  1.834e+5    Yes
  8   230.0    239.1   243.0  119.42     5437   22.2   1.78   4.911e+5  0.88  2.197e+5     No
  9   245.0    247.6   252.0  123.65     1783   32.5   1.00   1.587e+5  0.89  1.248e+5     No
 10   257.0    261.6   262.0  130.67    99349    3.0  12.33   8.861e+6  0.90  1.853e+5     No
 11   261.0    262.9   269.0  131.35     4506   41.8   5.74   4.020e+5  0.90  2.360e+5     No
 12   309.0    311.1   313.0  155.43     1839   23.1   1.00   1.653e+5  0.90  7.498e+4     No
 13   353.0    357.4   359.0  178.58     7453    8.3   1.82   7.171e+5  0.98  1.068e+5     No
 14   359.0    364.5   367.0  182.13    13182    4.4   1.00   1.291e+6  0.98  1.385e+5     No
 15   408.0    413.1   421.0  206.46    28221    3.6   1.00   3.088e+6  1.02  1.911e+5    Yes
 16   421.0    423.2   426.0  211.54     1104   41.7   1.00   1.235e+5  1.03  6.832e+4     No
 17   431.0    433.1   437.0  216.46      854   56.1   1.00   9.752e+4  1.04  7.659e+4     No
 18   441.0    442.6   446.0  221.21      822   53.9   1.00   9.567e+4  0.95  6.248e+4     No
 19   446.0    448.4   451.0  224.11      890   51.8   1.00   1.048e+5  0.95  6.135e+4     No
 20   453.0    457.1   459.0  228.46     1276   33.5   1.00   1.528e+5  1.05  7.037e+4    Yes
 21   495.0    497.9   501.0  248.88     5768    7.2   1.00   7.450e+5  1.09  6.578e+4    Yes
 22   506.0    508.6   514.0  254.25     6718    7.2   1.00   8.842e+5  1.05  8.166e+4     No
 23   520.0    522.9   527.0  261.39     7504    5.9   1.00   1.012e+6  1.10  7.243e+4     No
 24   526.0    531.2   534.0  265.52   118708    0.9   3.69   1.624e+7  1.10  1.903e+5     No
 25   534.0    535.9   541.0  267.90     4760   18.9   4.73   6.562e+5  1.10  6.920e+4    Yes
 26   554.0    557.7   561.0  278.79    22009    2.3   1.13   3.143e+6  1.08  8.369e+4    Yes
 27   575.0    580.1   581.0  290.01    11909    4.5   1.00   1.761e+6  1.14  6.415e+4     No
 28   581.0    582.4   585.0  291.15     3899   13.5   1.00   5.788e+5  1.14  4.423e+4     No
 29   585.0    588.4   593.0  294.13     2046   23.2   1.00   3.065e+5  1.14  6.742e+4    Yes
 30   595.0    600.2   602.0  300.04    61113    1.5   3.47   9.315e+6  1.15  1.189e+5    Yes
 31   602.0    604.8   608.0  302.33    14427    3.1   1.22   2.214e+6  1.15  6.936e+4    Yes
 32   608.0    614.5   617.0  307.20     3260   12.5   1.10   5.075e+5  1.15  7.474e+4    Yes
 33   636.0    637.8   643.0  318.88      832   45.7   1.00   1.340e+5  1.07  5.436e+4    Yes
 34   653.0    658.4   661.0  329.16      747   59.0   1.00   1.237e+5  1.08  5.925e+4     No
 35   671.0    678.0   683.0  338.94     3558   15.6   1.00   6.042e+5  1.20  8.030e+4    Yes
 36   689.0    692.9   697.0  346.41    12628    3.3   1.00   2.186e+6  1.14  5.893e+4    Yes
 37   723.0    728.5   733.0  364.25     4223    9.8   1.00   7.645e+5  1.18  4.994e+4    Yes
 38   757.0    759.7   763.0  379.85     2702   11.0   1.00   5.078e+5  1.14  2.788e+4    Yes
 39   774.0    776.2   781.0  388.11      877   31.8   1.00   1.680e+5  1.15  2.847e+4    Yes
 40   782.0    784.7   788.0  392.32      716   36.8   1.00   1.385e+5  1.27  2.350e+4     No
 41   789.0    795.9   804.0  397.94     2737   21.4   1.00   5.364e+5  1.28  5.189e+4     No
 42   804.0    809.7   817.0  404.84     4874   10.9   1.00   9.708e+5  1.29  4.521e+4    Yes
 43   817.0    820.8   825.0  410.40     1818   15.6   1.00   3.668e+5  1.29  2.659e+4    Yes
 44   836.0    838.3   842.0  419.15     1100   21.3   1.00   2.263e+5  1.18  1.963e+4     No
 45   842.0    846.0   850.0  423.02     1651   16.7   1.00   3.427e+5  1.31  2.498e+4     No
 46   861.0    865.2   869.0  432.61     8724    3.5   1.00   1.849e+6  1.22  3.062e+4    Yes
 47   882.0    888.5   891.0  444.27     5533    6.2   1.96   1.202e+6  1.33  2.819e+4     No
 48   891.0    894.1   897.0  447.07     1424   18.2   1.58   3.114e+5  1.33  1.688e+4     No
 49   899.0    906.7   911.0  453.35     2594   14.1   1.00   5.745e+5  1.34  3.045e+4     No
 50   914.0    920.1   923.0  460.06      865   30.7   1.00   1.942e+5  1.35  2.204e+4    Yes
 51   925.0    929.2   936.0  464.64    12573    2.7   1.00   2.850e+6  1.29  3.759e+4     No
 52   945.0    951.1   951.0  475.58     6165    6.6   2.87   1.428e+6  1.29  2.098e+4     No
 53   951.0    954.5   957.0  477.29    89483    0.9   1.00   2.080e+7  1.29  1.077e+5    Yes
 54   957.0    958.0   959.0  479.01     1535   18.3   1.00   3.580e+5  1.29  1.063e+4    Yes
 55   959.0    961.0   963.0  480.54     3662    7.7   1.00   8.567e+5  1.29  1.440e+4     No
 56   963.0    967.2   970.0  483.60     2660   10.4   1.00   6.260e+5  1.29  1.947e+4     No
 57   970.0    973.9   979.0  486.97     1100   22.7   1.00   2.607e+5  1.29  2.099e+4    Yes
 58   987.0    991.4   998.0  495.74     1827   22.4   3.24   4.401e+5  1.39  2.533e+4    Yes
 59  1002.0   1004.5  1008.0  502.27      407   48.2   1.00   9.929e+4  1.27  1.418e+4     No
 60  1007.0   1010.3  1012.0  505.18     1445   33.7   2.28   3.544e+5  1.40  1.387e+4     No
 61  1012.0   1015.0  1016.0  507.53     3492   29.4   4.95   8.600e+5  1.40  1.971e+4     No
 62  1016.0   1021.0  1021.0  510.53    43433   25.5   2.16   1.075e+7  1.40  1.977e+5     No
 63  1020.0   1022.0  1025.0  511.03   371743    8.8   2.04   9.213e+7  1.40  3.318e+5     No
 64  1025.0   1028.5  1030.0  514.29     5288   25.8   1.22   1.318e+6  1.40  7.066e+4     No
 65  1030.0   1031.5  1031.0  515.78     2576   28.3   1.58   6.440e+5  1.40  6.288e+3     No
 66  1031.0   1036.1  1040.0  518.09    20933   24.6   3.33   5.255e+6  1.40  4.073e+4     No
 67  1040.0   1047.6  1052.0  523.82     6458   24.8   1.12   1.638e+6  1.40  2.747e+4     No
 68  1052.0   1054.4  1060.0  527.25      547   36.7   1.00   1.398e+5  1.37  1.380e+4     No
 69  1068.0   1070.5  1075.0  535.27      399   46.1   1.00   1.035e+5  1.30  1.109e+4     No
 70  1077.0   1082.3  1088.0  541.21     7327    3.6   1.00   1.916e+6  1.44  2.279e+4     No
 71  1088.0   1092.3  1099.0  546.22     1079   22.0   1.00   2.847e+5  1.45  1.606e+4     No
 72  1109.0   1114.1  1116.0  557.09     1310   16.4   2.27   3.521e+5  1.46  1.106e+4     No
 73  1116.0   1120.0  1123.0  560.07     1055   16.2   1.00   2.851e+5  1.46  1.063e+4     No
 74  1123.0   1130.6  1132.0  565.36     2689    7.9   1.24   7.329e+5  1.43  1.497e+4     No
 75  1132.0   1134.3  1137.0  567.22     4235    5.1   1.00   1.158e+6  1.43  1.162e+4     No
 76  1137.0   1144.6  1150.0  572.34    13542    2.2   1.00   3.733e+6  1.43  2.964e+4     No
 77  1149.0   1154.3  1158.0  577.20     6556    3.3   1.00   1.822e+6  1.39  1.738e+4     No
 78  1158.0   1162.1  1165.0  581.10     1229   15.4   1.00   3.437e+5  1.39  9.952e+3     No
 79  1165.0   1169.6  1177.0  584.87      987   19.1   1.00   2.779e+5  1.39  1.479e+4    Yes
 80  1180.0   1183.0  1185.0  591.55      293   48.2   1.00   8.345e+4  1.35  6.519e+3     No
 81  1185.0   1191.9  1193.0  596.01     1842   13.5   1.00   5.277e+5  1.36  1.125e+4     No
 82  1193.0   1194.6  1197.0  597.37      847   29.1   1.00   2.432e+5  1.36  6.189e+3     No
 83  1201.0   1209.4  1210.0  604.76     5961    3.5   1.00   1.730e+6  1.44  1.576e+4    Yes
 84  1210.0   1213.7  1217.0  606.93    24262    1.4   1.00   7.067e+6  1.44  3.436e+4    Yes
 85  1217.0   1223.7  1228.0  611.93     4608    4.1   1.00   1.353e+6  1.44  1.664e+4     No
 86  1228.0   1236.0  1239.0  618.10     7919    3.3   1.00   2.346e+6  1.47  1.957e+4    Yes
 87  1239.0   1243.3  1251.0  621.75     3442    6.3   1.00   1.026e+6  1.47  1.525e+4    Yes
 88  1257.0   1265.7  1272.0  632.91     4482    8.7   2.44   1.358e+6  1.49  1.808e+4     No
 89  1277.0   1280.0  1283.0  640.09      373   35.3   1.00   1.142e+5  1.55  5.771e+3     No
 90  1284.0   1289.3  1297.0  644.75     3335    6.6   1.00   1.028e+6  1.50  1.379e+4     No
 91  1305.0   1307.5  1310.0  653.86      710   17.3   1.00   2.219e+5  1.41  5.036e+3     No
 92  1320.0   1326.2  1328.0  663.17     1163   14.9   1.00   3.684e+5  1.57  7.507e+3     No
 93  1328.0   1331.7  1340.0  665.94     3538    7.9   1.97   1.124e+6  1.57  1.338e+4    Yes
 94  1350.0   1356.1  1364.0  678.14     1270   21.9   2.34   4.106e+5  1.58  1.164e+4     No
 95  1365.0   1368.6  1372.0  684.40      937   16.0   1.00   3.056e+5  1.59  6.191e+3    Yes
 96  1375.0   1379.0  1387.0  689.61     6658    3.6   1.31   2.184e+6  1.46  1.508e+4     No
 97  1391.0   1394.9  1403.0  697.58      388   47.3   1.00   1.288e+5  1.60  8.424e+3     No
 98  1410.0   1414.8  1418.0  707.49      808   18.4   1.24   2.716e+5  1.61  5.700e+3     No
 99  1417.0   1423.0  1429.0  711.61      958   18.7   1.00   3.235e+5  1.61  8.048e+3     No
100  1430.0   1436.5  1446.0  718.36      603   37.5   1.94   2.055e+5  1.62  9.739e+3     No
101  1477.0   1482.0  1488.0  741.11      333   44.3   1.00   1.168e+5  1.64  6.483e+3     No
102  1492.0   1495.0  1497.0  747.63      220   45.3   1.00   7.792e+4  1.49  3.134e+3     No
103  1499.0   1502.2  1505.0  751.22      197   55.5   1.00   7.006e+4  1.50  3.701e+3     No
104  1505.0   1508.3  1513.0  754.27      433   29.1   1.00   1.545e+5  1.50  4.908e+3    Yes
105  1528.0   1530.8  1533.0  765.52      228   42.8   1.00   8.236e+4  1.51  3.025e+3     No
106  1542.0   1547.5  1550.0  773.87      420   30.9   1.53   1.533e+5  1.67  4.516e+3     No
107  1552.0   1557.4  1561.0  778.82      464   29.4   1.52   1.704e+5  1.68  4.958e+3    Yes
108  1560.0   1567.5  1568.0  783.90    10571    9.7   1.00   3.898e+6  1.68  1.639e+4     No
109  1568.0   1569.3  1578.0  784.78    12699    8.1   1.00   4.688e+6  1.68  2.077e+4     No
110  1595.0   1597.1  1599.0  798.72      124   63.1   1.00   4.687e+4  1.54  2.248e+3     No
111  1616.0   1621.7  1626.0  810.99      552   24.5   1.31   2.101e+5  1.71  4.921e+3     No
112  1627.0   1631.6  1634.0  815.95      479   23.3   1.00   1.835e+5  1.71  3.549e+3    Yes
113  1634.0   1638.9  1643.0  819.63     1149   10.4   1.00   4.415e+5  1.71  4.941e+3     No
114  1652.0   1657.3  1663.0  828.80     5492    4.2   3.20   2.131e+6  1.72  1.031e+4    Yes
115  1666.0   1669.4  1672.0  834.88      500   20.4   1.00   1.954e+5  1.56  3.173e+3     No
116  1679.0   1682.5  1685.0  841.42      319   31.2   1.00   1.259e+5  1.74  2.958e+3     No
117  1686.0   1692.1  1697.0  846.21     1682    9.4   1.19   6.654e+5  1.74  6.330e+3     No
118  1711.0   1717.2  1720.0  858.79     1218    9.4   1.00   4.882e+5  1.75  4.735e+3     No
119  1720.0   1724.4  1728.0  862.39      972   11.7   1.00   3.913e+5  1.75  4.273e+3     No
120  1731.0   1734.7  1738.0  867.54      501   20.9   1.00   2.030e+5  1.59  3.425e+3    Yes
121  1738.0   1742.9  1747.0  871.64     2382    6.0   1.00   9.678e+5  1.59  6.028e+3     No
122  1756.0   1760.7  1766.0  880.54      213   56.4   1.00   8.753e+4  1.77  4.014e+3     No
123  1772.0   1775.2  1779.0  887.80      337   27.8   1.01   1.395e+5  1.78  2.834e+3     No
124  1796.0   1799.6  1803.0  899.98      466   20.9   1.00   1.953e+5  1.79  2.918e+3     No
125  1807.0   1812.0  1815.0  906.17     1628    8.2   1.38   6.858e+5  1.62  4.404e+3     No
126  1858.0   1861.3  1864.0  930.86      137   63.7   1.00   5.945e+4  1.64  2.241e+3     No
127  1881.0   1887.3  1894.0  943.88      785   17.4   1.00   3.436e+5  1.82  4.726e+3     No
128  1894.0   1901.9  1908.0  951.17     1593    9.0   1.00   7.025e+5  1.83  5.674e+3     No
129  1921.0   1928.3  1937.0  964.38      246   56.5   1.00   1.102e+5  1.84  5.327e+3     No
130  1940.0   1944.7  1949.0  972.59     1040   11.0   1.00   4.685e+5  1.85  3.908e+3     No
131  1962.0   1967.7  1972.0  984.08      975   12.2   1.00   4.442e+5  1.86  3.997e+3     No
132  1974.0   1980.4  1987.0  990.41     3156    4.6   1.00   1.446e+6  1.69  7.045e+3     No
133  1992.0   1995.3  1999.0  997.88      205   43.7   1.00   9.480e+4  1.69  2.275e+3     No
134  2005.0   2008.8  2012.0 1004.65      331   26.0   1.00   1.540e+5  1.70  2.317e+3     No
135  2015.0   2018.1  2020.0 1009.27      102   69.7   1.00   4.779e+4  1.70  1.600e+3     No
136  2028.0   2032.6  2037.0 1016.55      532   20.0   1.00   2.502e+5  1.88  3.103e+3     No
137  2037.0   2044.4  2049.0 1022.43      422   25.0   1.00   1.997e+5  1.88  3.709e+3     No
138  2057.0   2063.7  2067.0 1032.10      515   19.8   1.00   2.458e+5  1.72  3.107e+3     No
139  2083.0   2089.9  2099.0 1045.21      485   34.0   1.84   2.342e+5  1.91  4.642e+3     No
140  2119.0   2123.4  2127.0 1061.96      280   31.1   1.00   1.374e+5  1.92  2.236e+3     No
141  2166.0   2170.7  2174.0 1085.59      387   23.5   1.00   1.937e+5  1.94  2.244e+3     No
142  2177.0   2183.6  2189.0 1092.07     1212   11.6   2.48   6.094e+5  1.95  3.938e+3     No
143  2193.0   2200.2  2205.0 1100.35      558   19.5   1.00   2.825e+5  1.95  3.142e+3     No
144  2252.0   2258.9  2263.0 1129.72      618   17.1   1.21   3.211e+5  1.97  2.967e+3     No
145  2293.0   2300.5  2303.0 1150.56      435   23.1   1.19   2.300e+5  1.99  2.583e+3     No
146  2303.0   2308.6  2314.0 1154.58      660   18.5   1.97   3.498e+5  1.99  3.133e+3     No
147  2339.0   2344.9  2351.0 1172.75      690   16.9   1.47   3.713e+5  2.01  3.214e+3     No
148  2360.0   2367.4  2372.0 1184.03     1519    7.4   1.00   8.236e+5  2.02  4.077e+3     No
149  2377.0   2381.1  2386.0 1190.86      325   27.3   1.00   1.770e+5  1.83  2.207e+3     No
150  2387.0   2392.5  2395.0 1196.57      504   17.9   1.00   2.758e+5  2.03  2.186e+3     No
151  2395.0   2399.9  2407.0 1200.26     1792    5.5   1.00   9.819e+5  2.03  4.067e+3     No
152  2409.0   2414.3  2419.0 1207.46      583   16.2   1.00   3.213e+5  2.04  2.552e+3    Yes
153  2419.0   2426.3  2432.0 1213.46     1005   11.4   1.00   5.558e+5  2.04  3.691e+3     No
154  2437.0   2442.5  2446.0 1221.57      421   22.0   1.00   2.339e+5  2.05  2.165e+3     No
155  2460.0   2467.3  2471.0 1233.98      516   19.0   1.00   2.890e+5  2.05  2.669e+3     No
156  2485.0   2487.0  2489.0 1243.81       90   66.1   1.20   5.099e+4  1.87  1.048e+3     No
157  2497.0   2502.9  2507.0 1251.81      249   37.0   1.00   1.413e+5  2.07  2.374e+3     No
158  2513.0   2516.9  2521.0 1258.79      610   14.4   1.00   3.471e+5  1.88  2.298e+3     No
159  2529.0   2532.0  2535.0 1266.33      179   38.7   1.00   1.024e+5  1.88  1.437e+3     No
160  2538.0   2542.1  2545.0 1271.40      241   31.1   1.00   1.382e+5  1.88  1.563e+3     No
161  2550.0   2555.0  2560.0 1277.82      466   19.4   1.00   2.684e+5  2.09  2.253e+3     No
162  2569.0   2575.3  2579.0 1287.98      629   15.7   1.00   3.645e+5  1.90  2.402e+3     No
163  2584.0   2588.5  2591.0 1294.59      161   43.4   1.00   9.409e+4  1.90  1.473e+3     No
164  2625.0   2629.9  2636.0 1315.29      156   55.0   1.00   9.196e+4  2.12  2.035e+3     No
165  2692.0   2697.0  2701.0 1348.87      198   37.1   1.00   1.195e+5  2.10  1.531e+3     No
166  2719.0   2725.3  2732.0 1363.00      481   19.9   1.00   2.926e+5  2.15  2.275e+3     No
167  2749.0   2754.8  2764.0 1377.79     1573    7.6   1.26   9.668e+5  2.16  3.471e+3     No
168  2859.0   2864.9  2872.0 1432.84      931   10.1   1.18   5.938e+5  2.20  2.301e+3     No
169  2925.0   2931.4  2937.0 1466.11      639   12.3   1.00   4.166e+5  2.22  1.831e+3     No
170  2940.0   2945.4  2949.0 1473.12      164   38.9   1.00   1.080e+5  2.02  1.044e+3     No
171  2980.0   2990.2  2994.0 1495.52     2575    3.8   1.00   1.711e+6  2.03  3.888e+3     No
172  2994.0   3001.4  3009.0 1501.15     3926    2.7   1.00   2.618e+6  2.03  5.433e+3     No
173  3035.0   3042.8  3048.0 1521.86      420   17.7   1.00   2.840e+5  2.26  1.546e+3     No
174  3047.0   3053.6  3060.0 1527.25     1884    6.0   2.20   1.277e+6  2.27  2.911e+3     No
175  3143.0   3147.8  3152.0 1574.37      178   33.8   1.00   1.244e+5  2.08  9.000e+2     No
176  3161.0   3170.0  3177.0 1585.48     1567    7.9   2.99   1.101e+6  2.30  2.742e+3     No
177  3180.0   3183.7  3186.0 1592.33      101   43.9   1.00   7.151e+4  2.09  6.120e+2     No
178  3186.0   3192.6  3197.0 1596.78      911    8.6   1.31   6.450e+5  2.31  1.738e+3    Yes
179  3206.0   3209.4  3212.0 1605.17      111   42.2   1.31   7.940e+4  2.10  5.840e+2     No
180  3214.0   3217.6  3221.0 1609.28      108   44.0   1.00   7.702e+4  2.10  6.320e+2     No
181  3236.0   3241.1  3248.0 1621.04      111   52.7   1.00   8.006e+4  2.11  9.480e+2     No
182  3268.0   3275.0  3283.0 1637.98      249   29.0   1.00   1.805e+5  2.34  1.296e+3     No
183  3301.0   3307.5  3312.0 1654.25      299   20.1   1.00   2.188e+5  2.35  9.960e+2     No
184  3315.0   3319.2  3323.0 1660.09      171   28.3   1.00   1.258e+5  2.13  6.540e+2     No
185  3323.0   3329.7  3336.0 1665.35      483   13.8   1.00   3.560e+5  2.36  1.201e+3     No
186  3352.0   3356.7  3360.0 1678.86      170   27.4   1.00   1.264e+5  2.14  6.340e+2     No
187  3391.0   3396.8  3400.0 1698.92      152   32.1   1.00   1.144e+5  2.15  6.600e+2     No
188  3405.0   3410.0  3413.0 1705.49       89   49.6   1.00   6.771e+4  2.16  5.260e+2     No
189  3433.0   3441.2  3448.0 1721.10      930    8.5   1.64   7.069e+5  2.39  1.668e+3     No
190  3448.0   3454.5  3459.0 1727.79      167   30.6   1.00   1.277e+5  2.17  6.930e+2     No
191  3460.0   3463.7  3466.0 1732.35       79   44.3   1.00   6.058e+4  2.17  3.720e+2     No
192  3529.0   3539.8  3545.0 1770.42      817    9.6   1.71   6.384e+5  2.42  1.553e+3     No
193  3557.0   3564.9  3569.0 1783.01      489   13.3   1.68   3.847e+5  2.43  9.980e+2     No
194  3670.0   3675.4  3678.0 1838.24       69   51.9   1.00   5.660e+4  2.23  3.550e+2     No
195  3699.0   3705.6  3710.0 1853.36      315   15.9   1.26   2.570e+5  2.48  6.850e+2     No
196  3748.0   3753.6  3758.0 1877.36      104   37.9   1.00   8.640e+4  2.26  4.110e+2     No
197  3767.0   3776.1  3781.0 1888.61      618    8.8   1.00   5.137e+5  2.50  9.960e+2     No
198  3813.0   3821.0  3825.0 1911.08      353   16.2   2.46   2.967e+5  2.51  6.570e+2     No
199  3858.0   3863.5  3866.0 1932.37      141   22.3   1.06   1.201e+5  2.29  3.280e+2     No
200  3875.0   3884.4  3889.0 1942.79      197   21.4   1.00   1.689e+5  2.53  4.930e+2     No
201  3923.0   3928.7  3933.0 1964.97       79   40.3   1.00   6.895e+4  2.55  2.950e+2     No
202  4027.0   4037.9  4044.0 2019.56      718    7.6   1.47   6.358e+5  2.58  9.720e+2     No
203  4081.0   4089.2  4092.0 2045.24      380   14.2   3.25   3.413e+5  2.59  5.750e+2     No

Line   Nuclide   Isotope   Meta      DPM@ZT       DPM@CT        Atoms@ZT       Error      Accept  Comment
   Energy      DPM@ZT             Fraction   Error   StdDev

  1      BE           7            2.0100E+08    2.0020E+08    2.2250E+13       0.90        u      

   477.29      2.0093E+08            1.00     0.90     0.00
  2      BR          82            1.4250E+05    1.2330E+05    4.3540E+08      60.10        u      

   618.10      1.2932E+06            0.02     3.30    26.90
   778.82      2.3552E+05            0.60    29.40     1.30
   828.80      9.9417E+05            0.01     4.20    20.50
   554.35      6.3703E+04            2.24   100.00    -1.20
  3      RU         103            4.9890E+05    4.9620E+05    4.0670E+10      22.40        u      

   495.74      4.9874E+05            1.00    22.40     0.00
  4      RU         106            1.0200E+08    1.0190E+08    7.8900E+13       9.60        u      

   621.75      1.0195E+08            0.99     6.30     0.00
  5      I         131            9.6670E+05    9.4150E+05    1.6140E+10       9.80        u      

   364.25      9.6653E+05            1.00     9.80     0.00
  6      XE         135            1.4500E+06    8.2780E+05    1.1420E+09       7.20        u      

   248.88      1.4498E+06            1.00     7.20     0.00
   606.93      1.5936E+08            0.00     1.40    71.70
  7      LA         140            7.5980E+05    6.6940E+05    2.6480E+09      18.30        u      

   432.61      6.6747E+07            0.01     3.50    28.50
   486.97      5.8195E+05            1.18    22.70    -1.30
   815.95      8.8233E+05            0.86    23.30     0.60
   867.54      4.1222E+06            0.18    20.90     3.90
  1596.80      7.6728E+05            0.99     8.60     0.10
  8      CE         143            8.5180E+05    7.2980E+05    2.4330E+09      23.20        u      

   294.13      8.5164E+05            1.00    23.20     0.00
   665.94      1.4567E+06            0.03     7.90     5.30
  9      PM         151            2.5580E+06    2.1370E+06    6.2840E+09      20.80        u      

   338.94      2.5570E+06            0.78    15.60     0.00
   346.41      6.9780E+07            0.02     3.30    29.00
  10      W         187            1.6080E+06    1.2990E+06    3.3270E+09      18.30        u      

   479.01      2.1002E+06            0.77    18.30     1.30
   618.10      1.4597E+07            0.03     3.30    26.90
   621.75      1.6081E+06            0.01     6.30     0.00
   684.40      1.4326E+06            1.12    16.00    -0.80
  11      AU         198            4.1560E+05    3.8410E+05    2.3260E+09      15.60        u      

   410.40      4.1554E+05            1.00    15.60     0.00
  12      TL         200            1.3070E+06    1.0750E+06    2.9500E+09      16.20        u      

   828.80      9.1169E+06            0.05     4.20    20.50
  1207.50      1.3064E+06            1.00    16.20     0.00
  13      BI         212            4.8350E+07    3.0770E+05    4.2230E+09      41.50        u      

   278.79      4.8616E+07            0.01     2.30     0.20
   584.87      4.8210E+07            1.00    19.10     0.00
  14      PB         211            1.2240E+11    2.5350E+07    6.3740E+12      10.90        u      

   404.84      1.2238E+11            1.00    10.90     0.00
  15      TH         227            2.6320E+08    2.6030E+08    1.0240E+13      18.90        u      

   267.90      2.6319E+08            1.00    18.90     0.00
   338.94      2.6319E+08            0.22    15.60     0.00
  16      PA         231            2.1590E+09    3.9140E+08    5.3670E+19       1.50        u      

   300.04      2.1582E+09            1.00     1.50     0.00
   302.33      1.3022E+09            3.02     3.10   -21.10
  17      U         237            1.1890E+07    1.1520E+07    1.6670E+11       7.70        u      

    58.22      1.1889E+07            0.54     5.10     0.00
    97.11      1.3387E+07            0.89     5.20     2.10
   206.46      1.1260E+07            0.82     3.60    -1.60
  18      NP         239            2.3920E+07    2.1850E+07    1.1700E+11       5.20        u      

   206.46      2.2649E+07            0.23     3.60    -1.60
   228.46      3.1438E+06           15.31    33.50   -19.70
   278.79      2.4052E+07            0.99     2.30     0.20


Page:5                 anlresprint.php, Ver 1.4, 25FEB2011                 Printed:Oct 17 2018 17:15:58
==============================================================================================================
SN:289_087.18 Shot: 1139 Jug: 057 Mass: 278 Ctr:  76 ROT: 289.9118 ZT: 289.5990(2018) CT: 289.8998 CL:    15
NCHAN:4096   Live:    15.0   True:    17.2   Delta: 0.3068   Rate:645773   Gain: 0.50021   Zero: -0.17000
Type:  3  User: 76  Gain:  0  Pos:  5  Shelf: 18   LP Prog/Yr/Seq:0/0/0  Timestamp: 2018-10-16 21:55:02.0
Count acc/rej: default    QAStatus: pending    QA'd by: 00    QA Time:     QA Comm:  
--------------------------------------------------------------------------------------------------------------

Line number        Energy      Efficiency      Uncertainty
        0           59.54      2.3590E-04       0.0000E+00  
        1           88.03      6.3360E-04       0.0000E+00  
        2          122.07      7.9810E-04       0.0000E+00  
        3          165.85      7.8760E-04       0.0000E+00  
        4          391.71      3.6760E-04       0.0000E+00  
        5          661.64      2.2470E-04       0.0000E+00  
        6          898.04      1.7000E-04       0.0000E+00  
        7        1,173.21      1.3190E-04       0.0000E+00  
        8        1,332.46      1.1930E-04       0.0000E+00  
        9        1,836.13      8.7800E-05       0.0000E+00  

Shape Number      Value
       0         2.5200E-01
       1         2.7880E-03
       2        -2.7670E+00
       3         2.4430E-03
       4         1.0500E+00
       5         5.0000E-01
       6         1.5820E-07


End of Printout.               anlresprint.php, Ver 1.4, 25FEB2011              Printed: Oct 17 2018 17:15:58
==============================================================================================================
