
Page: 1                 anlresprint.php, Ver 1.4, 25FEB2011                 Printed: Oct 17 2018 17:16:59
==============================================================================================================
SN:289_089.18 Shot: 1139 Jug: 057 Mass: 465 Ctr:  76 ROT: 289.9373 ZT: 289.5990(2018) CT: 289.9268 CL:    15
NCHAN:4096   Live:    15.0   True:    15.1   Delta: 0.3330   Rate:46846   Gain: 0.50021   Zero: -0.17000
Type:  3  User: 76  Gain:  0  Pos:  7  Shelf: 16   LP Prog/Yr/Seq:0/0/0  Timestamp: 2018-10-16 22:31:01.0
Count acc/rej: default    QAStatus: pending    QA'd by: 00    QA Time:     QA Comm:  
--------------------------------------------------------------------------------------------------------------

==============================================================================================================
Analysis Results:

Analysis Code: raygun  Peaks: 39  Overall QA:    0.00  Library: 9  CD: 71  Timestamp:2018-10-16 22:31:01.0 
Analysis ZT: 289.5990      AnalysisZY: 2018     Original: Yes     Comment: 

Peak    Start    Centroid     End     Energy     NetArea     Error    Gammas/Min    Identified
  1     150.0     150.4     152.0      75.08         268      23.3    1.9250E+04        Yes
  2     175.0     174.3     176.0      87.01         433      16.4    2.1380E+04         No
  3     176.0     177.9     179.0      88.80         715      10.6    3.4070E+04         No
  4     234.0     239.3     242.0     119.54        2388       5.1    9.1460E+04         No
  5     261.0     261.9     264.0     130.84         626      15.4    2.3860E+04         No
  6     264.0     265.9     268.0     132.85         611      18.8    2.3340E+04         No
  7     411.0     413.3     416.0     206.57        9081       1.7    4.3700E+05         No
  8     506.0     508.9     512.0     254.41        1567       5.3    9.0960E+04         No
  9     527.0     531.4     539.0     265.64       38925       0.8    2.3500E+06         No
 10     595.0     600.4     607.0     300.15       19536       1.1    1.3170E+06        Yes
 11     757.0     759.9     763.0     379.94         991       6.5    8.2610E+04         No
 12     773.0     776.8     780.0     388.37         403      14.6    3.4300E+04        Yes
 13     795.0     796.8     799.0     398.38         332      16.8    2.8890E+04         No
 14     799.0     800.1     802.0     400.04         189      22.8    1.6540E+04         No
 15     892.0     894.8     897.0     447.41         214      19.9    2.0820E+04         No
 16     951.0     954.8     957.0     477.44         244      20.3    2.5250E+04        Yes
 17     959.0     961.3     965.0     480.67         588       9.4    6.1100E+04         No
 18     965.0     967.2     972.0     483.65        1064       6.0    1.1130E+05         No
 19     972.0     973.8     978.0     486.94         202      22.0    2.1260E+04        Yes
 20    1010.0    1022.1    1032.0     511.09       25719       1.5    2.8340E+06         No
 21    1032.0    1036.3    1040.0     518.19        6459       2.1    7.2100E+05         No
 22    1090.0    1092.7    1096.0     546.43         286      13.0    3.3510E+04         No
 23    1133.0    1134.0    1136.0     567.06         170      16.4    2.0650E+04         No
 24    1139.0    1144.8    1150.0     572.49        4269       2.7    5.2360E+05         No
 25    1150.0    1154.6    1158.0     577.35        1995       4.0    2.4660E+05         No
 26    1202.0    1213.8    1217.0     607.00        9283       2.0    1.2030E+06         No
 27    1240.0    1244.6    1247.0     622.39         185      17.1    2.4580E+04        Yes
 28    1327.0    1332.0    1335.0     666.11        1148       5.6    1.6240E+05        Yes
 29    1367.0    1368.9    1370.0     684.59         125      16.6    1.8170E+04        Yes
 30    1541.0    1542.2    1544.0     771.23          44      45.0    7.0540E+03         No
 31    1544.0    1547.7    1550.0     774.03         127      19.5    2.0630E+04        Yes
 32    1553.0    1556.0    1560.0     778.14         138      17.9    2.2470E+04         No
 33    1560.0    1567.5    1571.0     783.89        3223       3.3    5.2940E+05        Yes
 34    1649.0    1657.0    1664.0     828.69        1455       4.9    2.5150E+05         No
 35    1735.0    1742.9    1748.0     871.67         955       6.2    1.7300E+05         No
 36    1805.0    1811.9    1815.0     906.17         399       9.9    7.4880E+04         No
 37    2295.0    2300.5    2306.0    1150.59         128      20.6    3.0290E+04         No
 38    2364.0    2368.1    2372.0    1184.35         221      13.5    5.3500E+04         No
 39    3187.0    3192.0    3198.0    1596.52         132      19.0    4.1890E+04        Yes

Line   Nuclide   Isotope   Meta      DPM@ZT       DPM@CT        Atoms@ZT       Error      Accept  Comment
   Energy      DPM@ZT             Fraction   Error   StdDev

  1      BE           7            2.4410E+05    2.4300E+05    2.7010E+10      20.30        u      

   477.00      2.4410E+05            1.00    20.30     0.00
  2      RU         106            2.4120E+05    2.4120E+05    1.6090E+16      17.00        u      

   622.00      2.4760E+05            1.00    17.10     0.00
  1050.00      1.5570E+05           -1.00     0.00     0.00
  3      SB         127            7.5010E+04    7.0640E+04    5.9980E+08      19.80        u      

   685.00      3.1250E+04            0.57    16.60     0.00
   784.00      3.8770E+06            1.00     3.40     0.00
   474.00      2.5460E+04           -1.00     0.00     0.00
  4      I         126            1.8850E+05    1.8520E+05    5.0980E+09       7.00        u      

   388.00      1.0240E+05            1.00    14.60     0.00
   666.00      4.9930E+05            1.00     5.60     0.00
  5      LA         140            5.1500E+04    4.4880E+04    1.7950E+08      14.40        u      

   487.00      5.3150E+04            1.00    21.90     0.00
  1597.00      5.0390E+04            1.00    19.00     0.00
  6      TB         161            2.0430E+05    1.9760E+05    2.9320E+09      22.60        u      

    75.00      2.0310E+05            1.00    23.30     0.00
    49.00      1.9900E+05           -1.00     0.00     0.00
    57.00      1.3190E+06           -1.00     0.00     0.00
  7      W         187            1.1920E+05    9.4580E+04    2.4660E+08      37.00        u      

   685.00      4.7080E+04            0.54    16.60     0.00
   774.00      6.5370E+05            1.00    19.50     0.00
  8      PA         231            2.8340E+08    5.5320E+07    7.0460E+18       1.50        u      

   300.00      2.8340E+08            1.00     1.50     0.00
  9      AC         227            5.1160E+09    5.1160E+09    8.4490E+16       1.50        u      

   300.00      5.1160E+09            1.00     1.50     0.00


Page:2                 anlresprint.php, Ver 1.4, 25FEB2011                 Printed:Oct 17 2018 17:16:59
==============================================================================================================
SN:289_089.18 Shot: 1139 Jug: 057 Mass: 465 Ctr:  76 ROT: 289.9373 ZT: 289.5990(2018) CT: 289.9268 CL:    15
NCHAN:4096   Live:    15.0   True:    15.1   Delta: 0.3330   Rate:46846   Gain: 0.50021   Zero: -0.17000
Type:  3  User: 76  Gain:  0  Pos:  7  Shelf: 16   LP Prog/Yr/Seq:0/0/0  Timestamp: 2018-10-16 22:31:01.0
Count acc/rej: default    QAStatus: pending    QA'd by: 00    QA Time:     QA Comm:  
--------------------------------------------------------------------------------------------------------------

==============================================================================================================
Analysis Results:

Analysis Code: specanl  Peaks: 39  Overall QA:    0.00  Library: 9  CD: 71  Timestamp:2018-10-16 22:31:01.0 
Analysis ZT: 289.5990      AnalysisZY: 2018     Original: Yes     Comment: 

Peak   Centroid    Energy     NetArea     Error     QFit    Gammas/Min      FWHM    Identified
  1     150.61      75.17         438      16.5      1.0    3.1359E+04      0.92        No
  2     239.36     119.56        2697       3.8      2.4    1.0326E+05      0.94        No
  3     340.26     170.03         327      47.8      1.0    1.3208E+04      2.07        No
  4     384.97     192.40         183      24.9      1.0    8.2737E+03      0.66        No
  5     413.36     206.60        9292       1.0      1.0    4.4725E+05      0.95        No
  6     508.93     254.40        1657       4.6      1.0    9.6233E+04      1.03       Yes
  7     531.44     265.66       39088       0.4      2.7    2.3600E+06      1.00        No
  8     600.42     300.17       19644       0.7      1.0    1.3241E+06      1.07       Yes
  9     759.88     379.93         971       5.9      1.0    8.0966E+04      1.17       Yes
 10     776.16     388.07         455      15.8      1.5    3.8659E+04      1.81       Yes
 11     798.27     399.13         486      21.0      2.0    4.2430E+04      2.77       Yes
 12     848.79     424.40         147      34.7      1.0    1.3567E+04      1.62        No
 13     894.66     447.35         237      19.0      1.0    2.3011E+04      1.49        No
 14     954.64     477.35         220      23.6      1.0    2.2734E+04      1.67       Yes
 15     961.31     480.69         562       8.3      1.0    5.8482E+04      1.23        No
 16     967.38     483.72        1070       4.8      1.2    1.1193E+05      1.23        No
 17    1022.07     511.08       26467       1.4     14.6    2.9160E+06      2.52       Yes
 18    1036.15     518.12        5200       3.9    284.1    5.8034E+05      2.52        No
 19    1092.47     546.29         279      11.5      1.0    3.2771E+04      1.32        No
 20    1134.12     567.13         174      14.5      1.0    2.1091E+04      1.07        No
 21    1144.80     572.47        4360       2.4      1.0    5.3470E+05      1.32        No
 22    1154.48     577.31        2022       2.8      1.6    2.4996E+05      1.32        No
 23    1213.60     606.89        9312       2.0     33.3    1.2068E+06      1.57       Yes
 24    1244.02     622.10         190      16.9      1.0    2.5167E+04      1.64       Yes
 25    1331.93     666.07        1190       4.8      1.0    1.6832E+05      1.50       Yes
 26    1369.00     684.62         125      13.6      1.0    1.8126E+04      0.99        No
 27    1437.74     719.00         138      20.5      1.1    2.1006E+04      1.98        No
 28    1547.82     774.06         113      20.0      1.0    1.8388E+04      1.52       Yes
 29    1556.17     778.24         101      19.0      1.0    1.6468E+04      1.30       Yes
 30    1567.47     783.89        3173       2.6      1.0    5.2122E+05      1.55        No
 31    1631.94     816.14          72      22.3      1.0    1.2312E+04      1.33       Yes
 32    1657.03     828.69        1481       4.3      1.0    2.5589E+05      1.54       Yes
 33    1742.97     871.68         926       5.7      1.0    1.6755E+05      1.54        No
 34    1811.87     906.14         395       9.4      1.0    7.4077E+04      1.66        No
 35    1929.93     965.20          63      27.9      1.0    1.2644E+04      1.77       Yes
 36    2278.81    1139.71          21      45.5      1.0    4.8531E+03      0.96        No
 37    2299.54    1150.08         129      22.3      1.2    3.0540E+04      1.89        No
 38    2368.48    1184.57         218      12.1      1.0    5.2784E+04      1.65        No
 39    3193.02    1597.01         135      22.5      1.3    4.3035E+04      1.82       Yes

Line   Nuclide   Isotope   Meta      DPM@ZT       DPM@CT        Atoms@ZT       Error      Accept  Comment
   Energy      DPM@ZT             Fraction   Error   StdDev

  1      BE           7            2.1980E+05    2.1880E+05    2.4330E+10      23.60        u      

   477.35      2.1980E+05            1.00    23.60     0.00
  2      ZR          97            1.0690E+07    7.6990E+06    1.5630E+10       4.60        u      

   254.40      1.0690E+07            1.00     4.60     0.00
  3      MO          99            4.1170E+05    3.7860E+05    2.3510E+09      19.00        u      

   778.24      4.1170E+05            1.00    19.00     0.00
  4      RU         106            2.5340E+05    2.5340E+05    1.6910E+16      16.90        u      

   622.10      2.5340E+05            1.00    16.90     0.00
  5      SB         125            1.0920E+07    1.0920E+07    2.2620E+13      18.30        u      

   379.93      5.3280E+06            2.05     6.00    -4.30
   606.89      2.4050E+07            0.45     2.00     3.80
  6      TE         131       M    5.8050E+04    4.8260E+04    1.5080E+08      20.10        u      

   774.06      5.8050E+04            1.00    20.10     0.00
  7      I         126            2.5330E+05    2.4890E+05    6.8530E+09      35.70        u      

   388.07      1.1540E+05            2.20    15.80    -3.00
   666.07      5.1760E+05            0.49     4.90     2.30
  8      LA         140            5.5260E+04    4.8160E+04    1.9260E+08      25.90        u      

   816.14      5.9860E+04            0.92    22.30     0.20
  1597.01      5.1760E+04            1.07    22.50    -0.10
  9      TL         200            2.9300E+06    2.3690E+06    6.6160E+09       4.30        u      

   828.69      2.9300E+06            1.00     4.30     0.00
  10      PB         212            1.3480E+07    8.0060E+06    1.2410E+10       0.80        u      

   300.17      6.6730E+07            0.20     0.80     0.00
  11      BI         212            3.2700E+09    1.3500E+07    2.8560E+11       1.50        u      

   300.17      9.6020E+09            0.34     0.80     0.00
   511.08      3.2700E+09            1.00     1.50     0.00
  12      AC         227            1.7480E+05    1.7480E+05    2.8870E+12       0.80        u      

   300.17      6.3050E+07            0.00     0.80     0.00
  13      AC         228            7.5890E+04    3.0740E+04    4.0270E+07      27.90        u      

   965.20      5.3830E+05            0.14    27.90     0.00
  14      TH         228            1.8730E+05    1.1140E+05    2.7190E+11      27.90        u      

   965.20      3.6660E+05            0.86    27.90     0.00
  15      PA         231            1.6160E+07    3.1550E+06    4.0190E+17       0.80        u      

   300.17      2.8500E+08            0.29     0.80     0.00
  16      PA         233            3.5960E+06    3.5660E+06    2.0170E+11      21.00        u      

   300.17      2.1540E+07            0.17     0.80     0.00
   399.13      3.5960E+06            1.00    21.00     0.00


Page:3                 anlresprint.php, Ver 1.4, 25FEB2011                 Printed:Oct 17 2018 17:17:00
==============================================================================================================
SN:289_089.18 Shot: 1139 Jug: 057 Mass: 465 Ctr:  76 ROT: 289.9373 ZT: 289.5990(2018) CT: 289.9268 CL:    15
NCHAN:4096   Live:    15.0   True:    15.1   Delta: 0.3330   Rate:46846   Gain: 0.50021   Zero: -0.17000
Type:  3  User: 76  Gain:  0  Pos:  7  Shelf: 16   LP Prog/Yr/Seq:0/0/0  Timestamp: 2018-10-16 22:31:01.0
Count acc/rej: default    QAStatus: pending    QA'd by: 00    QA Time:     QA Comm:  
--------------------------------------------------------------------------------------------------------------

==============================================================================================================
Analysis Results:

Analysis Code: unisampo  Peaks: 42  Overall QA:    0.00  Library: 9  CD: 71  Timestamp:2018-10-16 22:31:03.0 
Analysis ZT: 289.5990      AnalysisZY: 2018     Original: Yes     Comment: 

Peak  Start Centroid     End  Energy  NetArea  Error   Qfit Gammas/Min  FWHM  Integral Identified
  1   136.0    146.1   150.0   72.92      254   21.4   2.17   1.952e+4  0.77  2.488e+3     No
  2   166.0    174.4   188.0   87.07      368   15.1   1.14   1.801e+4  0.79  2.852e+3     No
  3   166.0    177.8   188.0   88.74      613    9.4   1.14   2.902e+4  0.80  3.126e+3     No
  4   223.0    236.1   251.0  117.93      487   13.1   0.96   1.869e+4  0.84  3.958e+3     No
  5   223.0    239.4   251.0  119.57     1808    4.2   0.96   6.870e+4  0.84  5.325e+3     No
  6   255.0    261.8   269.0  130.77      408   17.1   3.38   1.541e+4  0.86  4.298e+3     No
  7   400.0    413.4   428.0  206.63     9135    1.2   2.59   4.365e+5  0.97  1.177e+4     No
  8   493.0    508.9   527.0  254.39     1502    4.2   1.43   8.658e+4  1.03  3.570e+3     No
  9   522.0    531.5   550.0  265.68    38169    0.5  16.06   2.288e+6  1.04  4.006e+4     No
 10   581.0    600.5   610.0  300.20    19393    0.8   4.52   1.298e+6  1.09  2.083e+4     No
 11   744.0    759.8   775.0  379.92      934    4.9   1.69   7.727e+4  1.18  1.899e+3     No
 12   761.0    776.3   793.0  388.15      295   12.4   3.63   2.488e+4  1.19  1.227e+3    Yes
 13   780.0    796.5   816.0  398.27      300   11.9   2.16   2.589e+4  1.21  1.160e+3     No
 14   876.0    894.7   908.0  447.36      200   15.2   1.12   1.931e+4  1.26  8.210e+2     No
 15   938.0    954.6   977.0  477.33      190   15.9   1.59   1.944e+4  1.30  8.020e+2    Yes
 16   938.0    961.3   977.0  480.68      500    7.3   1.59   5.159e+4  1.30  1.128e+3     No
 17   938.0    967.4   977.0  483.72      933    4.7   1.59   9.690e+4  1.30  1.576e+3     No
 18   998.0   1021.9  1033.0  511.02    24835    0.7   2.32   2.716e+6  2.69  2.620e+4     No
 19  1028.0   1036.3  1054.0  518.20     6317    1.4  10.07   7.000e+5  1.34  6.837e+3     No
 20  1075.0   1092.4  1112.0  546.27      299    8.9   0.41   3.483e+4  1.37  6.210e+2     No
 21  1126.0   1134.1  1142.0  567.14      150   18.1   6.67   1.805e+4  1.39  5.230e+2     No
 22  1135.0   1144.8  1172.0  572.47     4339    1.7   2.90   5.282e+5  1.40  4.630e+3     No
 23  1135.0   1154.4  1172.0  577.30     2038    2.5   2.90   2.501e+5  1.41  2.321e+3     No
 24  1189.0   1213.9  1232.0  607.04     7904    1.2  29.07   1.017e+6  1.44  8.153e+3     No
 25  1228.0   1244.2  1260.0  622.21      183   11.8   0.98   2.410e+4  1.45  3.770e+2    Yes
 26  1312.0   1332.0  1353.0  666.12     1177    3.2   0.73   1.653e+5  1.50  1.324e+3    Yes
 27  1352.0   1368.9  1388.0  684.57      145   12.8   0.82   2.090e+4  1.52  2.700e+2     No
 28  1417.0   1437.8  1463.0  719.04      127   12.3   0.71   1.917e+4  1.55  2.290e+2     No
 29  1529.0   1547.7  1589.0  774.01      150   10.2   1.68   2.423e+4  1.61  2.170e+2     No
 30  1529.0   1556.2  1589.0  778.27      149    9.8   1.68   2.406e+4  1.61  2.100e+2     No
 31  1529.0   1567.4  1589.0  783.88     3210    1.8   1.68   5.234e+5  1.62  3.266e+3     No
 32  1629.0   1631.9  1689.0  816.14       67   16.8   0.73   1.138e+4  1.65  1.190e+2    Yes
 33  1629.0   1657.0  1689.0  828.68     1481    2.7   0.73   2.541e+5  1.66  1.528e+3     No
 34  1629.0   1669.4  1689.0  834.91       35   37.0   0.73   5.975e+3  1.67  7.900e+1     No
 35  1720.0   1742.8  1772.0  871.63      937    3.5   1.38   1.683e+5  1.70  9.790e+2     No
 36  1787.0   1811.9  1832.0  906.15      396    5.7   0.83   7.373e+4  1.74  4.340e+2     No
 37  1910.0   1929.9  1951.0  965.18       69   16.0   0.72   1.358e+4  1.80  1.050e+2     No
 38  2276.0   2278.7  2327.0 1139.66       32   28.0   0.54   7.380e+3  1.96  4.400e+1     No
 39  2276.0   2299.4  2327.0 1150.05      132    8.5   0.54   3.086e+4  1.97  1.480e+2     No
 40  2345.0   2368.4  2390.0 1184.52      217    7.4   1.01   5.217e+4  2.00  2.410e+2     No
 41  2445.0   2465.9  2486.0 1233.29       26   38.9   0.44   6.549e+3  2.05  4.000e+1     No
 42  3164.0   3192.2  3220.0 1596.61      136    8.1   0.26   4.298e+4  2.37  1.400e+2    Yes

Line   Nuclide   Isotope   Meta      DPM@ZT       DPM@CT        Atoms@ZT       Error      Accept  Comment
   Energy      DPM@ZT             Fraction   Error   StdDev

  1      BE           7            1.8790E+05    1.8710E+05    2.0800E+10      15.89        u      

   477.33      1.8790E+05          100.00    15.89   100.00
  2      RU         106            2.4280E+05    2.4270E+05    1.8800E+11      11.78        u      

   622.21      2.4280E+05          100.00    11.78   100.00
  3      I         126            1.7880E+05    1.7570E+05    4.8350E+09       4.50        u      

   388.15      7.4270E+04          240.69    12.43   100.00
   666.12      5.0830E+05           35.17     3.23   100.00
  4      LA         140            5.2310E+04    4.5690E+04    1.8240E+08       7.30        u      

   816.14      5.5350E+04           94.52    16.77   100.00
  1596.61      5.1700E+04          101.20     8.11   100.00


Page:4                 anlresprint.php, Ver 1.4, 25FEB2011                 Printed:Oct 17 2018 17:17:00
==============================================================================================================
SN:289_089.18 Shot: 1139 Jug: 057 Mass: 465 Ctr:  76 ROT: 289.9373 ZT: 289.5990(2018) CT: 289.9268 CL:    15
NCHAN:4096   Live:    15.0   True:    15.1   Delta: 0.3330   Rate:46846   Gain: 0.50021   Zero: -0.17000
Type:  3  User: 76  Gain:  0  Pos:  7  Shelf: 16   LP Prog/Yr/Seq:0/0/0  Timestamp: 2018-10-16 22:31:01.0
Count acc/rej: default    QAStatus: pending    QA'd by: 00    QA Time:     QA Comm:  
--------------------------------------------------------------------------------------------------------------

==============================================================================================================
Analysis Results:

Analysis Code: gamanal  Peaks: 55  Overall QA:    0.00  Library: 9  CD: 71  Timestamp:2018-10-16 22:31:06.0 
Analysis ZT: 289.5990      AnalysisZY: 2018     Original: Yes     Comment: 

Peak  Start Centroid     End  Energy  NetArea  Error   Qfit Gammas/Min  FWHM  Integral Identified
  1   144.0    146.2   148.0   72.98      274   37.7   1.00   2.116e+4  0.72  4.422e+3     No
  2   149.0    150.6   153.0   75.14      301   32.5   1.00   2.156e+4  0.72  4.471e+3     No
  3   173.0    177.8   180.0   88.74      627   31.2   1.85   2.985e+4  0.82  8.427e+3     No
  4   233.0    236.1   237.0  117.93      450   29.1   1.00   1.736e+4  0.88  6.601e+3    Yes
  5   237.0    239.4   243.0  119.56     1858    7.5   1.00   7.097e+4  0.88  1.048e+4     No
  6   260.0    261.8   269.0  130.79      354   52.0   1.00   1.347e+4  0.82  1.409e+4     No
  7   337.0    339.5   345.0  169.65      230   71.8   1.00   9.274e+3  0.97  9.451e+3     No
  8   410.0    413.4   417.0  206.60     9199    2.3   1.28   4.416e+5  0.94  1.548e+4    Yes
  9   504.0    508.9   514.0  254.40     1545   10.2   1.00   8.951e+4  1.01  8.074e+3    Yes
 10   526.0    531.4   534.0  265.66    38631    1.5   6.06   2.326e+6  1.00  4.299e+4     No
 11   534.0    536.1   541.0  267.97      763   26.4   1.79   4.633e+4  1.00  4.790e+3     No
 12   551.0    552.6   555.0  276.23      172   54.6   1.00   1.075e+4  1.02  2.345e+3     No
 13   593.0    600.4   608.0  300.16    19611    1.4   1.00   1.318e+6  1.06  2.565e+4    Yes
 14   608.0    609.9   612.0  304.90      128   60.8   1.00   8.747e+3  1.05  1.871e+3     No
 15   690.0    692.0   694.0  345.98      117   61.7   1.00   8.951e+3  1.10  1.600e+3     No
 16   756.0    759.9   764.0  379.93      955    9.2   1.00   7.945e+4  1.15  3.038e+3    Yes
 17   772.0    776.3   781.0  388.13      353   26.0   1.35   2.997e+4  1.27  2.592e+3    Yes
 18   791.0    797.1   804.0  398.53      359   35.7   1.61   3.124e+4  1.28  3.389e+3     No
 19   846.0    848.7   851.0  424.35      113   55.8   1.00   1.042e+4  1.31  1.159e+3     No
 20   892.0    894.7   898.0  447.35      183   31.0   1.00   1.778e+4  1.24  1.202e+3     No
 21   950.0    954.7   958.0  477.36      197   32.3   1.00   2.039e+4  1.37  1.449e+3    Yes
 22   958.0    961.4   965.0  480.71      561   11.9   1.00   5.820e+4  1.38  1.632e+3     No
 23   964.0    967.4   970.0  483.73     1057    8.1   1.84   1.103e+5  1.37  1.929e+3     No
 24   970.0    974.0   980.0  487.03      226   26.7   1.19   2.374e+4  1.37  1.623e+3    Yes
 25  1009.0   1022.1  1026.0  511.06    25519   10.1   2.71   2.804e+6  1.28  2.679e+4     No
 26  1026.0   1036.4  1041.0  518.22     6506   26.4   1.19   7.244e+5  1.28  9.947e+3     No
 27  1053.0   1057.1  1060.0  528.60       88   54.4   1.00   1.007e+4  1.29  6.690e+2     No
 28  1088.0   1092.5  1100.0  546.28      306   20.5   1.00   3.582e+4  1.45  1.203e+3     No
 29  1132.0   1134.2  1137.0  567.17      172   23.0   1.00   2.089e+4  1.33  5.810e+2     No
 30  1138.0   1144.8  1151.0  572.47     4352    2.2   1.05   5.323e+5  1.33  5.273e+3     No
 31  1150.0   1154.5  1162.0  577.31     2067    4.3   1.78   2.548e+5  1.37  2.803e+3     No
 32  1201.0   1209.5  1210.0  604.81     1525    6.5   1.99   1.965e+5  1.40  1.982e+3    Yes
 33  1210.0   1213.8  1218.0  606.96     7735    2.0   1.85   1.000e+6  1.40  8.749e+3    Yes
 34  1239.0   1244.1  1248.0  622.12      178   22.1   1.00   2.366e+4  1.53  5.740e+2    Yes
 35  1326.0   1331.9  1339.0  666.07     1176    4.7   1.00   1.661e+5  1.48  1.588e+3    Yes
 36  1366.0   1368.9  1371.0  684.57      129   24.4   1.93   1.867e+4  1.44  2.650e+2     No
 37  1434.0   1437.9  1444.0  719.05      131   22.9   1.00   1.998e+4  1.62  3.510e+2     No
 38  1544.0   1547.8  1551.0  774.05      116   21.1   1.00   1.894e+4  1.51  2.470e+2    Yes
 39  1553.0   1556.3  1561.0  778.28      107   24.4   1.00   1.746e+4  1.52  2.770e+2     No
 40  1560.0   1567.5  1572.0  783.88     3197    2.1   1.00   5.237e+5  1.53  3.367e+3    Yes
 41  1626.0   1631.9  1635.0  816.10       65   30.0   1.00   1.118e+4  1.55  1.530e+2    Yes
 42  1646.0   1657.0  1665.0  828.68     1460    3.6   1.00   2.518e+5  1.56  1.679e+3    Yes
 43  1667.0   1669.6  1672.0  834.94       27   52.7   1.08   4.824e+3  1.57  8.000e+1     No
 44  1735.0   1743.0  1746.0  871.66      941    3.8   1.00   1.700e+5  1.60  1.039e+3     No
 45  1746.0   1749.4  1753.0  874.86       62   28.7   1.00   1.124e+4  1.60  1.360e+2     No
 46  1807.0   1811.8  1816.0  906.11      393    6.7   1.00   7.370e+4  1.79  4.590e+2     No
 47  1926.0   1930.0  1935.0  965.21       69   25.2   1.00   1.377e+4  1.84  1.240e+2     No
 48  2100.0   2104.1  2108.0 1052.29       38   31.6   1.00   8.275e+3  1.85  6.700e+1     No
 49  2276.0   2279.1  2282.0 1139.85       20   44.1   1.00   4.814e+3  1.79  3.900e+1     No
 50  2294.0   2299.5  2305.0 1150.06      125   13.0   1.00   2.959e+4  1.99  1.600e+2     No
 51  2336.0   2347.2  2354.0 1173.92       55   35.8   1.00   1.332e+4  2.01  1.380e+2     No
 52  2360.0   2368.3  2372.0 1184.46      220    9.5   1.12   5.333e+4  2.02  2.610e+2     No
 53  2463.0   2466.0  2468.0 1233.33       23   38.2   1.00   5.813e+3  1.86  3.500e+1     No
 54  2929.0   2934.2  2937.0 1467.52       30   32.0   1.00   8.985e+3  2.01  5.000e+1     No
 55  3185.0   3192.9  3199.0 1596.94      120   14.0   1.57   3.833e+4  2.31  1.410e+2    Yes

Line   Nuclide   Isotope   Meta      DPM@ZT       DPM@CT        Atoms@ZT       Error      Accept  Comment
   Energy      DPM@ZT             Fraction   Error   StdDev

  1      BE           7            1.9710E+05    1.9620E+05    2.1820E+10      32.30        u      

   477.36      1.9705E+05            1.00    32.30     0.00
  2      RU         106            2.3840E+06    2.3830E+06    1.8450E+12      22.10        u      

   622.12      2.3839E+06            1.00    22.10     0.00
  3      TE         131       M    3.7190E+04    3.0910E+04    9.6540E+07      62.80        u      

   666.07      0.0000E+00            0.01     4.70     8.90
   774.05      0.0000E+00            0.62    21.10     1.80
   783.88      0.0000E+00            0.00     2.10    45.90
   852.24      0.0000E+00            2.85   100.00    -1.90
  4      I         126            8.9470E+04    8.7900E+04    2.4200E+09      26.00        u      

   388.13      8.9454E+04            1.00    26.00     0.00
   666.07      1.5383E+05            0.18     4.70     8.90
  5      LA         140            4.8730E+04    4.2460E+04    1.6980E+08      11.50        u      

   487.03      5.9324E+04            0.82    26.70     0.70
   816.10      5.4346E+04            0.90    30.00     0.30
  1596.90      4.6092E+04            1.06    14.00    -0.40
  6      PA         231            1.6510E+08    3.2230E+07    4.1050E+18       1.30        u      

   300.16      1.6508E+08            1.00     1.30     0.00
  7      U         237            1.9540E+06    1.8880E+06    2.7390E+10      21.40        u      

   117.93      5.4424E+05            3.59    29.10    -8.90
   206.60      2.0765E+06            0.94     2.30     2.60


Page:5                 anlresprint.php, Ver 1.4, 25FEB2011                 Printed:Oct 17 2018 17:17:00
==============================================================================================================
SN:289_089.18 Shot: 1139 Jug: 057 Mass: 465 Ctr:  76 ROT: 289.9373 ZT: 289.5990(2018) CT: 289.9268 CL:    15
NCHAN:4096   Live:    15.0   True:    15.1   Delta: 0.3330   Rate:46846   Gain: 0.50021   Zero: -0.17000
Type:  3  User: 76  Gain:  0  Pos:  7  Shelf: 16   LP Prog/Yr/Seq:0/0/0  Timestamp: 2018-10-16 22:31:01.0
Count acc/rej: default    QAStatus: pending    QA'd by: 00    QA Time:     QA Comm:  
--------------------------------------------------------------------------------------------------------------

Line number        Energy      Efficiency      Uncertainty
        0           59.54      5.1840E-04       0.0000E+00  
        1           88.03      1.4000E-03       0.0000E+00  
        2          122.07      1.7810E-03       0.0000E+00  
        3          165.85      1.7010E-03       0.0000E+00  
        4          391.71      7.8380E-04       0.0000E+00  
        5          661.64      4.7760E-04       0.0000E+00  
        6          898.04      3.6100E-04       0.0000E+00  
        7        1,173.21      2.7930E-04       0.0000E+00  
        8        1,332.46      2.5110E-04       0.0000E+00  
        9        1,836.13      1.8450E-04       0.0000E+00  

Shape Number      Value
       0         2.5200E-01
       1         2.7880E-03
       2        -2.7670E+00
       3         2.4430E-03
       4         1.0500E+00
       5         5.0000E-01
       6         1.5820E-07


End of Printout.               anlresprint.php, Ver 1.4, 25FEB2011              Printed: Oct 17 2018 17:17:01
==============================================================================================================
