
Page: 1                 anlresprint.php, Ver 1.4, 25FEB2011                 Printed: Oct 18 2018 01:53:28
==============================================================================================================
SN:291_001.18 Shot: 1139 Jug: 028 Mass: 558 Ctr:  43 ROT: 291.0018 ZT: 289.5990(2018) CT: 290.9561 CL:    60
NCHAN:4096   Live:    59.8   True:    65.9   Delta: 1.3800   Rate:250103   Gain: 0.50031   Zero: 0.09500
Type:  3  User: 76  Gain:  0  Pos:  7  Shelf:  5   LP Prog/Yr/Seq:0/0/0  Timestamp: 2018-10-18 00:04:02.0
Count acc/rej: default    QAStatus: pending    QA'd by: 00    QA Time:     QA Comm:  
--------------------------------------------------------------------------------------------------------------

==============================================================================================================
Analysis Results:

Analysis Code: raygun  Peaks: 34  Overall QA:    0.00  Library: 9  CD: 71  Timestamp:2018-10-18 00:04:02.0 
Analysis ZT: 289.5990      AnalysisZY: 2018     Original: Yes     Comment: 

Peak    Start    Centroid     End     Energy     NetArea     Error    Gammas/Min    Identified
  1      78.0      81.7      83.0      40.99       23227       1.5    7.5210E+04         No
  2     115.0     118.4     120.0      59.31        2740      13.2    4.6170E+03        Yes
  3     132.0     134.7     139.0      67.47        9281       3.1    1.2450E+04        Yes
  4     239.0     243.9     246.0     122.12      102734       0.5    7.7470E+04         No
  5     251.0     254.1     256.0     127.22       70251       0.7    5.4040E+04         No
  6     270.0     272.7     276.0     136.55       12669       2.6    1.0090E+04         No
  7     334.0     350.7     385.0     175.54      150041       3.0    1.4020E+05         No
  8     484.0     486.6     490.0     243.52       20754       1.7    2.8130E+04         No
  9     490.0     493.7     497.0     247.09       15623       2.2    2.1530E+04         No
 10     518.0     520.6     523.0     260.55       10567       3.0    1.5470E+04         No
 11     561.0     565.3     569.0     282.95       20578       1.8    3.3080E+04        Yes
 12     606.0     609.7     611.0     305.11        2316      17.3    4.0560E+03         No
 13     697.0     698.7     700.0     349.68        1730      12.6    3.5400E+03         No
 14     743.0     745.3     748.0     372.96        1649      11.9    3.6300E+03         No
 15     784.0     787.5     790.0     394.08        9452       2.8    2.2160E+04         No
 16     950.0     954.3     957.0     477.56       10006       2.4    2.9630E+04        Yes
 17     998.0    1020.9    1045.0     510.87     2005075       0.2    6.4460E+06         No
 18    1089.0    1096.0    1102.0     548.41       48193       0.9    1.6890E+05         No
 19    1175.0    1176.7    1178.0     588.80         644      18.6    2.4620E+03         No
 20    1185.0    1192.3    1197.0     596.63       71553       0.7    2.7780E+05         No
 21    1270.0    1273.9    1276.0     637.43        1001      15.2    4.2100E+03         No
 22    1304.0    1311.0    1316.0     655.99        5968       3.1    2.6010E+04         No
 23    1610.0    1620.2    1624.0     810.72       35314       1.1    1.9630E+05         No
 24    1663.0    1668.8    1672.0     834.99         647      15.2    3.7210E+03         No
 25    1687.0    1692.5    1695.0     846.88         956      11.9    5.5870E+03         No
 26    1813.0    1816.4    1819.0     908.84         307      23.8    1.9440E+03        Yes
 27    2224.0    2230.7    2232.0    1116.15         664      16.8    5.2440E+03         No
 28    2338.0    2345.6    2347.0    1173.60         742      16.0    6.1860E+03        Yes
 29    2362.0    2369.3    2373.0    1185.50        1254       8.9    1.0570E+04         No
 30    2470.0    2474.9    2479.0    1238.32         409      19.7    3.6040E+03         No
 31    2679.0    2690.1    2696.0    1345.97        4082       4.4    3.9110E+04         No
 32    2743.0    2753.8    2759.0    1377.83       28230       1.5    2.7650E+05         No
 33    3504.0    3514.0    3520.0    1758.20        1760       7.3    2.1690E+04         No
 34    3825.0    3837.9    3843.0    1920.26        3425       4.7    4.5870E+04         No

Line   Nuclide   Isotope   Meta      DPM@ZT       DPM@CT        Atoms@ZT       Error      Accept  Comment
   Energy      DPM@ZT             Fraction   Error   StdDev

  1      BE           7            2.9040E+05    2.8520E+05    3.2140E+10       2.70        u      

    67.00      2.9040E+05            1.00     3.20     0.00
  2      CO          60            2.3710E+03    2.3700E+03    9.4800E+09      23.30        u      

   478.00      6.1950E+03            1.00     2.60     0.00
  1174.00      6.6410E+02            1.00    16.00     0.00
  3      SR          89            2.0850E+07    2.0460E+07    2.1890E+12       0.00        u      

   283.00      1.9740E+07            0.95     2.00     0.00
  4      PA         231            3.5070E+06    2.0810E+06    8.7180E+16       2.20        u      

    59.00      3.5070E+06            1.00    13.20     0.00
  5      TH         232            1.8460E+06    1.8460E+06    1.9670E+22      17.50        u      

    59.00      1.8460E+06            0.76    13.20     0.00
  6      AM         241            9.8220E+03    9.8220E+03    3.2230E+12      17.50        u      

    59.00      9.8220E+03            0.76    13.20     0.00


Page:2                 anlresprint.php, Ver 1.4, 25FEB2011                 Printed:Oct 18 2018 01:53:28
==============================================================================================================
SN:291_001.18 Shot: 1139 Jug: 028 Mass: 558 Ctr:  43 ROT: 291.0018 ZT: 289.5990(2018) CT: 290.9561 CL:    60
NCHAN:4096   Live:    59.8   True:    65.9   Delta: 1.3800   Rate:250103   Gain: 0.50031   Zero: 0.09500
Type:  3  User: 76  Gain:  0  Pos:  7  Shelf:  5   LP Prog/Yr/Seq:0/0/0  Timestamp: 2018-10-18 00:04:02.0
Count acc/rej: default    QAStatus: pending    QA'd by: 00    QA Time:     QA Comm:  
--------------------------------------------------------------------------------------------------------------

==============================================================================================================
Analysis Results:

Analysis Code: specanl  Peaks: 38  Overall QA:    0.00  Library: 9  CD: 71  Timestamp:2018-10-18 00:04:02.0 
Analysis ZT: 289.5990      AnalysisZY: 2018     Original: Yes     Comment: 

Peak   Centroid    Energy     NetArea     Error     QFit    Gammas/Min      FWHM    Identified
  1      81.62      40.93       27231       1.3     18.9    8.8415E+04      0.90        No
  2     118.10      59.18        4561      12.7      2.7    7.7173E+03      1.74       Yes
  3     134.60      67.44       10890       2.7      1.0    1.4627E+04      0.87       Yes
  4     170.23      85.26        2402      26.4      1.0    2.1315E+03      1.90        No
  5     243.86     122.10      103132       0.4      3.0    7.7762E+04      0.94       Yes
  6     254.13     127.24       71263       0.5      1.0    5.4828E+04      0.95        No
  7     272.67     136.51       13219       2.3      1.0    1.0527E+04      0.96        No
  8     346.24     173.32       28723       6.6      1.6    2.6450E+04      5.87        No
  9     486.46     243.48       20935       1.4      6.1    2.8373E+04      1.12        No
 10     493.64     247.07       15154       2.1      1.0    2.0884E+04      1.12        No
 11     520.57     260.54       10977       2.8      1.0    1.6068E+04      1.12       Yes
 12     565.36     282.95       21246       1.5      2.7    3.4159E+04      1.21        No
 13     609.24     304.90        2163      17.9      1.0    3.7861E+03      1.67        No
 14     674.46     337.53       21552       8.6      1.3    4.2348E+04      7.51        No
 15     698.65     349.64        2289      10.6      1.0    4.6815E+03      1.22        No
 16     745.30     372.98        3020      10.1      1.0    6.6469E+03      1.64        No
 17     787.43     394.05        9727       2.5      1.2    2.2802E+04      1.38        No
 18     954.29     477.54       10953       2.1      1.6    3.2438E+04      1.46       Yes
 19    1020.77     510.80     2001282       0.2   1774.4    6.4326E+06      3.24        No
 20    1095.83     548.35       48469       0.8     35.6    1.6983E+05      1.57        No
 21    1175.92     588.42         744      19.6      1.8    2.8418E+03      1.76        No
 22    1192.19     596.56       71633       0.6     64.3    2.7808E+05      1.65        No
 23    1273.75     637.36         934      14.4      1.0    3.9281E+03      1.68       Yes
 24    1310.82     655.91        6096       2.9      5.2    2.6559E+04      1.65        No
 25    1620.08     810.64       35542       1.0     38.8    1.9754E+05      1.90        No
 26    1668.59     834.91         601      15.5      1.0    3.4539E+03      1.58        No
 27    1692.05     846.65        1161      10.7      1.0    6.7821E+03      1.99        No
 28    1749.97     875.62         316      29.5      1.0    1.9181E+03      1.91       Yes
 29    2196.05    1098.80         331      26.4      1.0    2.5732E+03      1.71        No
 30    2229.59    1115.58         669      19.3      1.2    5.2802E+03      2.57       Yes
 31    2344.84    1173.24         661      17.0      1.0    5.5075E+03      2.00       Yes
 32    2369.27    1185.47        1424       8.5      2.6    1.2000E+04      2.10        No
 33    2475.06    1238.39         545      18.0      1.0    4.8013E+03      2.35        No
 34    2689.97    1345.91        4126       4.3      3.9    3.9538E+04      2.51        No
 35    2753.68    1377.79       28256       1.5     23.4    2.7678E+05      2.24        No
 36    3514.20    1758.28        1666       7.3     32.6    2.0539E+04      2.05        No
 37    3745.96    1874.23          63      38.3     24.0    8.2866E+02      2.11        No
 38    3837.95    1920.26        3535       4.6    556.6    4.7349E+04      2.13        No

Line   Nuclide   Isotope   Meta      DPM@ZT       DPM@CT        Atoms@ZT       Error      Accept  Comment
   Energy      DPM@ZT             Fraction   Error   StdDev

  1      BE           7            3.1790E+05    3.1220E+05    3.5190E+10       2.10        u      

   477.54      3.1790E+05            1.00     2.10     0.00
  2      CO          60            5.5160E+03    5.5130E+03    2.2060E+10      17.00        u      

  1173.24      5.5160E+03            1.00    17.00     0.00
  3      CD         115            1.2720E+06    8.2820E+05    5.8890E+09       2.80        u      

   260.54      1.2720E+06            1.00     2.80     0.00
  4      I         131            6.0860E+04    5.4030E+04    1.0160E+09      14.40        u      

   637.36      6.0860E+04            1.00    14.40     0.00
  5      I         133            1.2940E+05    4.2910E+04    2.3300E+08      29.50        u      

   875.62      1.2940E+05            1.00    29.50     0.00
  6      TB         160            3.4970E+05    3.4510E+05    5.2530E+10      19.30        u      

  1115.58      3.4970E+05            1.00    19.30     0.00
  7      AC         227            1.3120E+08    1.3120E+08    2.1670E+15       0.70        u      

   122.10      6.5350E+06            1.00     0.70     0.00
  8      TH         232            7.0330E+01    7.0330E+01    7.4980E+17      12.70        u      

    59.18      4.0620E+06            0.00    12.70     0.00
  9      U         234            3.8900E+06    3.8900E+06    7.2440E+17       2.70        u      

    67.44      3.8900E+06            1.00     2.70     0.00
  10      U         237            1.0540E+04    9.1450E+03    1.4780E+08      12.70        u      

    59.18      2.7110E+04            0.39    12.70     0.00
  11      AM         241            1.3210E+04    1.3210E+04    4.3380E+12      12.70        u      

    59.18      2.1620E+04            0.61    12.70     0.00


Page:3                 anlresprint.php, Ver 1.4, 25FEB2011                 Printed:Oct 18 2018 01:53:29
==============================================================================================================
SN:291_001.18 Shot: 1139 Jug: 028 Mass: 558 Ctr:  43 ROT: 291.0018 ZT: 289.5990(2018) CT: 290.9561 CL:    60
NCHAN:4096   Live:    59.8   True:    65.9   Delta: 1.3800   Rate:250103   Gain: 0.50031   Zero: 0.09500
Type:  3  User: 76  Gain:  0  Pos:  7  Shelf:  5   LP Prog/Yr/Seq:0/0/0  Timestamp: 2018-10-18 00:04:02.0
Count acc/rej: default    QAStatus: pending    QA'd by: 00    QA Time:     QA Comm:  
--------------------------------------------------------------------------------------------------------------

==============================================================================================================
Analysis Results:

Analysis Code: unisampo  Peaks: 36  Overall QA:    0.00  Library: 9  CD: 71  Timestamp:2018-10-18 00:04:03.0 
Analysis ZT: 289.5990      AnalysisZY: 2018     Original: Yes     Comment: 

Peak  Start Centroid     End  Energy  NetArea  Error   Qfit Gammas/Min  FWHM  Integral Identified
  1    31.0     42.1    51.0   21.17    42310    0.5 10609.58   1.162e+6  0.66  4.277e+4     No
  2    69.0     81.8    94.0   41.00    20000    1.3  26.72   8.888e+4  0.70  6.334e+4     No
  3   121.0    134.7   147.0   67.47     8858    2.5   2.61   1.038e+4  0.75  4.854e+4    Yes
  4   229.0    243.8   252.0  122.09    96740    0.4  39.63   6.932e+4  0.84  1.457e+5     No
  5   246.0    254.1   262.0  127.24    66159    0.5  35.30   4.779e+4  0.85  1.149e+5     No
  6   261.0    272.6   286.0  136.50    11787    2.1   1.35   8.716e+3  0.86  5.995e+4     No
  7   473.0    486.5   508.0  243.48    19654    1.3   3.71   2.416e+4  1.01  6.012e+4     No
  8   473.0    493.6   508.0  247.06    14073    1.7   3.71   1.760e+4  1.02  5.420e+4     No
  9   504.0    520.5   534.0  260.52    10071    2.3   1.00   1.342e+4  1.03  4.953e+4     No
 10   553.0    565.5   582.0  283.00    19228    1.3   5.21   2.835e+4  1.06  6.061e+4     No
 11   655.0    667.2   682.0  333.92     1883   12.5  15.94   3.411e+3  1.12  5.217e+4     No
 12   690.0    698.6   720.0  349.63     2024    9.6   1.85   3.884e+3  1.14  3.389e+4    Yes
 13   732.0    745.4   767.0  373.03     2111    7.8   1.32   4.392e+3  1.17  2.569e+4     No
 14   771.0    787.4   803.0  394.06     8908    1.9   2.31   1.985e+4  1.19  2.739e+4     No
 15   932.0    954.3   970.0  477.52     9821    1.6   1.91   2.775e+4  1.28  2.225e+4    Yes
 16  1002.0   1021.0  1037.0  510.89  1853899    0.1 1920.26   5.689e+6  2.68  1.903e+6     No
 17  1076.0   1096.0  1116.0  548.43    45680    0.5  25.32   1.528e+5  1.35  5.428e+4     No
 18  1162.0   1176.0  1187.0  588.46      531   17.6   5.04   1.933e+3  1.39  7.548e+3     No
 19  1177.0   1192.3  1215.0  596.60    67803    0.4  42.34   2.509e+5  1.40  7.495e+4     No
 20  1255.0   1273.9  1291.0  637.44      870    9.4   1.10   3.484e+3  1.44  6.117e+3     No
 21  1288.0   1311.0  1332.0  655.99     5616    1.9   2.49   2.326e+4  1.45  1.048e+4     No
 22  1596.0   1620.2  1642.0  810.68    33553    0.6  21.11   1.776e+5  1.59  3.669e+4     No
 23  1645.0   1668.6  1676.0  834.89      695    9.9   0.95   3.806e+3  1.61  3.453e+3     No
 24  1675.0   1692.2  1713.0  846.72      991    6.6   1.69   5.511e+3  1.62  3.690e+3     No
 25  1796.0   1816.2  1835.0  908.78      339   17.0   0.90   2.043e+3  1.67  2.836e+3    Yes
 26  2174.0   2195.8  2215.0 1098.66      364   16.0   0.92   2.688e+3  1.81  2.791e+3     No
 27  2206.0   2229.8  2250.0 1115.70      580   10.4   0.97   4.355e+3  1.83  3.061e+3     No
 28  2320.0   2345.0  2365.0 1173.33      569    9.9   1.62   4.505e+3  1.87  2.620e+3    Yes
 29  2346.0   2369.4  2393.0 1185.52     1142    5.3   2.25   9.147e+3  1.88  3.064e+3     No
 30  2454.0   2474.9  2496.0 1238.33      410   11.9   0.89   3.431e+3  1.92  1.928e+3     No
 31  2523.0   2542.0  2549.0 1271.91      159   30.1   1.28   1.371e+3  1.94  1.355e+3     No
 32  2561.0   2582.5  2603.0 1292.15      139   29.6   0.77   1.214e+3  1.95  1.333e+3     No
 33  2660.0   2690.2  2715.0 1346.01     3523    2.1   3.46   3.209e+4  1.99  4.742e+3     No
 34  2724.0   2753.7  2779.0 1377.82    26336    0.6  26.36   2.455e+5  2.01  2.764e+4     No
 35  3482.0   3514.0  3540.0 1758.17     1529    3.2   2.17   1.795e+4  2.25  2.066e+3     No
 36  3803.0   3838.1  3865.0 1920.36     3160    2.0   3.99   4.013e+4  2.35  3.483e+3     No

Line   Nuclide   Isotope   Meta      DPM@ZT       DPM@CT        Atoms@ZT       Error      Accept  Comment
   Energy      DPM@ZT             Fraction   Error   StdDev

  1      BE           7            2.7190E+05    2.6720E+05    3.0100E+10       1.72        u      

   477.52      2.7190E+05          100.00     1.72   100.00
  2      CO          60            4.5120E+03    4.5100E+03    1.8040E+10       9.91        u      

  1173.33      4.5120E+03          100.00     9.91   100.00
  3      SR          89            2.1910E+07    2.1510E+07    2.3010E+12      16.98        u      

   908.78      2.1910E+07          100.00    16.98   100.00
  4      BI         211            0.0000E+00    4.6740E+10    0.0000E+00       9.65        u      

   349.63      0.0000E+00          100.00     9.65   100.00
  5      TH         230            2.7590E+06    2.7590E+06    5.1380E+17       2.70        u      

    67.47      2.7590E+06          100.00     2.70   100.00


Page:4                 anlresprint.php, Ver 1.4, 25FEB2011                 Printed:Oct 18 2018 01:53:29
==============================================================================================================
SN:291_001.18 Shot: 1139 Jug: 028 Mass: 558 Ctr:  43 ROT: 291.0018 ZT: 289.5990(2018) CT: 290.9561 CL:    60
NCHAN:4096   Live:    59.8   True:    65.9   Delta: 1.3800   Rate:250103   Gain: 0.50031   Zero: 0.09500
Type:  3  User: 76  Gain:  0  Pos:  7  Shelf:  5   LP Prog/Yr/Seq:0/0/0  Timestamp: 2018-10-18 00:04:02.0
Count acc/rej: default    QAStatus: pending    QA'd by: 00    QA Time:     QA Comm:  
--------------------------------------------------------------------------------------------------------------

==============================================================================================================
Analysis Results:

Analysis Code: gamanal  Peaks: 56  Overall QA:    0.00  Library: 9  CD: 71  Timestamp:2018-10-18 00:04:06.0 
Analysis ZT: 289.5990      AnalysisZY: 2018     Original: Yes     Comment: 

Peak  Start Centroid     End  Energy  NetArea  Error   Qfit Gammas/Min  FWHM  Integral Identified
  1    40.0     42.9    68.0   21.55    36694   76.5   1.00   9.973e+5  0.78  5.852e+5     No
  2    68.0     81.6    84.0   40.92    14552   75.8   1.00   6.770e+4  0.78  3.451e+5     No
  3   114.0    118.4   121.0   59.32     2381   26.4   1.00   3.983e+3  0.87  1.307e+5    Yes
  4   129.0    134.6   140.0   67.44     9823    9.5   1.00   1.199e+4  0.87  1.975e+5    Yes
  5   237.0    243.9   246.0  122.10   104020    1.1   1.58   7.757e+4  0.93  2.717e+5    Yes
  6   246.0    254.1   257.0  127.24    71438    1.2   1.00   5.371e+4  0.93  2.720e+5     No
  7   269.0    272.7   277.0  136.51    12800    5.3   1.00   9.851e+3  0.95  1.604e+5     No
  8   339.0    343.6   348.0  171.99     1862   46.4   1.11   1.662e+3  1.01  2.145e+5     No
  9   483.0    486.5   489.0  243.48    20627    3.6   3.11   2.638e+4  1.09  1.030e+5     No
 10   489.0    493.6   498.0  247.06    15175    3.7   1.00   1.975e+4  1.09  1.312e+5     No
 11   514.0    520.6   524.0  260.54    10591    6.2   1.00   1.469e+4  1.10  1.342e+5    Yes
 12   560.0    565.4   571.0  282.95    20352    4.2   1.97   3.122e+4  1.13  1.578e+5    Yes
 13   606.0    609.3   612.0  304.93     1715   28.4   1.00   2.887e+3  1.15  8.807e+4     No
 14   696.0    698.6   701.0  349.62     2113   17.3   1.00   4.220e+3  1.10  5.116e+4     No
 15   740.0    745.3   751.0  372.98     2374   22.0   1.00   5.142e+3  1.22  7.344e+4     No
 16   783.0    787.4   791.0  394.05     9112    5.4   2.19   2.113e+4  1.24  5.069e+4    Yes
 17   948.0    954.3   958.0  477.54    10029    4.6   2.59   2.949e+4  1.31  4.159e+4    Yes
 18  1000.0   1018.5  1021.0  509.67   341650   54.8 182.67   1.088e+6  3.34  1.290e+6     No
 19  1018.0   1021.2  1026.0  510.98  1537716    8.1 116.59   4.912e+6  3.34  1.703e+6    Yes
 20  1021.0   1026.3  1047.0  513.53   101695    0.7  72.76   3.268e+5  3.34  1.164e+6     No
 21  1088.0   1094.0  1096.0  547.43     6725    8.8   1.00   2.336e+4  1.37  5.097e+4     No
 22  1094.0   1096.1  1103.0  548.46    41811    0.9   1.16   1.455e+5  1.37  6.274e+4    Yes
 23  1172.0   1176.1  1180.0  588.51      698   29.6   1.05   2.646e+3  1.40  1.377e+4     No
 24  1182.0   1190.4  1190.0  595.63    11123    6.2   1.25   4.276e+4  1.41  2.396e+4     No
 25  1190.0   1192.5  1198.0  596.70    60526    1.1   1.00   2.331e+5  1.41  7.996e+4     No
 26  1255.0   1258.2  1260.0  629.57      190   75.3   1.00   7.809e+2  1.30  6.868e+3     No
 27  1267.0   1273.7  1277.0  637.35      931   22.2   1.00   3.879e+3  1.44  1.277e+4     No
 28  1302.0   1310.9  1317.0  655.92     5703    7.7   4.23   2.458e+4  1.46  2.180e+4     No
 29  1356.0   1361.7  1368.0  681.34      550   43.6   1.18   2.481e+3  1.48  1.281e+4     No
 30  1608.0   1617.7  1620.0  809.43     5271    8.1   1.46   2.899e+4  1.57  2.942e+4     No
 31  1617.0   1620.4  1629.0  810.80    30114    0.9   1.44   1.659e+5  1.57  4.081e+4    Yes
 32  1630.0   1632.0  1634.0  816.57      146   61.5   1.00   8.150e+2  1.43  2.898e+3     No
 33  1661.0   1668.6  1675.0  834.91      690   26.4   1.00   3.934e+3  1.59  8.336e+3     No
 34  1675.0   1680.2  1684.0  840.72      161   76.1   1.00   9.272e+2  1.60  5.056e+3     No
 35  1685.0   1692.1  1697.0  846.66     1122   16.4   1.14   6.496e+3  1.60  7.449e+3     No
 36  1746.0   1750.0  1754.0  875.62      304   39.4   1.00   1.829e+3  1.62  4.398e+3     No
 37  1788.0   1791.8  1794.0  896.55      155   63.3   1.00   9.615e+2  1.48  3.297e+3     No
 38  1811.0   1816.1  1822.0  908.68      355   39.4   1.00   2.228e+3  1.65  5.639e+3     No
 39  1929.0   1931.2  1933.0  966.29      108   71.5   1.00   7.275e+2  1.52  2.161e+3     No
 40  2035.0   2038.7  2043.0 1020.04      284   40.4   1.00   2.024e+3  1.72  4.170e+3     No
 41  2191.0   2196.2  2203.0 1098.85      406   35.1   1.00   3.126e+3  1.77  5.524e+3     No
 42  2223.0   2229.9  2233.0 1115.71      588   22.5   1.00   4.599e+3  1.78  5.003e+3     No
 43  2249.0   2254.1  2256.0 1127.80      136   77.0   1.00   1.082e+3  1.62  3.326e+3     No
 44  2335.0   2344.8  2348.0 1173.17      633   22.9   1.00   5.224e+3  1.82  5.200e+3    Yes
 45  2361.0   2369.4  2374.0 1185.52     1233   12.4   1.32   1.028e+4  1.83  5.458e+3     No
 46  2469.0   2475.2  2480.0 1238.44      468   23.1   1.00   4.081e+3  1.86  3.200e+3     No
 47  2578.0   2582.6  2585.0 1292.17      119   62.8   1.00   1.084e+3  1.71  1.565e+3     No
 48  2657.0   2663.9  2668.0 1332.86      140   69.2   1.00   1.318e+3  1.73  2.210e+3    Yes
 49  2678.0   2690.3  2697.0 1346.06     3676    7.7   4.07   3.485e+4  1.92  7.507e+3     No
 50  2742.0   2749.0  2748.0 1375.43     2849    9.0   2.36   2.760e+4  1.93  3.706e+3     No
 51  2748.0   2754.1  2760.0 1377.97    25335    1.3   2.17   2.459e+5  1.93  2.914e+4     No
 52  3006.0   3009.7  3012.0 1505.85       90   65.7   1.00   9.591e+2  1.83  1.016e+3     No
 53  3502.0   3514.8  3521.0 1758.57     1595    9.6   3.50   1.950e+4  2.16  3.100e+3     No
 54  3771.0   3777.0  3781.0 1889.71      125   37.8   1.00   1.630e+3  2.23  6.120e+2     No
 55  3824.0   3833.7  3833.0 1918.11      573   16.1   1.91   7.571e+3  2.03  1.050e+3     No
 56  3833.0   3839.9  3844.0 1921.19     2820    6.0   5.34   3.729e+4  2.03  3.430e+3     No

Line   Nuclide   Isotope   Meta      DPM@ZT       DPM@CT        Atoms@ZT       Error      Accept  Comment
   Energy      DPM@ZT             Fraction   Error   StdDev

  1      BE           7            2.8900E+05    2.8390E+05    3.1990E+10       4.60        u      

   477.54      2.8894E+05            1.00     4.60     0.00
  2      CO          60            2.7580E+03    2.7570E+03    1.1030E+10      68.40        u      

  1173.20      5.2310E+03            0.53    22.90     2.10
  1332.90      1.3191E+03            2.09    69.20    -1.60
  3      KR          85            1.4720E+09    1.4710E+09    1.2010E+16       0.70        u      

   510.98      1.4714E+09            1.00     8.10     0.00
  4      EU         156            2.0350E+06    1.9110E+06    6.4200E+10       0.90        u      

   810.80      2.0344E+06            1.00     0.90     0.00
  1230.70      5.7904E+04          288.57   100.00   -34.10
  5      RA         224            3.1330E+08    2.4120E+08    2.3810E+12       0.90        u      

   548.46      3.1321E+08            1.00     0.90     0.00
  6      PA         231            3.3090E+06    1.9640E+06    8.2270E+16       4.20        u      

    67.44      6.1228E+11            0.00     9.50    10.60
   282.95      3.3084E+06            1.00     4.20     0.00
  7      U         234            1.8920E+08    1.8920E+08    3.5220E+19       1.10        u      

    67.44      3.5005E+13            0.00     9.50    10.60
   122.10      1.8915E+08            1.00     1.10     0.00
   143.88      2.6114E+13            0.00   100.00     1.00
  8      AM         241            1.1160E+04    1.1160E+04    3.6610E+12      26.40        u      

    59.32      1.1155E+04            1.00    26.40     0.00


Page:5                 anlresprint.php, Ver 1.4, 25FEB2011                 Printed:Oct 18 2018 01:53:29
==============================================================================================================
SN:291_001.18 Shot: 1139 Jug: 028 Mass: 558 Ctr:  43 ROT: 291.0018 ZT: 289.5990(2018) CT: 290.9561 CL:    60
NCHAN:4096   Live:    59.8   True:    65.9   Delta: 1.3800   Rate:250103   Gain: 0.50031   Zero: 0.09500
Type:  3  User: 76  Gain:  0  Pos:  7  Shelf:  5   LP Prog/Yr/Seq:0/0/0  Timestamp: 2018-10-18 00:04:02.0
Count acc/rej: default    QAStatus: pending    QA'd by: 00    QA Time:     QA Comm:  
--------------------------------------------------------------------------------------------------------------

Line number        Energy      Efficiency      Uncertainty
        0           59.54      1.0500E-02       0.0000E+00  
        1           88.03      2.0960E-02       0.0000E+00  
        2          122.10      2.3310E-02       0.0000E+00  
        3          165.90      2.0060E-02       0.0000E+00  
        4          391.70      7.5520E-03       0.0000E+00  
        5          661.60      3.9920E-03       0.0000E+00  
        6          898.00      2.8120E-03       0.0000E+00  
        7        1,173.00      2.1090E-03       0.0000E+00  
        8        1,333.00      1.8510E-03       0.0000E+00  
        9        1,836.00      1.3690E-03       0.0000E+00  

Shape Number      Value
       0         4.4870E-01
       1         2.0630E-03
       2        -3.1880E+00
       3         3.1600E-03
       4         1.1610E+00
       5         5.0000E-01
       6         2.0400E-07


End of Printout.               anlresprint.php, Ver 1.4, 25FEB2011              Printed: Oct 18 2018 01:53:29
==============================================================================================================
