
Page: 1                 anlresprint.php, Ver 1.4, 25FEB2011                 Printed: Oct 18 2018 01:53:05
==============================================================================================================
SN:290_107.18 Shot: 1139 Jug: 028 Mass: 365 Ctr:  43 ROT: 290.9061 ZT: 289.5990(2018) CT: 290.8599 CL:    60
NCHAN:4096   Live:    60.0   True:    66.5   Delta: 1.2840   Rate:266128   Gain: 0.50031   Zero: 0.09500
Type:  3  User: 76  Gain:  0  Pos:  5  Shelf:  5   LP Prog/Yr/Seq:0/0/0  Timestamp: 2018-10-17 21:46:01.0
Count acc/rej: default    QAStatus: pending    QA'd by: 00    QA Time:     QA Comm:  
--------------------------------------------------------------------------------------------------------------

==============================================================================================================
Analysis Results:

Analysis Code: raygun  Peaks: 44  Overall QA:    0.00  Library: 9  CD: 71  Timestamp:2018-10-17 21:46:01.0 
Analysis ZT: 289.5990      AnalysisZY: 2018     Original: Yes     Comment: 

Peak    Start    Centroid     End     Energy     NetArea     Error    Gammas/Min    Identified
  1      77.0      81.8      83.0      41.01       21420       1.6    6.9300E+04         No
  2     114.0     115.7     117.0      57.97        1586      16.4    2.7820E+03         No
  3     117.0     118.6     121.0      59.41        2324      13.3    3.9050E+03        Yes
  4     132.0     134.8     136.0      67.53       15276       2.0    2.0460E+04         No
  5     239.0     243.9     247.0     122.13       87566       0.6    6.6020E+04         No
  6     251.0     254.1     257.0     127.22       69246       0.7    5.3260E+04         No
  7     270.0     272.8     275.0     136.57       10991       2.9    8.7520E+03         No
  8     314.0     316.7     319.0     158.53        4390       7.7    3.7610E+03         No
  9     341.0     356.2     362.0     178.30       24191      16.7    2.3000E+04         No
 10     483.0     486.5     490.0     243.50       19720       1.8    2.6720E+04         No
 11     490.0     493.7     497.0     247.10       14324       2.3    1.9740E+04         No
 12     518.0     520.6     524.0     260.57        9393       3.4    1.3750E+04         No
 13     562.0     565.4     568.0     282.96       32804       1.3    5.2730E+04        Yes
 14     607.0     609.7     612.0     305.13        1551      17.4    2.7170E+03         No
 15     672.0     676.5     682.0     338.56        3814      18.3    7.5170E+03         No
 16     697.0     698.3     700.0     349.48       10085      15.5    2.0610E+04         No
 17     743.0     745.5     747.0     373.05        3349       6.7    7.3730E+03         No
 18     784.0     787.4     790.0     394.04        8687       3.0    2.0360E+04         No
 19     950.0     954.2     957.0     477.50        9254       2.6    2.7400E+04        Yes
 20     998.0    1020.9    1044.0     510.87     2142574       0.2    6.8860E+06         No
 21    1091.0    1095.9    1100.0     548.41       45147       0.9    1.5820E+05         No
 22    1170.0    1175.9    1180.0     588.39        1152      14.6    4.3960E+03         No
 23    1186.0    1192.3    1197.0     596.62       67926       0.8    2.6370E+05         No
 24    1269.0    1274.1    1276.0     637.52         827      14.8    3.4810E+03         No
 25    1305.0    1310.9    1316.0     655.96        9798       2.3    4.2680E+04         No
 26    1611.0    1620.2    1625.0     810.72       40279       1.1    2.2380E+05         No
 27    1664.0    1668.1    1672.0     834.64        1524       9.7    8.7540E+03         No
 28    1685.0    1692.2    1699.0     846.71        8850       2.5    5.1700E+04         No
 29    1811.0    1815.8    1819.0     908.58         829      12.7    5.2470E+03        Yes
 30    1857.0    1861.1    1866.0     931.22        1142       8.9    7.4220E+03         No
 31    2068.0    2074.9    2079.0    1038.20        1149      11.6    8.3920E+03         No
 32    2191.0    2197.1    2201.0    1099.30         753      19.6    5.8480E+03         No
 33    2339.0    2345.6    2350.0    1173.63         862      16.1    7.1840E+03        Yes
 34    2362.0    2369.2    2374.0    1185.44        1975       7.3    1.6630E+04         No
 35    2465.0    2475.2    2480.0    1238.45        3900       4.2    3.4350E+04         No
 36    2576.0    2581.1    2585.0    1291.46         301      20.5    2.7670E+03        Yes
 37    2661.0    2662.4    2667.0    1332.13         226      26.1    2.1430E+03        Yes
 38    2679.0    2690.3    2696.0    1346.07        4385       4.1    4.2010E+04         No
 39    2739.0    2753.6    2761.0    1377.77       26569       1.5    2.6020E+05         No
 40    2810.0    2815.6    2819.0    1408.75         432      20.2    4.3240E+03         No
 41    3504.0    3513.5    3520.0    1757.94        1538       7.6    1.8950E+04         No
 42    3534.0    3541.1    3546.0    1771.72         525      13.8    6.5180E+03         No
 43    3826.0    3838.0    3845.0    1920.28        3281       4.7    4.3930E+04         No
 44    3999.0    4002.8    4005.0    2002.74         141      21.8    1.9690E+03        Yes

Line   Nuclide   Isotope   Meta      DPM@ZT       DPM@CT        Atoms@ZT       Error      Accept  Comment
   Energy      DPM@ZT             Fraction   Error   StdDev

  1      BE           7            2.6810E+05    2.6370E+05    2.9680E+10       2.90        u      

   478.00      2.6810E+05            1.00     2.70     0.00
  2      CO          60            3.0940E+03    3.0930E+03    1.2370E+10      16.30        u      

  1174.00      7.1950E+03            1.00    16.10     0.00
  1332.00      2.1450E+03            1.00    26.10     0.00
  3      SR          89            5.6210E+07    5.5230E+07    5.9020E+12      12.70        u      

   909.00      5.6210E+07            1.00    12.70     0.00
  4      CD         115       M    3.1720E+05    3.1090E+05    2.9380E+10      20.50        u      

  1291.00      3.1720E+05            1.00    20.50     0.00
  5      SN         125            2.3170E+04    2.1120E+04    4.6390E+08      39.50        u      

  2003.00      1.2060E+05            1.00    21.70     0.00
  1067.00      9.7520E+03           -1.00     0.00     0.00
  6      PA         231            5.8480E+06    3.3170E+06    1.4540E+17       1.80        u      

   283.00      5.8480E+06            1.00     1.60     0.00
  7      TH         232            1.4560E+06    1.4560E+06    1.5520E+22      18.80        u      

    59.00      1.4560E+06            0.71    13.20     0.00
  8      AM         241            7.7490E+03    7.7490E+03    2.5430E+12      18.80        u      

    59.00      7.7490E+03            0.71    13.20     0.00


Page:2                 anlresprint.php, Ver 1.4, 25FEB2011                 Printed:Oct 18 2018 01:53:06
==============================================================================================================
SN:290_107.18 Shot: 1139 Jug: 028 Mass: 365 Ctr:  43 ROT: 290.9061 ZT: 289.5990(2018) CT: 290.8599 CL:    60
NCHAN:4096   Live:    60.0   True:    66.5   Delta: 1.2840   Rate:266128   Gain: 0.50031   Zero: 0.09500
Type:  3  User: 76  Gain:  0  Pos:  5  Shelf:  5   LP Prog/Yr/Seq:0/0/0  Timestamp: 2018-10-17 21:46:01.0
Count acc/rej: default    QAStatus: pending    QA'd by: 00    QA Time:     QA Comm:  
--------------------------------------------------------------------------------------------------------------

==============================================================================================================
Analysis Results:

Analysis Code: specanl  Peaks: 47  Overall QA:    0.00  Library: 9  CD: 71  Timestamp:2018-10-17 21:46:01.0 
Analysis ZT: 289.5990      AnalysisZY: 2018     Original: Yes     Comment: 

Peak   Centroid    Energy     NetArea     Error     QFit    Gammas/Min      FWHM    Identified
  1      81.64      40.94       26110       1.4     16.8    8.4708E+04      0.89        No
  2     117.59      58.93        4607      16.5      5.2    7.8528E+03      2.70       Yes
  3     134.69      67.48       17663       1.8      1.5    2.3688E+04      0.88       Yes
  4     243.89     122.11       87823       0.5      1.6    6.6206E+04      0.93       Yes
  5     254.15     127.25       69282       0.5      1.0    5.3293E+04      0.93        No
  6     272.70     136.53       10904       2.7      1.0    8.6821E+03      0.91        No
  7     316.55     158.47        4847       7.3      1.2    4.1511E+03      1.12        No
  8     345.73     173.07       25639       8.2      2.2    2.3565E+04      5.39        No
  9     486.46     243.48       20272       1.5      1.7    2.7468E+04      1.15        No
 10     493.62     247.06       14853       2.2      1.4    2.0463E+04      1.15        No
 11     520.54     260.52       10300       3.2      2.0    1.5072E+04      1.13        No
 12     565.38     282.96       32941       1.0      2.5    5.2953E+04      1.16        No
 13     609.49     305.03        2054      16.2      1.0    3.5963E+03      1.18        No
 14     673.52     337.06       17900       9.4      1.9    3.5108E+04      6.76        No
 15     698.68     349.65        1377      16.1      1.0    2.8167E+03      1.10        No
 16     745.41     373.03        3788       5.6      1.0    8.3374E+03      1.20        No
 17     787.37     394.02        9219       2.6      1.2    2.1605E+04      1.35        No
 18     954.22     477.50        9835       2.3      1.3    2.9117E+04      1.44       Yes
 19    1020.77     510.80     2151805       0.2   1725.8    6.9148E+06      3.24        No
 20    1057.66     529.25         399      31.7      1.0    1.3401E+03      1.13       Yes
 21    1095.82     548.34       45080       0.9     35.9    1.5792E+05      1.58        No
 22    1175.95     588.43        1277      12.8      1.0    4.8730E+03      1.66        No
 23    1192.15     596.54       69997       0.6     73.8    2.7166E+05      1.66        No
 24    1273.74     637.36        1024      14.8      1.2    4.3088E+03      1.73       Yes
 25    1310.80     655.90       10013       2.2      3.9    4.3613E+04      1.72        No
 26    1620.06     810.63       40492       1.0     41.4    2.2500E+05      1.93        No
 27    1667.96     834.59        1664       9.4      1.0    9.5603E+03      2.58        No
 28    1692.06     846.65        8896       2.3      3.9    5.1961E+04      1.90        No
 29    1815.27     908.29         989      13.4      1.0    6.2576E+03      2.40        No
 30    1861.17     931.26        1094       9.9      2.1    7.1064E+03      1.78        No
 31    2074.25    1037.87        1118      11.8      1.0    8.1618E+03      2.43        No
 32    2116.39    1058.95         111      40.1      1.2    8.2894E+02      1.66        No
 33    2157.63    1079.58          95      55.6   8853.4    7.2386E+02      1.67        No
 34    2196.84    1099.20         568      20.5      1.0    4.4135E+03      2.39        No
 35    2229.54    1115.56         406      19.9      1.0    3.2068E+03      1.69       Yes
 36    2344.80    1173.22         962      15.9      1.0    8.0153E+03      3.24        No
 37    2368.95    1185.30        2141       7.0      1.9    1.8030E+04      2.45        No
 38    2474.89    1238.31        4020       4.1      5.1    3.5402E+04      2.28        No
 39    2571.73    1286.76          70      56.4    111.5    6.4327E+02      1.79        No
 40    2663.21    1332.53         221      28.3      1.0    2.1004E+03      1.53        No
 41    2690.08    1345.97        4422       3.9      2.7    4.2365E+04      2.17        No
 42    2753.58    1377.74       26806       1.5     18.1    2.6250E+05      2.20        No
 43    2815.70    1408.82         404      22.4      1.0    4.0391E+03      2.50        No
 44    3513.74    1758.05        1479       7.5     62.9    1.8229E+04      2.05        No
 45    3540.94    1771.66         471      15.4      7.2    5.8470E+03      2.05        No
 46    3837.80    1920.19        3334       4.6    668.3    4.4641E+04      2.13        No
 47    4068.52    2035.62         242      28.2      3.2    3.4234E+03      2.18        No

Line   Nuclide   Isotope   Meta      DPM@ZT       DPM@CT        Atoms@ZT       Error      Accept  Comment
   Energy      DPM@ZT             Fraction   Error   StdDev

  1      BE           7            2.8500E+05    2.8020E+05    3.1550E+10       2.40        u      

   477.50      2.8500E+05            1.00     2.40     0.00
  2      I         131            6.6210E+04    5.9270E+04    1.1060E+09      14.80        u      

   637.36      6.6210E+04            1.00    14.80     0.00
  3      I         133            4.3510E+03    1.5580E+03    7.8340E+06      31.70        u      

   529.25      4.3510E+03            1.00    31.70     0.00
  4      TB         160            2.1220E+05    2.0960E+05    3.1870E+10      19.90        u      

  1115.56      2.1220E+05            1.00    19.90     0.00
  5      AC         227            1.1980E+08    1.1980E+08    1.9790E+15       0.70        u      

   122.11      5.5640E+06            1.00     0.70     0.00
  6      TH         232            4.1330E+06    4.1330E+06    4.4070E+22      16.50        u      

    58.93      4.1330E+06            1.00    16.50     0.00
  7      U         234            6.3000E+06    6.3000E+06    1.1730E+18       1.80        u      

    67.48      6.3000E+06            1.00     1.80     0.00


Page:3                 anlresprint.php, Ver 1.4, 25FEB2011                 Printed:Oct 18 2018 01:53:06
==============================================================================================================
SN:290_107.18 Shot: 1139 Jug: 028 Mass: 365 Ctr:  43 ROT: 290.9061 ZT: 289.5990(2018) CT: 290.8599 CL:    60
NCHAN:4096   Live:    60.0   True:    66.5   Delta: 1.2840   Rate:266128   Gain: 0.50031   Zero: 0.09500
Type:  3  User: 76  Gain:  0  Pos:  5  Shelf:  5   LP Prog/Yr/Seq:0/0/0  Timestamp: 2018-10-17 21:46:01.0
Count acc/rej: default    QAStatus: pending    QA'd by: 00    QA Time:     QA Comm:  
--------------------------------------------------------------------------------------------------------------

==============================================================================================================
Analysis Results:

Analysis Code: unisampo  Peaks: 43  Overall QA:    0.00  Library: 9  CD: 71  Timestamp:2018-10-17 21:46:03.0 
Analysis ZT: 289.5990      AnalysisZY: 2018     Original: Yes     Comment: 

Peak  Start Centroid     End  Energy  NetArea  Error   Qfit Gammas/Min  FWHM  Integral Identified
  1    31.0     42.1    51.0   21.15    43705    0.5 11141.80   1.201e+6  0.66  4.419e+4     No
  2    69.0     81.8    94.0   41.02    18349    1.4  24.39   8.127e+4  0.70  6.420e+4     No
  3   123.0    134.8   147.0   67.52    14219    1.7   5.96   1.659e+4  0.75  5.661e+4    Yes
  4   229.0    243.9   252.0  122.10    82297    0.5  29.78   5.885e+4  0.84  1.341e+5     No
  5   246.0    254.2   267.0  127.27    64744    0.6  24.43   4.668e+4  0.85  1.163e+5     No
  6   260.0    272.7   285.0  136.53    10290    2.4   0.99   7.595e+3  0.86  6.167e+4     No
  7   300.0    316.6   323.0  158.49     3655    6.9   1.41   2.935e+3  0.89  5.772e+4     No
  8   470.0    486.5   507.0  243.48    18512    1.4   3.52   2.271e+4  1.01  6.161e+4     No
  9   470.0    493.6   507.0  247.06    13279    1.8   3.52   1.657e+4  1.02  5.602e+4     No
 10   506.0    520.5   535.0  260.53     8701    2.7   1.14   1.157e+4  1.03  5.104e+4     No
 11   546.0    565.5   580.0  283.00    31252    0.9   6.03   4.599e+4  1.06  7.545e+4     No
 12   593.0    609.5   622.0  305.06     1519   15.1   0.82   2.453e+3  1.09  5.036e+4     No
 13   689.0    698.6   718.0  349.60     1698   11.7   1.51   3.251e+3  1.14  3.595e+4    Yes
 14   732.0    745.4   767.0  373.03     3730    4.7   0.55   7.746e+3  1.17  2.900e+4     No
 15   771.0    787.4   811.0  394.04     8425    2.0   1.32   1.873e+4  1.19  2.804e+4     No
 16   937.0    954.2   963.0  477.50     8837    1.8   1.84   2.492e+4  1.28  2.236e+4    Yes
 17  1002.0   1020.9  1037.0  510.88  1994073    0.1 1942.72   6.107e+6  2.68  2.047e+6     No
 18  1077.0   1096.0  1119.0  548.42    42727    0.6  24.88   1.426e+5  1.35  5.211e+4     No
 19  1156.0   1175.8  1186.0  588.37      997   10.1   2.11   3.622e+3  1.39  8.755e+3     No
 20  1180.0   1192.2  1219.0  596.58    64753    0.4  38.32   2.391e+5  1.40  7.275e+4     No
 21  1254.0   1274.1  1295.0  637.52      946    9.2   1.02   3.780e+3  1.44  6.880e+3     No
 22  1291.0   1310.9  1331.0  655.96     9232    1.4   3.34   3.816e+4  1.45  1.475e+4     No
 23  1601.0   1620.3  1642.0  810.74    37880    0.6  33.13   2.001e+5  1.59  4.143e+4     No
 24  1648.0   1668.0  1688.0  834.61     1149    6.1   3.33   6.274e+3  1.61  4.345e+3     No
 25  1671.0   1692.2  1712.0  846.71     8317    1.4   3.96   4.615e+4  1.62  1.140e+4     No
 26  1794.0   1815.5  1834.0  908.39      697    9.0   1.51   4.186e+3  1.67  3.383e+3     No
 27  1839.0   1861.2  1881.0  931.28      953    6.8   1.18   5.878e+3  1.69  3.591e+3     No
 28  2064.0   2074.5  2095.0 1038.00      910    7.3   1.30   6.317e+3  1.77  3.341e+3     No
 29  2172.0   2196.8  2217.0 1099.18      601   10.1   1.33   4.438e+3  1.81  3.160e+3     No
 30  2209.0   2229.7  2250.0 1115.64      339   17.6   1.26   2.544e+3  1.83  2.915e+3     No
 31  2320.0   2344.9  2365.0 1173.25      656    8.8   2.52   5.189e+3  1.87  2.790e+3    Yes
 32  2349.0   2369.2  2393.0 1185.45     1738    3.8   1.96   1.389e+4  1.88  3.670e+3     No
 33  2447.0   2475.0  2498.0 1238.38     3539    2.2   2.37   2.958e+4  1.92  5.150e+3     No
 34  2557.0   2581.2  2607.0 1291.51      332   13.2   0.98   2.893e+3  1.95  1.561e+3     No
 35  2660.0   2662.8  2715.0 1332.34      201   24.6   2.44   1.809e+3  1.98  1.473e+3    Yes
 36  2660.0   2689.9  2715.0 1345.90     3999    1.9   2.44   3.636e+4  1.99  5.241e+3     No
 37  2698.0   2719.2  2739.0 1360.54      194   21.9   0.98   1.785e+3  2.00  1.404e+3     No
 38  2733.0   2753.6  2765.0 1377.73    24871    0.7  33.47   2.314e+5  2.01  2.633e+4     No
 39  2793.0   2815.4  2839.0 1408.65      375   11.3   0.71   3.571e+3  2.03  1.438e+3     No
 40  3484.0   3513.7  3539.0 1758.02     1430    3.4   2.36   1.675e+4  2.25  2.028e+3     No
 41  3517.0   3541.3  3571.0 1771.83      510    7.2   1.77   6.013e+3  2.26  1.062e+3     No
 42  3803.0   3837.8  3866.0 1920.19     3075    2.0   2.80   3.897e+4  2.35  3.415e+3     No
 43  4042.0   4068.0  4094.0 2035.36      243   10.6   0.97   3.244e+3  2.41  4.530e+2     No

Line   Nuclide   Isotope   Meta      DPM@ZT       DPM@CT        Atoms@ZT       Error      Accept  Comment
   Energy      DPM@ZT             Fraction   Error   StdDev

  1      BE           7            2.4390E+05    2.3990E+05    2.7000E+10       1.94        u      

   477.50      2.4390E+05          100.00     1.94   100.00
  2      CO          60            3.4560E+03    3.4550E+03    1.3820E+10       9.24        u      

  1173.25      5.1970E+03           66.50     8.81   100.00
  1332.34      1.8100E+03          190.97    24.60   100.00
  3      BI         211            0.0000E+00    3.9470E+10    0.0000E+00      11.73        u      

   349.60      0.0000E+00          100.00    11.73   100.00
  4      TH         230            4.4130E+06    4.4130E+06    8.2180E+17       1.97        u      

    67.52      4.4130E+06          100.00     1.97   100.00


Page:4                 anlresprint.php, Ver 1.4, 25FEB2011                 Printed:Oct 18 2018 01:53:06
==============================================================================================================
SN:290_107.18 Shot: 1139 Jug: 028 Mass: 365 Ctr:  43 ROT: 290.9061 ZT: 289.5990(2018) CT: 290.8599 CL:    60
NCHAN:4096   Live:    60.0   True:    66.5   Delta: 1.2840   Rate:266128   Gain: 0.50031   Zero: 0.09500
Type:  3  User: 76  Gain:  0  Pos:  5  Shelf:  5   LP Prog/Yr/Seq:0/0/0  Timestamp: 2018-10-17 21:46:01.0
Count acc/rej: default    QAStatus: pending    QA'd by: 00    QA Time:     QA Comm:  
--------------------------------------------------------------------------------------------------------------

==============================================================================================================
Analysis Results:

Analysis Code: gamanal  Peaks: 62  Overall QA:    0.00  Library: 9  CD: 71  Timestamp:2018-10-17 21:46:05.0 
Analysis ZT: 289.5990      AnalysisZY: 2018     Original: Yes     Comment: 

Peak  Start Centroid     End  Energy  NetArea  Error   Qfit Gammas/Min  FWHM  Integral Identified
  1    40.0     42.2    44.0   21.19    26734    9.1  34.74   7.500e+5  0.82  8.461e+4     No
  2    42.0     44.1    51.0   22.16    11574   16.5  18.37   2.870e+5  0.82  2.367e+5     No
  3    75.0     81.7    84.0   40.95    21337    5.9   4.64   9.750e+4  0.82  2.181e+5     No
  4   128.0    134.7   142.0   67.49    16442    8.1   1.00   1.972e+4  0.88  2.650e+5     No
  5   237.0    243.9   250.0  122.11    88647    1.4   1.00   6.508e+4  0.93  3.376e+5    Yes
  6   250.0    254.1   258.0  127.24    69597    1.1   1.00   5.151e+4  0.93  2.279e+5     No
  7   269.0    272.7   276.0  136.53    10851    5.8   1.00   8.223e+3  0.91  1.512e+5     No
  8   313.0    316.6   320.0  158.49     4382   14.8   1.00   3.613e+3  0.99  1.462e+5     No
  9   482.0    486.5   489.0  243.48    19467    3.4   1.82   2.452e+4  1.09  1.203e+5     No
 10   489.0    493.6   498.0  247.06    14329    4.1   1.00   1.836e+4  1.09  1.375e+5     No
 11   516.0    520.5   525.0  260.52     9349    7.2   1.00   1.276e+4  1.10  1.298e+5    Yes
 12   536.0    538.7   541.0  269.60      936   47.2   1.00   1.334e+3  1.08  7.275e+4     No
 13   560.0    565.4   569.0  282.96    32695    2.5   2.40   4.938e+4  1.13  1.550e+5    Yes
 14   606.0    609.5   616.0  305.01     1712   40.2   1.00   2.839e+3  1.15  1.474e+5     No
 15   695.0    698.5   701.0  349.57     1853   22.8   1.00   3.643e+3  1.19  6.376e+4     No
 16   742.0    745.4   748.0  373.02     3783    9.6   1.00   8.065e+3  1.16  4.829e+4     No
 17   783.0    787.4   791.0  394.02     8612    4.6   1.00   1.966e+4  1.24  5.255e+4    Yes
 18   949.0    954.2   958.0  477.50     8943    4.0   1.14   2.589e+4  1.31  4.010e+4    Yes
 19  1001.0   1018.9  1021.0  509.87   420577   63.1 166.44   1.319e+6  3.36  1.383e+6     No
 20  1018.0   1021.2  1026.0  510.98  1598903   11.6 116.75   5.029e+6  3.36  1.831e+6    Yes
 21  1021.0   1026.3  1053.0  513.56   106848    0.7  77.46   3.381e+5  3.36  1.268e+6     No
 22  1055.0   1057.6  1060.0  529.22      536   40.0   1.00   1.761e+3  1.23  1.632e+4    Yes
 23  1090.0   1094.0  1096.0  547.43     7204    8.2   1.22   2.463e+4  1.35  4.655e+4     No
 24  1094.0   1096.1  1101.0  548.46    38395    0.9   1.00   1.316e+5  1.35  5.766e+4    Yes
 25  1169.0   1175.9  1183.0  588.40     1326   29.8   1.25   4.945e+3  1.40  2.560e+4     No
 26  1183.0   1190.2  1190.0  595.57    10306    5.9   1.00   3.900e+4  1.41  2.365e+4     No
 27  1190.0   1192.4  1200.0  596.67    58560    1.1   1.00   2.221e+5  1.41  8.183e+4     No
 28  1267.0   1273.8  1277.0  637.38      861   25.5   1.00   3.535e+3  1.44  1.450e+4     No
 29  1303.0   1309.1  1311.0  655.03     1828   24.2   1.00   7.747e+3  1.46  1.694e+4     No
 30  1309.0   1311.1  1318.0  656.05     8207    5.5   1.00   3.483e+4  1.46  1.978e+4     No
 31  1359.0   1363.5  1366.0  682.27      413   38.1   1.00   1.838e+3  1.34  8.741e+3     No
 32  1494.0   1498.2  1501.0  749.67      291   46.6   1.00   1.447e+3  1.53  5.793e+3     No
 33  1610.0   1617.8  1620.0  809.50     6723    8.0   2.17   3.640e+4  1.57  3.213e+4     No
 34  1617.0   1620.5  1626.0  810.81    33445    0.9   1.80   1.814e+5  1.57  4.440e+4    Yes
 35  1663.0   1668.1  1673.0  834.64     1253   15.9   1.62   7.023e+3  1.59  7.663e+3     No
 36  1684.0   1690.1  1692.0  845.67     1484   23.9   1.00   8.447e+3  1.60  1.062e+4     No
 37  1690.0   1692.4  1697.0  846.81     7295    5.0   1.00   4.156e+4  1.60  1.225e+4     No
 38  1724.0   1727.4  1730.0  864.32      237   45.3   1.00   1.384e+3  1.61  3.794e+3     No
 39  1745.0   1750.0  1755.0  875.64      283   48.3   1.00   1.676e+3  1.62  5.748e+3     No
 40  1788.0   1793.2  1797.0  897.26      314   41.1   1.00   1.909e+3  1.64  5.101e+3     No
 41  1809.0   1815.4  1820.0  908.36      784   19.5   1.00   4.835e+3  1.64  6.393e+3    Yes
 42  1855.0   1861.2  1865.0  931.23      919   15.8   1.11   5.827e+3  1.66  6.027e+3     No
 43  2066.0   2074.5  2080.0 1037.96      974   17.8   1.02   6.945e+3  1.73  7.003e+3     No
 44  2193.0   2197.1  2203.0 1099.30      547   24.6   1.00   4.154e+3  1.77  5.234e+3     No
 45  2224.0   2229.6  2233.0 1115.58      348   36.3   1.00   2.683e+3  1.78  4.478e+3     No
 46  2313.0   2316.7  2319.0 1159.15      135   72.4   1.00   1.084e+3  1.64  2.781e+3     No
 47  2337.0   2345.1  2351.0 1173.32      735   21.9   1.00   5.967e+3  1.82  5.785e+3    Yes
 48  2360.0   2369.2  2376.0 1185.43     1897   11.2   1.85   1.557e+4  1.83  7.018e+3     No
 49  2464.0   2475.1  2481.0 1238.39     3595    7.2   3.60   3.085e+4  1.86  8.341e+3     No
 50  2575.0   2581.5  2588.0 1291.62      298   37.7   1.00   2.676e+3  1.89  2.960e+3     No
 51  2656.0   2663.4  2668.0 1332.59      270   38.4   1.00   2.497e+3  1.73  2.568e+3    Yes
 52  2678.0   2690.3  2697.0 1346.04     4140    5.7   2.50   3.865e+4  1.92  7.961e+3     No
 53  2716.0   2719.6  2724.0 1360.71      173   46.0   1.00   1.639e+3  1.75  1.750e+3     No
 54  2737.0   2749.0  2748.0 1375.40     2426   11.9   2.62   2.314e+4  1.92  4.573e+3     No
 55  2748.0   2754.0  2762.0 1377.91    24239    1.3   1.59   2.316e+5  1.92  2.808e+4     No
 56  2811.0   2816.0  2820.0 1408.94      367   22.1   1.00   3.584e+3  1.96  1.921e+3     No
 57  3503.0   3514.7  3519.0 1758.48     1453    7.9   2.33   1.749e+4  2.16  2.827e+3     No
 58  3532.0   3542.6  3552.0 1772.45      544   18.0   1.00   6.593e+3  2.16  2.063e+3     No
 59  3769.0   3776.4  3783.0 1889.41      137   42.8   1.00   1.757e+3  2.23  8.300e+2     No
 60  3824.0   3833.8  3833.0 1918.13      486   21.2   2.29   6.327e+3  2.03  1.023e+3     No
 61  3833.0   3839.8  3847.0 1921.12     2779    6.0   4.59   3.618e+4  2.03  3.480e+3     No
 62  4061.0   4069.8  4073.0 2036.21      206   21.0   1.00   2.824e+3  2.30  5.740e+2     No

Line   Nuclide   Isotope   Meta      DPM@ZT       DPM@CT        Atoms@ZT       Error      Accept  Comment
   Energy      DPM@ZT             Fraction   Error   StdDev

  1      BE           7            2.5340E+05    2.4920E+05    2.8050E+10       4.00        u      

   477.50      2.5333E+05            1.00     4.00     0.00
  2      CO          60            3.7130E+03    3.7110E+03    1.4850E+10      44.60        u      

  1173.30      5.9743E+03            0.62    21.90     1.70
  1332.60      2.4979E+03            1.49    38.40    -1.30
  3      KR          85            1.5550E+09    1.5550E+09    1.2690E+16       0.70        u      

   510.98      1.5549E+09            1.00    11.60     0.00
  4      SR          89            5.1800E+07    5.0900E+07    5.4390E+12      19.50        u      

   908.36      5.1790E+07            1.00    19.50     0.00
  5      I         133            5.7170E+03    2.0470E+03    1.0290E+07      40.00        u      

   529.22      5.7153E+03            1.00    40.00     0.00
  6      EU         156            2.2640E+06    2.1350E+06    7.1430E+10       0.90        u      

   810.81      2.2637E+06            1.00     0.90     0.00
  1230.70      6.4735E+04          317.74   100.00   -34.00
  7      RA         224            2.8450E+08    2.2310E+08    2.1630E+12       0.90        u      

   548.46      2.8448E+08            1.00     0.90     0.00
  8      PA         231            5.4760E+06    3.1060E+06    1.3620E+17       2.50        u      

   282.96      5.4751E+06            1.00     2.50     0.00


Page:5                 anlresprint.php, Ver 1.4, 25FEB2011                 Printed:Oct 18 2018 01:53:06
==============================================================================================================
SN:290_107.18 Shot: 1139 Jug: 028 Mass: 365 Ctr:  43 ROT: 290.9061 ZT: 289.5990(2018) CT: 290.8599 CL:    60
NCHAN:4096   Live:    60.0   True:    66.5   Delta: 1.2840   Rate:266128   Gain: 0.50031   Zero: 0.09500
Type:  3  User: 76  Gain:  0  Pos:  5  Shelf:  5   LP Prog/Yr/Seq:0/0/0  Timestamp: 2018-10-17 21:46:01.0
Count acc/rej: default    QAStatus: pending    QA'd by: 00    QA Time:     QA Comm:  
--------------------------------------------------------------------------------------------------------------

Line number        Energy      Efficiency      Uncertainty
        0           59.54      1.0500E-02       0.0000E+00  
        1           88.03      2.0960E-02       0.0000E+00  
        2          122.10      2.3310E-02       0.0000E+00  
        3          165.90      2.0060E-02       0.0000E+00  
        4          391.70      7.5520E-03       0.0000E+00  
        5          661.60      3.9920E-03       0.0000E+00  
        6          898.00      2.8120E-03       0.0000E+00  
        7        1,173.00      2.1090E-03       0.0000E+00  
        8        1,333.00      1.8510E-03       0.0000E+00  
        9        1,836.00      1.3690E-03       0.0000E+00  

Shape Number      Value
       0         4.4870E-01
       1         2.0630E-03
       2        -3.1880E+00
       3         3.1600E-03
       4         1.1610E+00
       5         5.0000E-01
       6         2.0400E-07


End of Printout.               anlresprint.php, Ver 1.4, 25FEB2011              Printed: Oct 18 2018 01:53:06
==============================================================================================================
